0 0 0 0
0 0 0 0
0 0 0 0
0 0 0 0

39226228736 35417030656 32663199744 40172191744
41823526912 42970251264 38807191552 38121345024
44411559936 45621985280 43527618560 46087725056
40661082112 41249181696 44150878208 48852582400

0 0 0 0
0 0 0 0
0 0 0 0
0 0 0 0

0 0 0 0
0 0 0 0
0 0 0 0
0 0 0 0

10925324288 2226182656 5432573440 3794880512
18014019584 6236139520 1232079360 4302012928
12237916160 8587874304 6520324608 8093231104
4346329600 4086573056 3841977344 1075298304

60672303104 59994333184 62342717440 58660429824
59523694592 63691956224 60559233024 51675996160
66573959168 64026267648 57308856320 55687184384
61006176256 58409267200 60915183616 64418316288

53505069056 55712497664 56324296704 55840796672
51408285696 53562920960 58304856064 61192142848
56001445888 50665766912 55491301376 55005429760
60622651392 55000215552 54199451648 55508787200

112931176448 110155694080 109046398976 112953171968
118139289600 108121243648 104110825472 109862559744
118285434880 107080327168 100335575040 104076296192
116157104128 114644279296 112593002496 110222475264

61272526848 63748046848 66529464320 59233501184
63152943104 65623093248 70945275904 59802587136
57615712256 62486716416 60500008960 56421203968
58754215936 62402732032 61088030720 60095827968

62240153600 67267264512 64130375680 60121620480
58748837888 59114557440 62227275776 57211904000
50071412736 52894146560 56745246720 53254643712
53840584704 56768274432 59850100736 59109158912

73917300736 78366662656 75544920064 70619791360
73801269248 79294234624 82561073152 78465368064
68507758592 73502277632 77936754688 73267249152
73052381184 78932213760 80058818560 74469130240

0 0 0 0
0 0 0 0
0 0 0 0
0 0 0 0

8098578432 5359714304 11585309696 12023781376
11623198720 7109821440 15028217856 11211282432
4256433664 6671643648 13110787072 10464430080
7487346176 4913879040 10876924928 9283205120

0 0 0 0
0 0 0 0
0 0 1742062592 0
0 0 0 0

0 0 0 0
0 0 0 0
0 0 0 0
0 0 0 0

0 0 2929250304 3071447040
931621888 0 0 1123876864
0 0 0 9378514944
0 1817380864 3199065088 7358599168

0 0 0 0
0 0 0 0
0 0 0 0
0 0 0 0

0 0 0 0
0 0 0 0
0 0 0 0
0 0 0 0

27787624448 26063491072 24799584256 16704229376
24754229248 22269370368 26837557248 20134375424
21126967296 21487108096 22693904384 22195138560
19997777920 22306979840 22621061120 24539459584

0 0 0 0
0 0 0 0
0 0 0 0
0 0 0 0

0 0 0 0
0 0 0 0
0 0 0 0
0 0 0 0

29913323520 23015929856 25736888320 26410467328
31342804992 26800283648 29154902016 28439924736
31370362880 29676115968 23996409856 22912479232
30961496064 28261230592 24218701824 21992464384

0 0 0 0
0 0 0 0
0 0 0 0
0 0 0 0

0 0 0 0
0 0 0 0
0 0 0 0
0 0 0 0

0 0 0 0
0 0 0 0
0 0 0 0
0 0 0 0

35435245568 33263925248 37548875776 34319808512
30896865280 33859084288 34487603200 31424700416
28639793152 34421932032 33829539840 28981202944
33828337664 34529251328 33416396800 33824344064

62217900032 63948869632 65411387392 60167454720
67531902976 69472870400 68602044416 61778092032
65645031424 68911677440 68772167680 69404786688
68182142976 62929911808 67631951872 67917922304

0 0 0 0
0 0 0 0
0 0 0 0
0 0 0 0

0 0 0 0
0 0 0 0
0 0 0 0
0 0 0 0

0 0 0 0
0 0 0 0
0 0 0 0
0 0 0 0

0 0 0 0
0 0 0 0
0 0 0 0
0 0 0 0

37944995840 41613901824 38522175488 40541429760
38741450752 42296238080 45309419520 40830754816
37848571904 37901025280 43360886784 48413327360
40133869568 33352173568 35719229440 48955310080

0 0 0 0
0 0 0 0
0 0 0 0
0 0 0 0

0 0 0 0
0 0 0 0
0 0 0 0
0 0 0 0

0 0 0 0
0 0 0 0
0 0 0 0
0 0 0 0

0 0 0 0
0 0 0 0
0 0 0 0
0 0 0 0

50759233536 52000301056 53623402496 49181224960
53517213696 50463346688 45051805696 46932865024
52184387584 51259592704 41082593280 48524632064
53028872192 51198947328 50379825152 53385527296

0 0 0 0
0 0 0 0
1001803776 0 0 0
0 0 0 0

177890623488 173454491648 174457421824 177853988864
174564442112 175859957760 176706600960 180159791104
176722837504 179421593600 175776497664 172867977216
177330536448 180148043776 173515898880 166966214656

35229356032 37186609152 40654290944 38377922560
34241083392 36405030912 40671854592 39155875840
39687815168 39448915968 39468187648 41022083072
40147185664 38399524864 33374343168 37271322624

0 0 0 0
0 0 0 0
0 0 0 0
0 0 0 0

0 0 0 0
0 0 0 0
0 0 0 0
0 0 0 0

65923731456 58866737152 63898009600 71656996864
65208074240 59620429824 69537529856 72114159616
68433371136 67978612736 78808727552 75042856960
68588929024 70388056064 74879483904 71681556480

0 0 0 0
0 0 0 0
0 0 0 0
0 0 0 0

97690288128 91156021248 86289891328 86825656320
90573242368 89661685760 87318577152 92707971072
91347058688 88000528384 91517018112 94877786112
92144320512 94167531520 89118195712 87992549376

69466488832 69810880512 71013318656 74805526528
74564198400 71635042304 65321127936 70692896768
71451566080 74593984512 70870515712 73164423168
71906566144 72224030720 67628404736 68841472000

52913217536 50424594432 49039331328 53877915648
57025957888 51229360128 50491875328 51190308864
61399220224 54851928064 50309132288 55031091200
55414202368 50266288128 47211302912 51662565376

133360369664 134256852992 126411079680 127149711360
133603778560 135552802816 127882715136 125246611456
124330483712 126776147968 126904524800 125108658176
122148356096 128465575936 130860670976 130046328832

0 0 0 0
0 0 0 0
0 0 0 0
0 0 0 0

60700725248 58443554816 60190101504 54017572864
58680504320 57356939264 55217782784 48429830144
51369590784 56912056320 59634970624 53443239936
57134391296 57145307136 59661123584 62583758848

0 0 0 0
0 0 0 0
0 0 0 0
0 0 0 0

99388096512 96212959232 94415020032 93040623616
97252581376 98904014848 97188626432 100298252288
100715642880 99418316800 100818190336 99643686912
102050308096 94260551680 95614484480 92341755904

71696613376 62488584192 58343088128 62128168960
72247918592 65765437440 61042499584 64761835520
60988538880 60650356736 63089389568 67748892672
68135108608 64109481984 61699043328 64819855360

0 0 0 0
0 0 0 0
0 0 0 0
0 0 0 0

0 0 0 0
0 0 0 0
0 0 0 0
0 0 0 0

62291304448 56404516864 55052795904 55785238528
62101340160 59624054784 52248178688 57386000384
54678495232 54619635712 60562444288 60516106240
57308700672 61430939648 65292959744 63300902912

73322037248 69697896448 72489074688 76654870528
72018165760 73351241728 74808614912 74231504896
73439027200 77617750016 78808137728 77254819840
79991005184 77018955776 77939720192 81557766144

12279484416 9333239808 10136369152 12242463744
11217180672 6301882368 5580254208 6849693696
10720178176 10247591936 10992077824 9374612480
8723156992 7168481280 5287753728 8288901120

116174348288 118238298112 113736597504 117673820160
116513112064 111919693824 112357490688 111586304000
115678797824 112099385344 115405242368 108023873536
115838869504 114887352320 115403857920 113564155904

4639066624 4195269120 8454912512 10971447296
5750173184 3278159872 6855970304 7886034432
5490123264 3627380224 9786595328 6512114688
6751119872 7618676224 13519122432 5579395584

0 0 0 0
0 0 0 0
0 0 0 0
0 0 0 0

0 0 0 0
0 0 0 0
0 0 0 0
0 0 0 0

0 0 0 0
0 0 0 0
0 0 0 0
0 0 0 0

0 0 0 0
0 0 0 0
0 0 0 0
0 0 0 0

0 0 0 0
0 0 0 0
0 0 0 0
0 0 0 0

0 0 0 0
0 0 0 0
0 0 0 0
0 0 0 0

0 0 0 0
0 0 0 0
0 0 0 0
0 0 0 0

0 0 0 0
0 0 0 0
0 0 0 0
0 0 0 0

976654336 3304480256 0 0
1102410752 8478243328 5358305280 0
535133696 1935751168 4187120640 0
1660333568 3825628160 872120832 0

0 0 0 0
0 0 0 0
0 0 0 0
0 0 0 0

0 0 0 0
0 0 0 0
0 0 0 0
0 0 0 0

11822567424 14329456640 18165131264 16009113600
12531902464 13713471488 22855417856 22955646976
16297752576 20124637184 18969206784 14828349440
22502285312 15119398912 10913170432 8681961472

0 0 0 0
0 0 0 0
0 0 0 0
0 0 0 0

0 0 0 0
0 0 0 0
0 0 0 0
0 0 0 0

0 0 0 0
0 0 0 0
0 0 0 0
0 0 0 0

78408761344 80680927232 83994492928 78196604928
84244250624 78950170624 84371169280 78789976064
81230438400 68233093120 75409088512 79207129088
80007258112 71357210624 77059039232 81128947712

44148682752 44811763712 45526085632 49131286528
44983787520 39231414272 34337644544 39390646272
42438529024 38255837184 34179166208 36893126656
38615171072 42020372480 40242814976 43641823232

149765177344 147936722944 148142555136 147183026176
147647283200 149703360512 142796750848 147876675584
147949273088 145873960960 143443443712 146764120064
148489830400 149282750464 155127611392 154414678016

105335365632 107916263424 105250529280 104465629184
110355349504 107734073344 102949355520 104234991616
107429806080 105534914560 102568001536 107715493888
107718647808 104598405120 107685740544 116003356672

60692127744 57432616960 59570634752 57869205504
58102775808 56669569024 57132429312 54510616576
57262997504 54102286336 55118385152 50225209344
60092530688 55993499648 55323443200 57247752192

0 0 0 0
0 0 0 0
0 0 0 0
0 0 0 0

1912145920 0 785033216 3252191232
0 0 340555776 4233420800
4565941248 6616104960 6309722112 6373727232
6853163008 6283261952 4264824832 3464046592

9982085120 8761903104 11148718080 9292169216
3947225088 1415811072 5065795584 7318548480
0 2726475776 9553362944 10770157568
4412514304 5612212224 10993766400 14250147840

76069191680 71252197376 73826508800 78964555776
74245603328 72683085824 69687730176 73317244928
71500152832 72303869952 72331649024 75899502592
72626855936 72736653312 71773437952 74993369088

66816319488 65454841856 68439445504 62934331392
60925861888 61284454400 60598558720 63235997696
62301929472 60413730816 64427909120 67539279872
63099199488 64133971968 63480074240 63065042944

26919645184 25243250688 28134154240 29749911552
28743723008 26051436544 27904765952 30316396544
26625736704 28233551872 23754403840 27047649280
21932175360 22259326976 20329977856 26772555776

10583239680 10653073408 13610274816 11700276224
9098285056 12688475136 20834451456 18076692480
16573290496 16129150976 13340295168 13579807744
19994910720 16829802496 15084891136 11869775872

23969345536 23286947840 25160763392 21899370496
26461106176 26743674880 19291234304 17052450816
18550951936 23703289856 15303725056 13191991296
18560022528 23102545920 18193674240 14636163072

0 0 0 0
0 0 0 0
0 0 0 0
0 0 0 0

0 0 0 0
0 0 0 0
0 0 0 0
0 0 0 0

52249321472 52428689408 55331622912 53070245888
56326516736 52306538496 54189895680 50049228800
56927862784 54788345856 59088568320 52524912640
56099897344 54168346624 54866755584 51524182016

0 0 0 0
3459844096 0 0 0
0 833667072 0 0
0 0 0 0

0 0 0 0
0 0 0 0
0 0 0 0
0 0 0 0

85365039104 82491334656 83402776576 84993482752
81670307840 80789364736 82610913280 82935496704
83394863104 80280731648 79088910336 82214715392
86943883264 80666943488 82188795904 81166286848

0 0 0 0
0 0 0 0
0 0 0 0
0 0 0 0

0 0 0 0
0 0 0 0
0 0 0 0
0 0 0 0

21337227264 24732098560 20799705088 19580837888
27194195968 25414381568 22387984384 25573916672
26421886976 25173727232 21576822784 25020051456
26092615680 27522289664 23799179264 23989319680

0 0 0 0
0 0 0 0
0 0 0 0
0 0 0 0

0 0 0 0
0 0 0 0
0 0 0 0
0 0 0 0

58220838912 60812869632 67789758464 66494836736
64923009024 61772214272 60220760064 60690636800
54236798976 58664599552 56483049472 60367028224
51288588288 57962078208 65888223232 64024580096

0 0 0 0
0 0 0 0
0 0 0 0
0 0 0 0

53215592448 54138527744 49313132544 49755017216
54619340800 51286642688 51821862912 54628220928
51991871488 50783694848 49534693376 53470277632
50358362112 54032756736 54538534912 56490684416

0 0 0 0
0 0 457939968 0
0 0 345381376 3960652800
0 0 0 0

0 0 0 0
0 0 0 0
0 0 0 0
0 0 0 0

31313229824 30415527936 31728412672 31710300160
24424775680 29867507712 35467649024 33989152768
21414467584 22648283136 33478643712 37224542208
28496783360 23522846720 31485270016 33202196480

0 0 0 0
0 0 0 0
0 0 0 0
0 0 0 0

0 0 0 0
0 0 0 0
0 0 0 0
0 0 0 0

0 0 0 0
0 0 0 0
0 0 0 0
0 0 0 0

24751431680 25993916416 21237516288 17551937536
23261904896 22933604352 15782300672 13211902976
24656939008 23817654272 15872454656 11728586752
22038159360 22192648192 20486615040 13169610752

8827060224 8186009600 11971006464 10435080192
8292352000 770738176 3708923904 6472404992
2194585600 0 2721390592 4492292096
1888221184 2943170560 8778121216 7025575936

18223665152 15525670912 15435370496 16346793984
20199874560 14385757184 14391511040 14079444992
13921990656 15191291904 13187933184 14363346944
14592428032 16611758080 12046647296 15126561792

0 0 0 0
0 0 0 8241152
0 0 0 4438568960
0 0 0 0

0 0 0 0
0 0 0 0
0 0 0 0
0 0 0 0

22880436224 20140515328 18097971200 20872577024
21780578304 21499756544 21190131712 23238447104
21070946304 23078699008 23799914496 20278435840
20024123392 18837209088 22281748480 21515165696

64052465664 64827535360 69129920512 69781110784
67980967936 65320513536 65929089024 65464008704
69449646080 66120757248 64540000256 66958499840
67489304576 65789079552 67010940928 68759707648

20038352896 18687111168 11301335040 12374556672
21851398144 18368331776 15963930624 16352407552
17157095424 18407559168 18159837184 19239563264
17985761280 21927825408 16934715392 14421426176

0 0 0 0
0 0 0 0
0 0 0 0
0 0 0 0

82059165696 82964135936 76775415808 79640788992
89392930816 85075427328 76938813440 78900240384
82181103616 80425115648 76183330816 79154470912
80771588096 78012375040 81342955520 85103017984

12565241856 7513145344 10117177344 13928910848
13488035840 10521911296 12394274816 16352763904
13514045440 16579569664 15431198720 19718844416
13905954816 16237619200 15007488000 21685243904

54558035968 53823107072 52358422528 59532681216
56660033536 53200666624 51266416640 56793108480
54523920384 53354004480 55307689984 60785045504
57676087296 59265089536 62350917632 61841879040

16788816896 12995256320 9726248960 13405564928
15225800704 13128181760 12393212928 16255447040
15720048640 16310120448 14094893056 18329991168
12985231360 13337253888 11053620224 16425447424

28640937984 24465481728 24126578688 28385519616
25895669760 24146241536 26188566528 23416569856
24956487680 27423707136 25487022080 24105287680
19033966592 29234040832 28166254592 28939419648

58699276288 61713063936 59283505152 56312320000
61957111808 63671603200 62091206656 56443359232
58358407168 59667746816 58725265408 59075153920
60757925888 59103731712 59742081024 60995510272

62087086080 60932329472 62451634176 63151538176
55169019904 66196516864 66537644032 64462831616
56008306688 65423974400 63368175616 65282633728
61886906368 61278068736 58313596928 66073546752

103291297792 98272329728 98556600320 96464412672
106757095424 102596362240 98032574464 93786750976
98516500480 108166078464 101891153920 94789910528
96082542592 99399933952 98356723712 96847683584

0 0 0 0
0 0 0 0
0 0 0 0
0 0 0 0

5371564032 8868618240 10918080512 13080416256
1730041856 9548036096 13965416448 12153853952
3693438976 3454361600 14009698304 7857721344
6894778368 3085844480 8297478144 7598473216

93415538688 90744250368 88631115776 89035571200
95333908480 96045637632 92261343232 86209126400
96348569600 93728432128 94678966272 92798091264
91895775232 91567226880 96092815360 93752999936

97283809280 97226473472 93314891776 89227853824
100892549120 97302953984 95414747136 96615776256
92896329728 99024748544 98152693760 99731947520
89935159296 92700114944 93960462336 94638440448

0 0 0 0
0 0 0 0
0 0 0 0
0 0 0 0

117161656320 118846644224 113239515136 116802125824
115491586048 113973510144 114731384832 123523514368
114291122176 113532665856 108432924672 115349389312
116070596608 109138903040 104113176576 111416082432

0 0 0 0
0 0 0 0
0 0 0 0
0 0 0 0

0 0 0 0
0 0 0 0
0 0 0 0
0 0 0 0

18773884928 14662843392 12226021376 18331860992
23158054912 14753744896 14748078080 23722078208
26124115968 15705189376 17569650688 25026433024
22370652160 19288231936 22713264128 19835854848

34447564800 41694662656 36448907264 29625624576
30159028224 34868449280 31449804800 26950553600
29566267392 30791303168 36421419008 29886636032
32088993792 31650842624 37900623872 32258846720

0 0 0 0
0 0 0 0
0 0 0 0
0 0 0 0

124188229632 118282919936 122886823936 125424951296
116261322752 116008435712 118547693568 124860981248
119573856256 125408632832 125253009408 123760066560
117609635840 125405724672 121080283136 116616347648

0 0 0 0
0 0 0 0
0 0 0 0
0 0 0 0

0 0 0 0
0 0 0 0
0 0 0 0
0 0 0 0

0 0 0 0
0 0 0 0
0 0 0 0
0 0 0 0

0 0 0 0
0 0 0 0
0 0 0 0
0 0 0 0

0 0 0 0
0 0 0 0
0 0 0 0
0 0 0 0

0 0 0 0
0 0 0 0
0 0 0 0
0 0 0 0

893997056 0 0 2717708288
0 0 0 1383907328
0 0 0 0
2834919424 4492181504 7017136128 521768960

97622745088 99696820224 98910855168 98283880448
99982229504 99927703552 100431798272 99323822080
100315070464 101475205120 102054019072 96004145152
99065995264 102089408512 97939488768 95716671488

0 0 0 0
0 0 0 0
0 0 0 0
0 0 0 0

0 0 0 0
0 0 0 0
0 0 0 0
0 0 0 0

0 0 0 0
0 0 0 0
0 0 0 0
0 0 0 0

48510287872 55117021184 59346354176 53185363968
51589799936 59993874432 63534297088 60474908672
52684492800 55661060096 61052788736 59602087936
52290756608 51887644672 49811550208 52458639360

0 0 0 0
0 0 0 0
0 0 0 0
0 0 0 0

67164241920 64450895872 60729483264 58828251136
64749240320 63705616384 61975150592 60837863424
64063254528 66040012800 63338213376 59452489728
54832046080 55401369600 57489432576 56375463936

0 0 0 0
0 0 0 0
0 0 0 0
0 0 0 0

0 0 0 0
0 0 0 0
0 0 0 0
0 0 0 0

0 0 0 0
0 0 0 0
0 0 0 0
0 0 0 0

0 0 0 0
0 0 0 0
0 0 0 0
0 0 0 0

24598466560 21954353152 18696495104 19991306240
22705739776 19905398784 17943003136 20600365056
24960948224 17271887872 20458266624 22494662656
23437606912 22281785344 21955842048 21531283456

118244065280 113435885568 109378174976 106519011328
116527120384 109965959168 110166532096 108615811072
110357422080 107724283904 108422430720 104677826560
103758577664 100715134976 108686811136 107950243840

0 0 0 0
0 0 0 0
0 0 0 0
0 0 0 0

89258409984 90198138880 91891105792 90027352064
91754373120 87342432256 85166276608 90377928704
91936890880 86667280384 86401253376 87554129920
90478723072 87242801152 86844473344 87984398336

0 0 0 0
0 0 0 0
0 0 0 0
0 0 0 0

2993225728 12788176896 15209852928 662798336
3164788736 0 7135645696 7604295680
12798115840 0 4883496960 11470073856
13697392640 4934672384 3110936576 7476572160

0 0 0 0
0 0 0 0
0 0 0 0
0 0 0 0

103962279936 104078893056 103953776640 103849869312
108646719488 103103176704 99149553664 103496007680
108217769984 99296903168 104455184384 108092407808
98011250688 98994806784 101305131008 101001945088

0 0 0 0
0 0 0 0
0 0 0 0
0 0 0 0

114211684352 116285743104 119019814912 109875666944
112427786240 108740829184 115310632960 108435218432
117821628416 115761496064 112683180032 112176037888
118737403904 118636814336 111938125824 111030697984

0 0 0 0
0 413353984 0 0
0 5213679616 924354560 2081583104
0 133177344 0 0

27259396096 21171683328 20101189632 23033716736
23583268864 18816045056 24475529216 21065703424
21264723968 21770203136 25732001792 23880634368
15239241728 18849939456 24478593024 22827261952

0 0 0 0
0 0 0 0
0 0 0 0
0 0 0 0

146520768512 142358593536 139554947072 138709614592
137608921088 135986053120 133379612672 139578015744
141314179072 137208750080 137516466176 143934603264
136503984128 135684235264 139560943616 144568221696

133023670272 132798021632 133830828032 142275215360
136049786880 131154599936 130913599488 143302246400
139120361472 133044928512 134144638976 139213471744
136262942720 133947695104 132427530240 133062713344

0 0 0 0
0 0 0 0
0 0 0 0
0 0 0 0

52088197120 52805910528 52068868096 48823324672
54647836672 58339893248 55987023872 52163235840
56652922880 54533439488 52404195328 52826685440
52748173312 52610686976 55410978816 51906486272

100249444352 97479188480 97669210112 99163127808
97388503040 95112929280 96558424064 100796211200
97125621760 97038032896 101798920192 101348442112
96145227776 95549054976 99325829120 100151435264

50203860992 53413859328 55973822464 62711451648
51949182976 52488339456 54850166784 56255344640
56000806912 56978190336 51359440896 53657313280
52579618816 53895614464 53081784320 49091411968

0 0 0 0
0 0 0 0
0 0 0 0
0 0 0 0

0 0 0 0
0 0 0 0
0 0 0 0
0 0 0 0

0 0 0 0
0 0 0 0
0 0 0 0
0 0 0 0

15820132352 11027022848 9568600064 18786545664
13725861888 14651591680 8776329216 11003174912
18830514176 14302839808 9112055808 13304816640
12676702208 12891441152 12913053696 18064082944

34718830592 28736847872 27736125440 31637360640
19693434880 24393861120 28458442752 29637181440
13880492032 19480600576 26297995264 26669629440
18179670016 24841158656 26292314112 24713529344

94707908608 95139233792 93381853184 94929272832
99733233664 99476275200 99140231168 95716474880
98279620608 95293562880 95948718080 92170895360
94208212992 91958411264 97065910272 96094142464

0 0 0 0
0 0 0 0
0 0 0 0
0 0 0 0

0 0 0 0
0 0 0 0
0 0 0 0
0 0 0 0

23122964480 18902231040 9521139712 9995823104
21883064320 22224637952 12932866048 10858860544
16860731392 18579015680 14700623872 11131619328
15444180992 12574787584 16611553280 17093961728

0 0 0 0
0 0 0 0
0 0 0 0
0 0 0 0

0 0 0 0
0 0 0 0
0 0 0 0
0 0 0 0

62817484800 63198420992 70617882624 71086137344
62432735232 60536369152 64999022592 65029939200
69876727808 66596630528 64674390016 67189784576
60475293696 61659959296 69275418624 71791706112

70226051072 67743027200 72613740544 64706416640
72365277184 71288864768 72254103552 69741805568
70432522240 74274308096 75642347520 67882000384
70344409088 74456137728 71069736960 65666744320

0 0 0 0
0 0 0 0
0 0 0 0
0 0 0 0

29959999488 28660490240 32313184256 25050038272
29408972800 25988304896 29729222656 29245779968
27983237120 24565264384 27918737408 28580085760
26859094016 24375078912 34727358464 29028122624

67692294144 70745178112 58237128704 51976134656
65119838208 62566875136 56671576064 52440539136
62898667520 66739060736 60487880704 61734567936
62021042176 67862491136 60994813952 57155424256

2991584768 6773205504 3956105728 0
0 2801756672 535202816 0
1079062016 513407488 711849984 0
1277885440 1213399552 0 0

0 0 0 0
0 0 0 0
0 0 0 0
0 0 0 0

0 0 0 0
0 0 0 0
0 0 0 0
0 0 0 0

147152240640 149517336576 149057814528 148420050944
150409330688 151605559296 149927919616 150880600064
145145659392 150427533312 148731019264 151933485056
150556704768 153329631232 150133882880 147113705472

0 0 0 0
0 0 0 0
0 0 0 0
0 0 0 0

33871593472 29871869952 25774792704 19074310144
34635862016 29824327680 31586689024 28863270912
27684270080 27097255936 32178204672 31958491136
18957807616 24796114944 24764366848 29188366336

125485367296 125581901824 126598676480 131011559424
127081988096 127774490624 126708539392 132262453248
131628875776 130941124608 129744527360 130270535680
133810552832 128675217408 130753568768 130614427648

0 0 0 0
0 0 0 0
0 0 0 0
0 0 0 0

122678108160 125266231296 129074593792 128533168128
116107264000 121546366976 119864090624 117404942336
122304577536 126631714816 120871952384 116921679872
117191327744 122098270208 121276702720 126738432000

0 0 0 0
0 0 0 0
0 0 0 0
0 0 0 0

0 0 0 0
0 0 0 0
0 0 0 0
0 0 0 0

0 0 0 0
0 0 0 0
0 0 0 0
0 0 0 0

0 0 0 0
0 0 0 0
0 0 0 0
0 0 0 0

18397794304 19279454208 17857495040 19416301568
23355576320 26088382464 19103297536 21548634112
19785316352 22281777152 17894606848 21341761536
21318406144 23713771520 24628264960 25108901888

0 0 0 0
0 0 0 0
0 0 0 0
0 0 0 0

0 0 0 0
0 0 0 0
0 0 0 0
0 0 0 0

129945321472 136261017600 138545512448 127308759040
125633527808 129738768384 127430017024 125677027328
131572383744 127544328192 128057901056 128763052032
134645145600 134805356544 134781452288 128535248896

0 0 0 0
0 0 0 0
0 0 0 0
0 0 0 0

29950427136 27899779072 29606813696 29232490496
29185722368 29601011712 30849134592 30062319616
33154809856 28295182336 25965764608 28515557376
28378169344 25544216576 22475657216 29752512512

91556642816 88663293952 92895477760 97155375104
98487353344 95091605504 95897419776 102111813632
97437712384 93362315264 98853953536 95845982208
92461965312 95203975168 98738446336 93216677888

0 0 0 0
0 0 0 0
0 0 0 0
0 0 0 0

0 0 0 0
0 0 0 0
0 0 0 0
0 0 0 0

0 0 0 0
0 0 0 0
0 0 0 0
0 0 0 0

28963647488 31621197824 40258142208 40640585728
36860436480 37750538240 38948929536 39341932544
36108623872 42217127936 34795110400 32850278400
36062699520 35558457344 33471303680 36710993920

0 0 0 0
0 0 0 0
0 0 0 0
0 0 0 0

24009764864 22721474560 16050292736 18413117440
23026921472 24028254208 20204163072 19775418368
15268064256 23667646464 27333058560 24934350848
20555972608 25973264384 24145717248 21342912512

52520259584 49373421568 46551515136 50072514560
54911266816 47778623488 47830564864 55692054528
51537473536 49754402816 51185934336 53250097152
49394946048 44376326144 49040789504 48837935104

14969670656 15859706880 14241282048 13952391168
16931661824 17044557824 14566986752 9703766016
11043262464 15467086848 9342475264 10131040256
9285304320 12371990528 11152647168 12437669888

232845950976 230838140928 231613939712 225512734720
228967284736 226353201152 226699526144 225386299392
229839683584 228934369280 231888961536 231854276608
228803919872 227379740672 226845147136 232869543936

0 0 0 0
0 0 0 0
0 0 0 0
0 0 0 0

0 0 0 0
0 0 0 0
0 0 0 0
0 0 0 0

25587888128 29532659712 29703868416 29979772928
28368930816 28001349632 29642614784 29521160192
28115855360 26458939392 24196401152 23511119872
31606390784 29255819264 28368494592 27649992704

0 0 0 0
0 0 0 0
0 0 0 0
0 0 0 0

0 0 0 0
0 0 0 0
0 0 0 0
0 0 0 0

110739652608 109040705536 112047407104 112110010368
107450138624 106322567168 111366504448 107073191936
115440418816 111523495936 111261646848 110075314176
113416060928 112738222080 107291983872 105882927104

11919929344 14570371072 13943224320 12219752448
9116782592 10954649600 7369875456 11569340416
12253806592 8891467776 0 2685798400
9488764928 8260030464 2798727168 326086656

0 0 0 0
0 0 0 0
0 0 0 0
0 0 0 0

61951598592 62087335936 56945532928 53364854784
61696536576 63874318336 58451972096 56870494208
57869258752 60510629888 54790860800 56713646080
62627688448 59385217024 60964421632 57652748288

0 0 0 0
0 0 3753418752 493301760
0 0 3315654656 233451520
0 0 0 0

0 0 0 0
0 0 0 0
0 0 0 0
0 0 0 0

0 0 0 0
0 0 0 0
0 0 0 0
0 0 0 0

146361368576 146687279104 148025606144 147715407872
147287326720 147554041856 148782645248 147729530880
150242803712 146377981952 149978398720 145435312128
144911958016 140901924864 141789511680 144267722752

90813849600 90057916416 95973490688 93171777536
89431719936 91049459712 98645024768 95020843008
91555119104 91021393920 90197819392 87573831680
93472882688 96265183232 97728667648 93753819136

0 0 0 0
0 0 0 0
0 0 0 0
0 0 0 0

0 0 0 0
0 0 0 0
0 0 0 0
0 0 0 0

29691815936 28262096896 25106466816 28078393344
29982294016 30918100992 29462208512 27535810560
26784907264 26727608320 25847099392 26780987392
30925717504 27979204608 26446000128 32229525504

0 0 0 0
0 0 0 0
0 0 0 0
0 0 0 0

0 0 0 0
0 0 0 0
0 0 0 0
0 0 0 0

0 0 0 0
0 0 0 0
1170232320 0 0 0
0 0 0 0

0 0 0 0
0 0 0 0
0 0 0 0
0 0 0 0

94077763584 94440292352 93961863168 88834342912
86809034752 87321239552 83488088064 85942353920
83587596288 80535977984 83593011200 86364176384
88540512256 86180904960 87972798464 90399703040

0 0 0 0
0 0 0 0
0 0 0 0
0 0 0 0

82731122688 84026802176 77213466624 81196580864
77180796928 77589577728 77608239104 76454985728
69105483776 72852217856 79173402624 77391429632
76488581120 74997096448 74666541056 75743035392

55753138176 59932925952 53872517120 58777403392
53717999616 57773842432 54532673536 52449882112
59719196672 58578305024 51838492672 52562444288
62584270848 64981913600 58237198336 60032835584

16291145728 17229869056 9448648704 9381330944
11325377536 10354287616 7874029568 7801778176
12748468224 9174350848 8702070784 4031506432
14241292288 9004673024 7671531520 4251791360

42531651584 46726320128 50374287360 44901695488
39883780096 41467281408 50531303424 44098031616
39975374848 43377958912 50246893568 44891721728
44172378112 47502262272 50567438336 50150727680

26755801088 26549581824 29574852608 27684192256
24494964736 30023200768 30900273152 28782913536
26245541888 27282636800 21947574272 25768370176
22221660160 23921541120 26661859328 31553548288

0 0 0 0
0 0 0 0
0 0 0 0
0 0 0 0

83674923008 77618380800 80745873408 86787284992
85708685312 79290769408 83122266112 89640427520
80681869312 83207593984 87999381504 89444589568
78508113920 79268708352 83007586304 84143554560

10866759680 12559292416 8934481920 8188368896
9938827264 14119606272 13359622144 8163296256
13484165120 11608387584 7892134400 5094083584
13893679104 11310052352 8117121024 8548171264

0 0 0 0
0 0 0 0
0 0 0 0
351559680 0 0 0

0 0 0 0
0 0 0 0
0 0 0 0
0 0 0 0

10012422144 7937408000 3510239744 3366220800
9644294144 11368337408 8553194496 10996765696
2267457536 5588140032 9300041728 7838187520
5938197504 5769902080 7592374272 4380367872

0 0 0 0
0 0 0 0
0 0 0 0
0 0 0 0

0 0 0 0
0 0 0 0
0 0 0 0
0 0 0 0

93219594240 95044362240 95403409408 95394947072
95421087744 97018167296 99720511488 95093850112
95053643776 91801985024 96788529152 94368907264
95920766976 99094872064 96344432640 93892403200

0 0 0 0
0 0 0 0
0 0 0 0
0 0 0 0

0 0 0 0
0 0 0 0
0 0 0 0
0 0 0 0

0 0 0 0
0 0 0 0
0 0 0 0
0 0 0 0

42965094400 45632638976 49115783168 46372286464
36093394944 37971038208 37270499328 41123782656
37536305152 35378946048 38207897600 36308848640
36730875904 35496931328 39984541696 37240123392

0 0 0 0
0 0 0 0
0 0 0 0
0 0 0 0

137889513472 141183926272 139348803584 136917082112
141565362176 141490470912 138685661184 142796357632
138665934848 140878069760 140309692416 142066302976
141023428608 137332146176 135396925440 142900314112

55761657856 53796569088 58072879104 60344090624
59423154176 56923959296 59799277568 58429612032
65068699648 61290176512 58777042944 56906534912
62055002112 59262709760 54054666240 56472543232

0 0 0 0
0 0 0 0
0 0 0 0
0 0 0 0

11922452480 11968436224 9424867328 7394000896
8468150272 11175475200 11478722560 3221688320
1866598400 8574269440 7859593216 2080935936
3419615232 10273898496 9449535488 7328854016

36266229760 32698947584 39595286528 44207706112
36842315776 34505490432 31959777280 38649085952
44409749504 38317928448 34078398464 39850455040
40474980352 38442123264 38572253184 37161062400

0 0 0 0
0 0 0 0
0 0 0 0
0 0 0 0

0 0 0 0
0 0 0 0
0 0 0 0
0 0 0 0

12948498432 11131244544 15035887616 13783625728
10371512320 13145712640 11332382720 9868132352
8256737280 11875311616 6986268672 7204208640
8846966784 8255754240 6425862144 9306329088

16342753280 18134122496 19995168768 19380363264
18623746048 24021927936 23545520128 20509243392
22063564800 18718130176 16556864512 15993123840
23493775360 20300836864 16583497728 21117546496

0 0 0 0
0 0 0 0
0 0 0 0
0 0 0 0

11914070016 7176466432 8941905920 7764160512
7882596352 5004240896 7114088448 7261007872
2949214208 7071156224 4840775680 9349533696
9612488704 14356174848 12078927872 6900838400

0 0 0 0
0 0 0 0
0 0 0 0
0 0 0 0

57192800256 59638890496 56343465984 54484729856
52393086976 56863739904 58850607104 56899137536
53787136000 56010108928 58054049792 61350735872
50939867136 51887828992 55967760384 52121747456

95575089152 95177883648 100821737472 100091240448
99354263552 94478155776 96779845632 97628454912
95238144000 96686882816 95004770304 96360873984
94706278400 97262944256 95224922112 89489547264

0 0 0 0
0 0 0 0
0 0 0 0
0 0 0 0

0 0 0 0
0 0 0 0
0 0 0 0
0 0 0 0

0 0 0 0
0 0 0 0
0 0 0 0
0 0 0 0

19714740224 15783092224 20182915072 19331659776
29556738048 21237944320 18913021952 22100219904
19333480448 19239354368 18405777408 25299804160
16137879552 19218724864 23926226944 23555510272

122762321920 126183776256 122912079872 121430212608
117445623808 120520523776 124258271232 123878883328
121590775808 121153363968 123852832768 123698823168
122065756160 119055433728 121801703424 121025724416

0 0 0 0
0 0 0 0
0 0 0 0
0 0 0 0

0 0 0 0
0 0 0 0
0 0 0 0
0 0 0 0

0 0 0 0
0 0 0 0
0 0 0 0
0 0 0 0

0 0 0 0
0 0 0 0
0 0 0 0
0 0 0 0

0 2762158080 797736960 0
2589839360 0 0 0
4336588800 0 0 0
0 0 0 0

0 0 0 0
0 0 0 0
0 0 0 0
0 0 0 0

28299081728 30980886528 26036805632 24869855232
28168470528 21902784512 20332101632 21620518912
28173733888 28555345920 22930817024 27171184640
31116816384 26455785472 27689467904 27770789888

68916371456 69960409088 71616020480 72761376768
63880093696 65238532096 68750753792 69106016256
62807441408 63909511168 60589551616 62312271872
62980268032 65744535552 63309053952 69198823424

188964241408 189269884928 187941634048 184908480512
186011582464 188466855936 184753651712 182666346496
188861956096 188209168384 185987956736 177815437312
186174291968 185848709120 187024408576 185055576064

135213817856 133064278016 137862512640 137626484736
139194236928 138504912896 136578793472 130086068224
135956938752 140959481856 131905978368 131950510080
134109478912 138554998784 136576827392 127764316160

12864927744 11885268992 8148959232 8275107840
8360835072 8476057600 5793699840 8767531008
12999948288 8475987968 2946129920 5242138624
11641683968 7286749184 3980746752 8811442176

3652990976 981600256 2472454144 0
0 1230503936 3804379136 0
0 0 345839616 0
3672154112 2410289152 3164317696 0

0 0 0 0
0 0 0 0
0 0 0 0
0 0 0 0

0 0 0 0
0 0 0 0
0 0 0 0
0 0 0 0

38745919488 35258327040 35195711488 36033208320
32052230144 32545316864 30989594624 34498686976
36904181760 39114522624 34106085376 35797286912
39540568064 34567569408 40110735360 39328841728

55804379136 55516246016 58583617536 60670230528
54741729280 59970625536 62399062016 58876784640
61214105600 61334814720 58298482688 52113432576
60961955840 57644756992 57444655104 49766821888

0 0 0 0
0 0 0 0
0 0 0 0
0 0 0 0

0 0 0 0
0 0 0 0
0 0 0 0
0 0 0 0

63139430400 56050196480 53344714752 58095460352
60108472320 59167301632 57101631488 61357932544
56771702784 54275858432 58354692096 64919134208
57310322688 48820273152 55272448000 65340080128

0 0 0 0
0 0 0 0
0 0 0 0
0 0 0 0

0 0 0 0
0 0 0 0
0 0 0 0
0 0 0 0

0 0 0 0
0 0 0 0
0 0 1594294272 0
0 0 0 0

0 0 0 0
0 0 0 0
0 0 0 0
0 0 0 0

89907486720 98300313600 91151417344 87839064064
92309594112 99858989056 92847800320 85225365504
92653027328 93171490816 93340057600 94051598336
101432541184 94743896064 96536584192 97605074944

12580958208 18805028864 13498527744 13164196864
9014951936 16934985728 18572505088 14547183616
8274108416 17102542848 16452509696 15097884672
14154366976 19827167232 15178778624 14182918144

0 0 0 0
0 0 0 0
0 0 0 0
0 0 0 0

0 0 0 276118528
0 0 0 0
25307136 5019521024 85438976 0
0 0 0 0

616558592 2119520256 5334343680 8934281216
0 3804438528 7571054592 6004092928
4289347584 7026040832 9908404224 3911741440
4755017728 2686099456 6246825984 6041391104

15749388288 12013713408 12105158656 10675220480
20427141120 12348876800 9601925120 11459866624
21237942272 19961231360 19507136512 14994780160
16212987904 16370593792 17064407040 8265469952

29084162048 29639729152 31150843904 23876849664
28285104128 24622747648 25521938432 24529719296
27473903616 22592743424 24581148672 26249871360
31064377344 33187819520 25959436288 25364041728

15650320384 14077792256 9133264896 10348601344
16968998912 9367715840 6785753088 10928414720
15274201088 7188361216 4274769920 6425145344
7687528448 7312502784 7815704576 5264265216

81090134016 78247305216 82965815296 84825939968
75332435968 72238841856 80291176448 81437286400
81085480960 77679345664 76266086400 75852300288
83856056320 88303517696 83575758848 74812588032

106598760448 103272570880 103555719168 106340573184
109142736896 107592196096 106530013184 101781454848
102526976000 106566123520 111002517504 107614724096
98409791488 102875308032 104459780096 103687790592

74406363136 63360253952 59959791616 64042598400
74165436416 64515194880 66816524288 63571759104
68606779392 64190386176 70616285184 65679749120
67212120064 62082437120 65984118784 64132538368

52076773376 57740337152 57721516032 50129715200
54741491712 51811864576 51634655232 48547450880
59196055552 52306997248 55576756224 54776287232
56950296576 47006695424 54156337152 55001374720

114347507712 117258846208 121186058240 123740962816
118917398528 116228333568 118175391744 118510878720
120441872384 119581966336 119761100800 121248899072
117857804288 117663055872 119186751488 115414319104

0 0 0 0
0 0 0 0
0 0 0 0
0 0 0 0

0 0 0 0
0 0 0 0
0 0 0 0
0 0 0 0

79004844032 83676807168 76933128192 76407054336
80612696064 81545822208 78580703232 76356902912
74457268224 75134410752 76542803968 71458766848
74177323008 71957446656 77916839936 79855067136

46530129920 50248605696 55585247232 48236269568
49727381504 48366657536 50540183552 48459984896
45713416192 42520961024 42203078656 41061490688
47210991616 45126893568 45574033408 47553114112

0 0 0 0
0 0 0 0
0 0 0 0
0 0 0 0

0 0 0 0
0 0 0 0
0 0 0 0
0 0 0 0

0 0 0 0
0 0 0 0
0 0 0 0
0 0 0 0

0 0 0 0
0 0 0 0
0 0 0 0
0 0 0 0

0 0 0 0
0 0 0 0
0 0 0 0
0 0 0 0

92485926912 97590403072 98039701504 93211852800
92813672448 98151596032 101153161216 95424225280
93211205632 91266129920 92539879424 89928998912
89413074944 89814056960 90407419904 90414604288

70899245056 69992316928 72805040128 68779458560
73696854016 70789840896 78874435584 75130822656
70437535744 72487526400 78596923392 71697580032
65327640576 73289302016 76965068800 76618964992

0 0 0 0
0 0 0 0
0 0 0 0
0 0 0 0

37370818560 35038998528 33822128128 35451445248
37573513216 31547473920 32718915584 39096532992
34986024960 37660647424 37493923840 37629984768
40355520512 35279310848 35348471808 42982047744

0 0 0 0
0 0 0 0
0 0 0 0
0 0 0 0

3219023872 4372660224 0 0
5410037760 5810300928 2464999424 0
7471603712 3442487296 4495458304 3471865856
896391168 2513907712 6006743040 1226821632

0 0 0 0
0 0 0 0
0 0 0 0
0 0 0 0

136101150720 142058815488 138427547648 134009069568
140801720320 142217428992 141696106496 135003848704
137925328896 132009132032 135300620288 132437024768
129075601408 127316852736 133224906752 134597361664

0 0 0 0
0 0 0 0
0 0 0 0
0 0 0 0

66814550016 65606799360 68440793088 69828452352
67446071296 66389311488 66755526656 65231933440
66712739840 65078644736 64624111616 64311296000
61262471168 62225498112 65137631232 67770826752

0 0 0 0
0 0 0 0
0 0 0 0
0 0 0 0

113476837376 121826721792 123109113856 120612282368
112393674752 118359539712 121790283776 117916147712
116466860032 114526707712 117683822592 114419728384
116204429312 120482988032 113731624960 112763338752

0 0 0 0
0 0 0 0
0 0 0 0
0 0 0 0

0 0 0 0
0 0 0 0
0 0 0 0
0 0 0 0

86677307392 76645892096 74563969024 78757855232
85348139008 78005190656 75216396288 78281015296
82197798912 81452630016 77287571456 78966611968
82902532096 82159681536 75955789824 75708342272

0 0 0 0
0 0 0 0
0 0 0 0
0 0 0 0

175857385472 175168290816 173939507200 168753299456
173226295296 168660992000 171514773504 173979369472
170465099776 166256230400 170089709568 173659635712
175096053760 173178748928 170061283328 164719804416

38756290560 40757010432 36482445312 37125890048
33729904640 35246718976 32439083008 31445221376
29594943488 34739945472 36114427904 35368079360
31627380736 37603790848 35401129984 34804629504

0 0 0 0
0 0 0 0
0 0 0 0
0 0 0 0

85350621184 74208985088 73569419264 80384966656
81425203200 77794263040 74551443456 79762391040
84615307264 81363820544 78452293632 78882308096
87114596352 82875162624 81866571776 77693370368

0 0 0 0
0 0 0 0
0 0 0 0
0 0 0 0

0 0 0 0
0 0 0 0
0 0 0 0
0 0 0 0

0 0 0 0
0 0 0 0
0 0 0 0
0 0 0 0

0 0 0 0
0 0 0 0
0 1086300160 0 0
0 0 0 0

0 0 0 0
0 0 0 0
0 0 0 0
0 0 0 0

150538551296 146291277824 150642671616 141736001536
149645983744 143835496448 147115606016 134594215936
147724140544 146768543744 142255603712 137322094592
141816774656 143767699456 143501574144 137952296960

0 0 0 0
0 0 0 0
0 0 0 0
0 0 0 0

0 0 0 0
0 0 0 0
0 0 0 0
0 0 0 0

4091498496 9097412608 16776906752 14314639360
10966446080 12458074112 16080369664 15476774912
14708643840 14221574144 14730776576 15608363008
7777191936 7316056064 13210816512 15203108864

0 0 0 0
0 0 0 0
0 0 0 690188288
0 0 1704034304 1290846208

33012400128 31610150912 36592656384 33719621632
32951332864 32436047872 36702191616 33841764352
30827827200 36416520192 42824126464 38807867392
38035529728 37911334912 40500502528 32945702912

13254844416 21406363648 16259747840 16977219584
18514964480 21383032832 20623257600 17664126976
18781761536 20180111360 20783937536 20011384832
21323874304 18325456896 13707386880 18615828480

0 0 0 0
0 0 0 0
0 0 0 0
0 0 0 0

0 0 0 0
0 0 0 0
0 0 0 0
0 0 0 0

196322951168 192898072576 191386664960 198411993088
198876938240 198773768192 196830953472 197626118144
204893011968 201909174272 197632196608 196313530368
203809931264 198852280320 192743424000 192781008896

0 0 0 0
0 0 0 0
0 0 0 0
0 0 0 0

48308281344 50496462848 49950818304 47579672576
51192840192 50857455616 51017203712 46424428544
50809339904 50202083328 48962420736 47951953920
54099132416 46476496896 48835747840 52449894400

78878982144 78365106176 78141538304 74280476672
75827609600 78729666560 74646093824 67621064704
77804781568 79291301888 80997310464 72625045504
79070003200 79647719424 83363168256 76894355456

121341943808 115984457728 115269910528 117052538880
120680038400 119959617536 114027708416 114364145664
116993228800 114730147840 118925287424 117713330176
114605473792 112542277632 120093392896 121760022528

0 0 0 0
0 0 0 0
0 0 0 0
0 0 0 0

67696021504 75337089024 71310434304 72204468224
70275432448 66374393856 62974468096 68175708160
67944734720 63329648640 66362916864 71444021248
70116851712 73537699840 69889122304 67729313792

0 0 0 0
0 0 0 0
0 0 0 0
0 0 0 0

55428067328 50554179584 51278991360 47719862272
52884193280 51696828416 52243894272 50723856384
48804130816 48505352192 54405070848 59681079296
53775892480 52314685440 57702580224 54539558912

0 0 0 0
0 0 0 0
0 0 0 0
0 0 0 0

182413705216 184756895744 182867230720 173923844096
189534453760 188911501312 184653578240 182206119936
187500134400 183991533568 182621995008 182064988160
173774651392 170447978496 173834846208 175391129600

0 0 0 0
0 0 0 0
0 0 0 0
0 0 0 0

0 0 0 0
0 0 0 0
0 0 0 0
0 0 0 0

116741111808 115627950080 114094694400 117413789696
115448152064 116603797504 118979854336 122931945472
117936906240 115361767424 116880261120 120625373184
118819741696 116556152832 115186229248 122597982208

0 0 0 0
0 0 0 0
0 0 0 0
0 0 0 0

0 0 0 0
0 0 0 0
0 0 0 0
0 0 0 0

0 0 0 0
0 0 0 0
0 0 0 0
0 0 0 0

0 0 0 0
0 0 0 0
0 0 0 0
0 0 0 0

0 0 0 0
0 0 0 0
0 0 0 0
0 0 0 0

21596360704 15281614848 14917330944 15258643456
14571198464 7227781120 5928862720 6669604864
16353986560 11213539328 9397436416 5192263680
20944678912 15051576320 15617957888 10881476608

61282770944 65031045120 66514878464 67703537664
63019278336 59738349568 68899700736 66475950080
61936508928 60057554944 68194512896 65215565824
63556038656 63502168064 59806294016 61428748288

0 0 0 0
0 0 0 0
0 0 0 0
0 0 0 0

59602206720 48298618880 50498379776 57411977216
57048121344 49670684672 52870848512 57726369792
53975375872 58286567424 51385348096 52969717760
53173211136 52122705920 51777204224 54384533504

0 0 0 0
0 0 0 0
0 0 0 0
0 0 0 0

0 0 0 0
0 0 0 0
0 0 0 0
0 0 0 0

102183256064 103843143680 105764110336 105864372224
101489295360 105583108096 108335611904 105317974016
106477158400 106327392256 107098005504 104444559360
103188267008 103106068480 107492098048 107942395904

29301440512 28211390464 28913713152 36567601152
31020077056 32989644800 28473978880 30271111168
31353313280 33887571968 33845116928 40269914112
26597441536 32208156672 34299693056 31424765952

94660149248 99197231104 103560118272 101396119552
101983797248 94676271104 95229509632 98615803904
105344499712 101302419456 93687578624 98557566976
101883101184 105668214784 102032490496 96947273728

106875846656 103929520128 104819359744 100851556352
102292955136 100395859968 101478850560 102645981184
101477761024 102009225216 100595793920 111228698624
102719160320 105677160448 103826743296 109820870656

0 0 0 0
0 0 0 0
0 0 0 0
0 0 0 0

0 0 0 0
0 0 0 0
0 0 0 0
0 0 0 0

0 0 0 0
0 0 0 0
0 0 0 0
0 0 0 0

0 0 0 0
0 0 0 0
0 0 0 0
0 0 0 0

0 0 0 0
0 0 0 0
0 0 0 0
0 0 0 0

36617895936 30143059968 30234906624 30496610304
28692754432 26219923456 28563468288 27201810432
26045466624 26649913344 33542002688 30495019008
27363741696 29622396928 32263000064 31253551104

0 0 0 0
0 0 0 0
0 0 0 0
0 0 0 0

0 0 0 0
0 0 0 0
0 0 0 0
0 0 0 0

0 0 0 0
0 0 0 0
0 0 0 0
0 0 0 0

0 0 0 0
0 0 0 0
0 0 0 0
0 0 0 0

0 0 0 0
0 0 0 0
0 0 0 0
0 0 0 0

0 0 0 0
0 0 0 0
0 0 0 0
0 0 0 0

9942032384 7109361664 2557808640 8129990656
8771162112 8639889408 4339884032 7250489344
6494928896 4923248640 6939394048 4351135744
5655830528 2144759808 6738878464 9897439232

0 0 0 0
0 0 0 0
0 0 0 0
0 0 0 0

40211505152 41087619072 39634460672 41367375872
43333189632 40929386496 32533299200 35309518848
47937470464 47954104320 41096253440 42447831040
41849454592 44206338048 44211200000 41035673600

17479213056 15550263296 18885406720 16212135936
22394900480 18998054912 14750240768 10897801216
15524108288 18548172800 15145787392 17733849088
16292012032 18286295040 17073659904 20894760960

0 0 0 0
0 0 0 0
0 0 0 0
0 0 0 0

0 0 0 0
0 0 0 0
0 0 0 0
0 0 0 0

0 0 0 0
0 0 0 0
0 0 0 0
0 0 0 0

0 0 0 0
0 0 0 0
0 0 0 0
0 0 0 0

0 0 0 0
0 0 0 0
0 0 0 0
0 0 0 0

80483647488 78449065984 76855377920 79131394048
80369696768 77139329024 76958105600 77337567232
78590926848 81592639488 78148747264 74381017088
74678665216 72454029312 73230802944 76275539968

0 0 0 0
0 0 0 0
0 0 0 0
0 0 0 0

0 0 0 0
0 0 0 0
0 0 0 0
0 0 0 0

14803142656 16198410240 13812398080 15125618688
7372978176 13292046336 10049591296 16276209664
14723807232 10284935168 8251731968 17954711552
10426680320 8796019712 12025542656 16506480640

106181722112 106023297024 98736635904 97052180480
98598969344 102876454912 107430092800 101432516608
101691162624 101366325248 103917477888 106895720448
108466585600 99407855616 94536597504 101643952128

122274676736 122822443008 121568485376 123941699584
121467109376 121471320064 122931560448 122687455232
122068238336 120454266880 124908617728 125492412416
120447885312 121818824704 118741745664 123962056704

35652575232 39818780672 36936073216 44468072448
36198150144 42009300992 44515627008 45618393088
44658696192 52673372160 51062075392 43018665984
46256193536 46937186304 41341779968 42061991936

0 0 0 0
0 0 0 0
0 0 0 0
0 0 0 0

0 0 0 0
0 0 0 0
0 0 0 0
0 0 0 0

153164251136 155212431360 150454157312 144816373760
151747395584 155912142848 154081886208 144928325632
147694288896 151133831168 152755912704 149291974656
149871509504 151264067584 155060813824 148984299520

0 0 0 0
0 0 0 0
0 0 0 0
0 0 0 0

0 0 0 0
0 0 0 0
0 0 0 0
0 0 0 0

214409478144 210419253248 208068935680 211891372032
213520203776 210636619776 209771610112 210080284672
211966590976 210390171648 211213746176 204263194624
211962462208 204350849024 207827156992 205665386496

46522249216 50666971136 45050503168 51315982336
50254692352 48277118976 43607482368 48522530816
41001369600 47435898880 47106301952 47093039104
43693826048 47760572416 45606301696 44437413888

60419878912 62087561216 63660339200 63343501312
62063276032 62608396288 62918225920 61333348352
67946610688 71353204736 63397158912 64193613824
65450876928 62395899904 61813669888 61306884096

0 5201920 0 0
3262191616 2011774976 0 0
0 0 0 0
0 0 0 0

113728315392 105991258112 107393138688 110625316864
106121134080 101415993344 105279160320 111358427136
103203323904 105496977408 106910466048 109362044928
106843742208 107698143232 108995829760 109565476864

63344091136 59902722048 62563450880 63808647168
58273660928 62307893248 63760285696 57945722880
58172583936 58223136768 65236967424 56903360512
58257334272 53880799232 63261663232 63482978304

0 0 0 0
0 0 0 0
0 0 0 1729331200
0 0 0 4496162816

0 0 0 0
0 0 0 0
0 0 0 0
0 0 0 0

0 0 0 0
0 0 0 0
0 0 0 0
0 0 0 0

12544172032 10053140480 6282870784 9232392192
9748905984 9727885312 9086926848 11239612416
7718862848 12506038272 12312944640 7376461824
7324299264 11854614528 10235904000 10651799552

49604567040 53179871232 49204518912 50850750464
49874280448 51173597184 48168157184 51071721472
52453920768 50629246976 48223621120 51827445760
54106071040 51024117760 45355380736 47144525824

0 0 0 0
0 0 0 0
0 0 0 0
0 0 0 0

0 0 0 0
0 0 0 0
0 0 0 0
0 0 0 0

0 0 0 0
0 0 0 0
0 0 0 0
0 0 0 0

104097767424 107949129728 109370318848 111130255360
111074033664 104196726784 108640747520 109781434368
114095120384 106694033408 111298273280 111915589632
114638544896 112977739776 114217484288 110797832192

10550298624 10259148800 4627417088 4090546176
6631583232 7634857984 8720508928 10731078656
7707146240 7973496832 3568808960 9309996032
9106954240 6317344768 4862832640 2620653568

8888354816 11434401792 12088006656 12914642944
7287092224 14420624384 15478262784 11890195456
9906536448 8657631232 7843513344 8623505408
10322004992 8816435200 7278545408 11417722880

0 0 0 0
0 0 0 0
0 0 0 0
0 0 0 0

108517531648 108231327744 108164505600 107315331072
115350675456 110110433280 108158525440 107873353728
113125081088 107658870784 110603116544 111893364736
104774025216 104390639616 106795909120 109602971648

133248745472 129085882368 122784825344 121385066496
134555795456 130859786240 122970079232 123762098176
131373572096 124553871360 125914472448 128187514880
133395021824 125107757056 124570517504 124144205824

20902592512 23860015104 19458236416 20100755456
20739817472 20473192448 20144160768 20023212032
25613766656 24596441088 23071772672 22721208320
23559811072 24155469824 23927799808 19430313984

0 164574208 0 6247223296
0 2915508736 5448330240 5745927680
4347908608 7937717760 12348528640 5741831680
6678889472 5673584640 8504949248 7408135680

0 0 0 0
0 0 0 0
0 0 0 0
0 0 0 0

31684634624 37712752640 40639062016 40587452416
35785703424 39170674688 36005519360 34420633600
39331893248 38485786624 40954630144 37695721472
36646227968 37339725824 40099631104 35442094080

16172101632 10034860032 2138063360 4533749760
21489334272 11773388800 5934320128 10719580160
10429173760 13946949632 6074075648 9365139456
13509031936 13889947648 12790288384 12193789952

0 812412928 0 0
0 0 0 0
0 4904978432 1884291072 0
0 6062139392 4273176576 0

90686996480 94113939456 96087998464 96785711104
89439633408 85925101568 95613648896 96885841920
96221233152 92871606272 94692589568 93994614784
101337899008 98322268160 91611283456 89149276160

44495208448 42847584256 37351718912 35432562688
39597260800 36951842816 35631935488 38154493952
42021330944 35225788416 35579019264 38000992256
45358661632 43768356864 38005477376 36732841984

0 0 0 0
0 0 0 0
0 0 0 0
0 0 0 0

0 0 0 0
0 0 0 0
0 0 0 0
0 0 0 0

0 0 0 0
0 0 0 0
0 0 0 0
0 0 0 0

89386532864 85194743808 81282883584 87828357120
91906105344 78010892288 81936408576 91636604928
89488818176 88012365824 88950767616 90381189120
89364709376 90583187456 88117035008 88026890240

52794941440 50355113984 54845513728 54069538816
57861636096 56105869312 54104522752 55231266816
60600459264 52404674560 52916899840 57207447552
58003177472 56055906304 52085792768 57657188352

0 0 0 0
0 0 0 0
0 0 0 0
0 0 0 0

0 0 0 0
0 0 0 0
0 0 0 0
0 0 0 0

0 0 0 0
0 0 0 0
0 0 0 0
0 0 0 0

0 0 0 0
0 0 0 0
0 0 0 0
0 0 0 0

31687589888 32327911424 26465011712 21519853568
29843214336 31407427584 28280168448 19781672960
28025391104 28026931200 31164313600 22124570624
26696144896 28505829376 31359356928 25285402624

33853440 0 0 0
799604736 0 0 0
0 0 0 0
0 179777536 0 0

99601367040 99814817792 99892633600 101295407104
98487877632 100748525568 93928259584 91569651712
93919240192 91737776128 89363693568 84404903936
95312740352 89279660032 87100145664 87398039552

72637677568 72776982528 65135845376 66285092864
69529944064 70592004096 67569995776 66381860864
76408619008 72528584704 68265222144 63567880192
80047947776 72289599488 67898556416 68024803328

6842257408 9011273728 11045203968 11855765504
13706592256 15833260032 17642401792 15998341120
11936149504 12751044608 13544669184 14468579328
9226784768 12824018944 12423004160 10554945536

161433157632 163675455488 161489043456 155141144576
165567184896 160002490368 157190258688 148917223424
166104629248 161383940096 156597207040 154524041216
164542758912 159567446016 156971008000 157205676032

0 0 0 0
0 0 0 0
0 0 0 0
0 0 0 0

96940998656 95323103232 99492544512 94524514304
89976446976 96900292608 94822809600 92683845632
94338023424 100282253312 98825543680 91998101504
96709632000 95428116480 96877518848 94569267200

0 0 0 0
0 0 0 0
0 0 0 0
0 0 0 0

0 2160795648 2840182784 4372631552
0 1188005888 1184834560 579175424
0 337434624 0 0
0 1729454080 4857937920 0

42055544832 40106573824 36878618624 32386021376
38209753088 35187449856 31216023552 29385191424
34925936640 37441597440 37524213760 34017910784
38215680000 35454726144 37481492480 32547608576

68125212672 68401922048 70471811072 65205854208
70635962368 71466336256 73687007232 64975626240
61767606272 63770267648 65207001088 66343657472
64696377344 67940544512 66764427264 65037877248

0 0 0 0
0 0 0 0
0 0 0 0
0 0 0 0

97752408064 97872306176 95631474688 91844558848
94459322368 93736689664 97684013056 94525571072
93086269440 92738076672 100240089088 96727121920
95010652160 97245339648 92226732032 93287956480

90735861760 95741804544 90863845376 88502083584
89994469376 91257397248 88167841792 92625625088
93831495680 92509667328 89951444992 94841282560
93447921664 93033095168 99144261632 95195185152

7674144768 8040380928 2149779968 197241856
6204796416 9183029248 0 0
2367997952 1539361792 0 0
0 0 620457984 0

0 0 0 0
0 0 0 0
0 0 0 0
0 0 0 0

88338235392 96825040896 95727140864 91427430400
87562321920 97719148544 98446983168 91821293568
92304457728 95809232896 92737085440 95453626368
93015482368 95908732928 93862436864 92073345024

0 0 0 0
0 0 0 0
0 0 0 0
0 0 0 0

0 0 0 0
0 0 0 0
0 0 0 0
0 0 0 0

3356220928 5964317184 2873646592 8616337408
2683919872 4615423488 0 2208522240
2085931008 2156834816 6141998592 3268397568
4607084544 4562200064 8055960576 9847672832

0 0 0 0
0 0 0 0
0 0 0 0
0 0 0 0

62592647168 65823801344 61769392128 64373243904
63867568128 67254292480 62850347008 59721957376
63232925696 65651400704 63729664000 58762424320
62596923392 63692836864 62662246400 62921400320

70969745408 65934581760 70833659904 74292174848
71611555840 66190680064 66478288896 69750956032
74897440768 67446964224 65913921536 68416917504
67167137792 67494699008 76231524352 76329902080

0 0 0 0
0 0 0 0
0 0 0 0
0 0 0 0

123203813376 126667571200 131514605568 127996420096
113973542912 120445960192 127800852480 129125294080
125403152384 126743797760 129714356224 130213265408
129221271552 128258097152 129299005440 124728164352

57900130304 56346812416 56403382272 59654242304
60595380224 58225754112 59844157440 62031609856
57318371328 55933829120 50213236736 50774384640
52392411136 55543365632 54363303936 54181486592

0 0 0 0
0 0 0 0
0 0 0 0
0 0 0 0

0 0 0 0
0 0 0 0
0 0 0 0
0 0 0 0

26172893184 21178138624 19296000000 15113220096
29420439552 21946159104 21275004928 19168765952
31903643648 24986245120 20805638144 22571669504
24530194432 27895029760 20669509632 17747331072

0 0 0 0
0 0 0 0
0 0 0 0
0 0 0 0

25614735360 17469472768 21803661312 23270260736
22095884288 16554067968 22276321280 22117249024
25932154880 16578129920 17104553984 16491118592
16850568192 12581315584 24290768896 21746432000

0 0 0 0
0 0 0 0
0 0 0 0
0 0 0 0

81909972992 75668824064 76763947008 78168162304
84050141184 79729917952 80902275072 81187651584
86510903296 78961188864 80261251072 84156366848
85619671040 80103653376 82564661248 80473817088

71914020864 77188440064 77949935616 75882389504
75360772096 77490438144 81273552896 78280966144
84301021184 79153627136 81276518400 78143307776
77616922624 78386388992 82509185024 78659649536

93910458368 91386683392 89950560256 89238421504
87836352512 87551721472 87922245632 82441027584
91291312128 90443243520 91361640448 87577108480
92002787328 94830886912 93565124608 91908186112

0 0 0 0
0 0 0 0
0 0 0 0
0 0 0 0

0 0 0 0
0 0 0 0
0 0 0 0
0 0 0 0

83257802752 85643935744 76883165184 78818705408
87926120448 82958745600 81111998464 84689584128
89764413440 82423971840 86070075392 88558452736
81942110208 82399477760 89757409280 90851311616

0 0 0 0
0 0 0 0
0 0 0 0
0 0 0 0

0 0 0 0
0 0 0 0
0 0 0 0
0 0 0 0

69726552064 69317369856 65875165184 66746773504
74921287680 69080809472 61633589248 66050564096
74646585344 72522817536 69604704256 70578495488
72503738368 71342833664 68756733952 66804838400

6996985856 5652088320 12580194304 10902832128
8693014528 10448005120 9111886848 5561647616
6490202112 13075213312 12952975360 8094868992
5289021440 6498309632 9714548736 8424517120

0 0 0 0
0 0 0 0
0 874797056 0 0
0 0 0 0

0 0 0 0
0 43839488 255596544 0
0 0 0 0
0 0 0 0

0 0 0 0
0 0 0 0
0 0 0 0
0 0 0 0

40580997120 43171602432 42329186304 43469271040
40810602496 45586612224 38752120832 39035740160
47286042624 46380802048 37882765312 35671769088
43769503744 45133225984 39336128512 44245110784

0 0 0 0
0 0 0 0
0 0 0 0
0 0 0 0

47883816960 42820427776 47299203072 52456587264
48358580224 47403978752 54493859840 52965306368
46414069760 48163885056 50228559872 46839033856
47430242304 45887160320 39921332224 43830018048

0 0 0 0
0 0 0 0
0 0 0 0
0 0 0 0

0 0 0 0
0 0 0 0
0 0 0 0
0 0 0 0

0 0 0 0
0 0 0 0
0 0 0 0
0 0 0 0

27785840640 29348558848 32470894592 32888152064
27171459072 30887266304 34638467072 30351552512
29720958976 35241705472 33303429120 30015354880
28855685120 29739931648 25358301184 23794481152

60232077312 62255112192 65953353728 69418770432
66077949952 66477568000 67543588864 68130836480
70603350016 68744740864 69036400640 67592613888
68229722112 67768913920 70815784960 69396291584

