0 0 0 0 0 0
0 0 0 0 0 0
0 0 0 0 0 0
0 0 0 0 0 0
0 0 0 0 0 0
0 0 0 0 0 0

0 0 0 0 0 0
0 0 0 0 0 0
0 0 0 0 0 0
0 0 0 0 0 0
0 0 0 0 0 0
0 0 0 0 0 0

0 0 0 0 0 0
0 0 0 0 0 0
0 0 0 0 0 0
0 0 0 0 0 0
0 0 0 0 0 0
0 0 0 0 0 0

0 0 205622912 255144192 172327296 323555200
0 0 192344832 169285376 184093696 257341568
31723392 262331008 178104576 146573312 433250560 135058304
0 161292032 109509504 325732608 500660224 206514304
53261184 104732160 121688064 220045312 207509248 165497984
203023744 66329600 156103936 273075584 164571264 332644480

2785005568 2730369536 2628946688 2712935680 2662151680 2734286080
2740732160 2825110272 2861997568 2674693632 2559869184 2562917888
2648776960 2788328448 3004401920 2889518592 2795945216 2839569664
2795383552 2804885504 2602460672 2705366272 2747965184 2699571712
2752801280 2874435840 2758136064 2891402496 2703038208 2606907904
2730945792 2801286400 2784154112 2735172096 2824345344 3074020096

0 0 0 0 0 0
0 0 0 0 0 0
0 0 0 0 0 0
0 0 0 0 0 0
0 0 0 0 0 0
0 0 0 0 0 0

0 0 0 0 0 0
0 0 0 0 0 0
0 0 0 0 0 0
0 0 0 0 0 0
0 0 0 0 0 0
0 0 0 0 0 0

4719290880 4741449216 4630051840 4886290432 4795086336 4628109312
4948099072 4786471424 4608790016 4597476352 4706618368 4489338368
5110163456 4953004032 4631951360 4700635136 4863825920 4747829248
5070502400 4770317824 4639963136 4711202304 4929138688 4671622144
4623862784 4781606400 4644957696 4526587904 4831026688 4563301376
4665796096 4774658048 4702721536 4578377216 4742401536 4707844608

5610266624 5501943808 5650317312 5853148160 5659317760 5627060224
5556085760 5647837184 5565551616 5712388096 5505796096 5315196928
5681064960 5897143296 5667250176 5518964736 5403286016 5403652608
5812140032 5803278336 5702360576 5440921600 5231085056 5132238336
5687588352 5740977664 5620715520 5530536960 5522380288 5509682688
5523398144 5717043200 5616094208 5406048256 5281042432 5351600128

0 0 0 0 0 0
0 0 0 0 0 0
0 0 0 0 0 0
0 0 0 0 0 0
0 0 0 0 0 0
0 0 0 0 0 0

0 0 0 0 0 0
0 0 0 0 0 0
0 0 0 0 0 0
0 0 0 0 0 0
0 0 0 0 0 0
0 0 0 0 0 0

0 0 0 0 0 0
0 0 0 0 0 0
0 0 0 0 0 0
0 0 0 0 0 0
0 0 0 0 0 0
0 0 0 0 0 0

0 76485808 0 0 0 0
61699584 2260992 574032 0 0 0
49561216 70486944 0 49741968 0 0
0 122895160 318642656 280805184 0 0
138580208 32426764 236742304 119484616 0 0
0 0 57586264 96311952 0 69778112

0 0 78433408 102168064 0 0
33326336 48301952 138191104 271739776 185804032 240069248
23622272 0 19216384 28138752 0 8087168
0 0 152102144 0 0 0
0 0 0 0 0 0
0 0 0 0 0 0

957581056 745520512 727256960 583037696 424062720 612509440
769197184 736217984 843972224 690556544 217730816 388381824
494138112 525611904 635061248 710428288 502280960 530501376
615981696 716465152 741008192 700461056 736827648 692205312
670538304 879723648 861560320 741111296 604228736 623299072
557675904 763114752 483946368 700908672 672934656 683471744

4818190848 5055471104 5114568704 5037768704 5118134272 5008099840
5155718144 5448429056 5363275776 4986930176 5175040000 5159667200
5210068480 5274620416 5112896512 4976101888 5142004736 5034768896
4970305536 4819699712 4884632576 4952196096 4887615488 4947785216
5089847808 4710638592 5042393600 5292753920 5095227392 5149294592
5143102976 4769797120 4784451072 4886143488 4849763840 5241915392

1981297408 1836916224 1671083392 1641880576 1703474304 1792750848
1871168896 1836990208 1790257408 1679552256 1721967616 2046949888
1459374592 1539197440 2006594688 1668777984 1545416192 1990653696
1502286080 1605509120 1755929600 1608122112 1403825152 1607662976
1519265408 1471553280 1521888768 1461107328 1554547328 1852353280
1595902720 1761010816 1789565184 1665311104 1789599744 1732253696

0 0 0 0 0 0
0 0 0 0 0 0
0 0 0 0 0 0
0 0 0 0 0 0
0 0 0 0 0 0
0 0 0 0 0 0

1145225088 1223716864 1476258944 1538966272 1383736448 1240370048
1338003456 1329179136 1360010112 1559516928 1400165376 1099581568
1235619456 1176147584 1252105472 1383210880 1251859968 1154567936
1312627840 1040417920 1276395648 1356002176 1132387968 1052034688
1335895552 1031715904 1312210304 1477072640 1236368384 1121024128
1508459136 1080668672 1201448832 1401587712 1471983232 1280805248

1366517760 1671047424 1663274880 1646729472 1515510272 1701880320
1618161152 1759927808 1747869440 1762230400 1575765760 1512370432
1840301312 1799348352 1547254272 1816431488 1716599296 2007785600
1814182400 1797008128 1476191488 1619645696 1748438656 2094306432
1799108608 1457042688 1420014208 1609884544 1557966464 1821521792
1742488064 1215918464 947518080 1452121472 1603140992 1620459776

1630114560 2018077056 1722219520 1800930560 2046174976 1747086080
1701113856 1968754944 1748244736 1622966272 1781190144 1759240960
1633492224 1396183040 1440573184 1510077952 1477780736 1621883392
1361474304 1319563008 1423119872 1695274496 1431167232 1238241024
1704714240 1934475520 1705224192 1717366272 1371454464 1153697792
1678207232 1694418944 1880246528 1811145984 1478511360 1572571008

3573491968 3301412096 3341262848 3623326208 3385031680 3303233024
3539879424 3385487360 3442318080 3369700864 3137708544 3304432128
3431992832 3243460608 3617743872 3298033152 2990910464 3145410048
3700314112 3292110848 3378532352 3382270976 3158176768 3001856512
3476008960 3497695744 3181440512 3213800448 3343488512 3259280384
3360560640 3407674880 3233071616 3302319104 3457918720 3286642688

0 0 0 0 0 0
0 0 0 0 0 0
0 0 0 0 0 0
0 0 0 0 0 0
0 0 0 0 0 0
0 0 0 0 0 0

4187134208 4162073088 4166324224 4059727360 4003041536 3980463104
4104118272 4108311040 4176636672 4034740224 3999529984 3760471296
4176069632 4245619712 3950115584 3870616064 4015474688 4012118016
4016401920 4118645760 4109560064 3948452352 4016568320 4317570048
4197564672 4204187648 4124472320 4148698112 4065551872 4079836672
4257897216 4314885632 4052331776 4014409728 3994905088 3837454848

0 0 0 0 0 0
0 0 0 0 0 0
0 0 0 0 0 0
0 0 0 0 0 0
0 0 0 0 0 0
0 0 0 0 0 0

0 0 0 0 0 0
0 0 0 0 0 0
0 0 0 0 0 0
0 0 0 0 0 0
0 0 0 0 0 0
0 0 0 0 0 0

0 0 0 0 0 0
0 0 0 0 0 0
0 0 0 0 0 0
0 0 0 0 0 0
0 0 0 0 0 0
0 0 0 0 0 0

0 0 0 0 0 0
0 0 0 0 0 0
0 0 0 0 0 0
0 0 0 0 0 0
0 0 0 0 0 0
0 0 0 0 0 0

0 0 0 0 0 0
0 0 0 0 0 0
0 0 0 0 0 0
0 0 0 0 0 0
0 0 0 0 0 0
0 0 0 0 0 0

0 0 0 0 0 0
0 0 0 0 0 0
0 0 0 0 0 0
0 0 0 0 0 0
0 0 0 0 0 0
0 0 0 0 0 0

0 0 0 0 0 0
0 0 0 0 0 0
0 0 0 0 0 0
0 0 0 0 0 0
0 0 0 0 0 0
0 0 0 0 0 0

0 0 0 0 0 0
0 0 0 0 0 0
0 0 0 0 0 0
0 0 0 0 0 0
0 0 0 0 0 0
0 0 0 0 0 0

0 0 0 0 0 0
0 0 0 0 0 0
0 0 0 0 0 0
0 0 0 0 0 0
0 0 0 0 0 0
0 0 0 0 0 0

0 0 0 0 0 0
0 0 0 0 0 0
0 0 0 0 0 0
0 0 0 0 0 0
0 0 0 0 0 0
0 0 0 0 0 0

0 0 0 0 0 0
0 0 0 0 0 0
0 0 0 0 0 0
0 0 0 0 0 0
0 0 0 0 0 0
0 0 0 0 0 0

0 0 0 0 0 0
0 0 0 0 0 0
0 0 0 0 0 0
0 0 0 0 0 0
0 0 0 0 0 0
0 0 0 0 0 0

0 0 0 0 0 0
0 0 0 0 0 0
0 0 0 0 0 0
0 0 0 0 0 0
0 0 0 0 0 0
0 0 0 0 0 0

4227139584 3931027712 3634928128 3835310080 3921704960 4064970240
4067187200 3788864256 3783766016 3946297344 4172841984 3932715264
3862754816 3858619136 3861443584 4026166528 4310921216 4147854592
4008627712 4073186816 4048289024 4122538496 4228462080 4177752064
3669898496 3928312576 4301814784 4299707392 4080077824 4049591808
3840533504 4061103360 4127318784 4183179520 3934448640 3785178112

5131991040 5039256576 4993836544 5024728064 5222426624 5258990080
5039660032 5037402112 5029819392 5091272704 5161737216 5109640704
4936019456 5213905920 5215772160 5235096064 5287759360 5151485440
5207383552 5133615104 5028492288 5129739776 5198718976 5265146368
5276381696 5095308288 5090015232 5072846848 5170405888 5031454720
5150552576 5316810752 5302661632 5335596544 5258130944 5106296832

5965573120 5700314112 5794031616 5819700224 5840350208 5930662400
6079179776 5975972864 5970796544 5953348608 6012525568 6056713216
6142571520 6074028032 5917762048 5947907584 5927269376 5981494272
5767739392 6018639360 6046663168 5945450496 5888986112 5990245376
5885786112 5821782016 6056572416 5906764800 5916822528 5914118144
5687625728 5656030208 5849935872 5763410944 6022178816 5918039040

1637248128 1466307712 1633272960 1859302784 1816472704 1966913408
1804344704 1505605760 1402688768 1583148160 1633676032 1764388736
1827316864 1548244992 1618260480 1680849920 1479429632 1676336640
1566132736 1703121024 1522694784 1522115968 1450422016 1474134016
1528052352 1683812352 1731447936 1653177216 1675151232 1490715648
1321403648 1481120768 1645643904 1790862080 1780923392 1743985280

3102254336 3276689408 3409209600 3670254592 3497198336 3467310848
3396679680 3269243136 3201201152 3504749056 3502814464 3381163008
3732013056 3497149696 3289851904 3285708800 3403467264 3187050752
3679871232 3475799040 3438659328 3337223936 3196957440 3244099072
3402133760 3408894208 3434444032 3654641664 3344100864 3530069504
3347897856 3230280960 3117786624 3284160000 3409799680 3487163392

0 0 0 0 0 0
0 0 0 0 0 0
0 0 0 0 0 0
0 0 0 0 0 0
0 0 0 0 0 0
0 0 0 0 0 0

0 0 0 0 0 0
0 0 0 0 0 0
0 0 0 0 0 0
0 0 0 0 0 0
0 0 0 0 0 0
0 0 0 0 0 0

0 0 0 0 0 0
0 0 0 0 0 0
0 0 0 0 0 0
0 0 0 0 0 0
0 0 0 0 0 0
0 0 0 0 0 0

0 0 0 7553536 0 0
0 0 0 0 0 0
0 182996448 61293600 0 0 0
0 93566944 38115552 0 69306400 9027488
0 0 0 0 40484576 34434720
0 0 0 0 0 0

0 0 0 0 0 0
0 0 0 0 0 0
0 0 0 0 0 0
0 0 0 0 0 0
0 0 0 0 0 0
0 0 0 0 0 0

0 0 0 0 0 0
0 0 0 0 0 0
0 0 0 0 0 0
0 0 0 0 0 0
0 0 0 0 0 0
0 0 0 0 0 0

0 0 0 0 0 0
0 0 0 0 0 0
0 0 0 0 0 0
0 0 0 0 0 0
0 0 0 0 0 0
0 0 0 0 0 0

150731808 92421808 0 28652928 24704160 225679280
91721168 76445984 67994496 213285520 109735840 78238816
345778240 0 183744 37654784 145704704 0
285923360 116755872 203216496 149237248 207645376 192694048
0 6888336 90507328 103780544 256265344 460756576
0 73204896 113119888 5815840 0 104199936

2714893824 2350856448 2324889344 2279974400 2547149312 2652790528
2824954880 2774041856 2524876288 2291557376 2135025152 2171743744
2632448000 2670796800 2500531712 2192324608 2245494784 2311374336
2475590656 2222237184 2319331584 2295400448 2410129408 2379404288
2118834560 2269100032 2529257472 2541182208 2469705216 2155957504
2343029504 2583896064 2730199296 2531063808 2555974144 2409233152

6304315392 6503793664 6181636608 6181279232 6133074944 6037027840
6313402880 6382035968 6404626432 6325327872 6174543872 5986370560
6407219200 6220532736 6304105472 6092770304 5901617152 6002622464
6441485312 6456971776 6009102848 5888958464 6055111168 6064220160
6244417024 6096892928 6030905344 5954640896 6138271744 6203419648
5777207296 5834653696 6106231808 6021762048 6255305728 6308551680

653818432 449555712 372738880 483004480 429795968 219064960
405078336 595744320 302127680 290787872 183239488 146313824
450064992 618832448 280389632 342992960 275434112 417298880
434623296 274110976 121583936 190248448 344134528 446973184
450114560 295878592 0 301026624 338535872 495667392
430610784 408855424 319464512 258848128 318345728 497522272

0 0 0 0 0 0
0 0 0 0 0 0
0 0 0 0 0 0
0 0 0 0 0 0
0 0 0 0 0 0
0 0 0 0 0 0

456646272 371066816 343309056 499267264 314365248 288141696
602819328 388720768 339496768 351487488 446525056 466841600
325524416 363995328 301107392 266514112 620193216 520148160
241775552 493713984 537227584 186807104 339206080 353797952
358117888 655692992 634102656 453551872 447332800 302458176
547453184 462142656 283316096 415168128 580316480 268677376

1649766656 1815059200 1893055488 1987734784 1942873088 2006864128
1817797120 2024432128 2081651968 2040356096 1971869696 1942744320
1939541760 1846090752 1786283776 1789232896 1876900096 1672406784
1889426176 1935450624 1715698432 1865111040 1639844352 1787660032
2103020544 1958405376 1696684288 1772889600 1817876224 2038245888
1935799296 1942598656 1958101504 1954670336 1941518592 2153747456

0 0 0 0 0 0
0 0 0 0 0 0
0 0 0 0 0 0
0 0 0 0 0 0
0 0 0 0 0 0
0 0 0 0 0 0

0 0 0 0 0 0
0 0 0 0 0 0
0 0 0 0 0 0
0 0 0 0 0 0
0 0 0 0 0 0
0 0 0 0 0 0

0 0 0 0 0 0
0 0 0 0 0 0
0 0 0 0 0 0
0 0 0 0 0 0
0 0 0 0 0 0
0 0 0 0 0 0

90968960 0 0 0 0 0
0 0 0 0 29457664 0
127968768 0 0 0 0 102457728
34276992 36282688 125863040 139983744 0 66566400
0 0 244160 0 0 0
26421888 0 0 0 0 0

0 0 0 0 0 0
0 0 0 0 0 0
0 0 0 0 0 0
0 0 0 0 0 0
0 0 0 0 0 0
0 0 0 0 0 0

0 0 0 0 0 0
0 0 0 0 0 0
0 0 0 0 0 0
0 0 0 0 0 0
0 0 0 0 0 0
0 0 0 0 0 0

0 0 0 0 0 0
0 0 0 0 0 0
0 0 0 0 0 0
0 0 0 0 0 0
0 0 0 0 0 0
0 0 0 0 0 0

0 104188928 169787392 90003712 142020608 0
110737664 64176384 88041984 122648576 108121600 156160768
87957760 179057152 116631296 208804096 274743040 269070848
256558592 140687616 103680256 248057856 146189312 0
99742208 250831104 93560320 185246208 0 0
178141440 400078848 186473472 266103552 0 0

0 0 0 0 0 0
0 0 0 0 0 0
0 0 0 0 0 0
0 0 0 0 0 0
0 0 0 0 0 0
0 0 0 0 0 0

0 0 0 0 0 66893136
0 0 20141080 0 0 0
0 0 85898272 0 0 0
0 0 0 0 0 0
0 0 0 0 0 0
276108704 0 0 6209368 186564352 0

0 0 0 0 0 0
0 0 0 0 0 0
0 0 0 0 0 0
0 0 0 0 0 0
0 0 0 0 0 0
0 0 0 0 0 0

3808978432 4054766592 3836548608 3638856960 4000501248 3867162112
3694804992 3813112832 3957078784 3673196800 3736396288 3893437952
3566339072 3938664448 4023176704 3776867840 3597033984 3737786624
3687123456 3758625792 3890440448 3959692800 3768420352 3515610880
3881645056 3747868672 3815094784 3784406528 3838622976 3659549952
3912527872 3734374400 3784076800 3689604608 3656532480 3626720256

0 0 0 0 0 0
0 0 0 0 0 0
0 0 0 0 0 0
0 0 0 0 0 0
0 0 0 0 0 0
0 0 0 0 0 0

2369060096 2508761856 2392940544 2013143040 2148738048 2194938880
2258063360 2342145792 2438038784 2396097024 2328814848 2361084416
2188626944 2106120448 2437742848 2542918912 2221153536 1890506368
2266012416 2260699392 2375417856 2435676928 1921111936 1714345472
2077518848 2186111744 2402269440 2423129088 2314733312 2214467072
1976674176 2355208704 2357401088 2255961344 2393918464 2403668992

0 0 0 0 0 0
0 0 0 0 0 0
0 0 0 0 0 0
0 0 0 0 0 0
0 0 0 0 0 0
0 0 0 0 0 0

1112449024 1194545408 976436480 1276848384 1128356864 1146748800
1092956288 1082835712 875310208 966242560 939776256 946133248
1100171520 1247274752 1025926400 730751872 900040192 1112902016
1319301760 1306893952 1041005568 1079619456 997340800 973568768
987927552 1161770112 1169578880 1182507008 1038904960 1299819648
930742144 952137728 1146955392 1063246592 1152132352 1107357440

0 0 0 0 0 0
0 0 0 0 0 0
0 0 0 0 0 0
0 0 0 0 0 0
0 0 0 0 0 0
0 0 0 0 0 0

8139005952 7802783744 7710008320 7895411200 7751008256 7657461760
7994298368 7910196224 7916910080 7794874368 7711728640 7925220864
7821324288 7887754240 7999498240 7715619840 7611988992 7832419328
8018150400 7770610688 7698223616 7670657024 7595587584 7431118848
8091784192 7841540608 7690158080 7883245568 7730040320 7371189248
7774920192 7680823296 7699106816 7765116416 7613366272 7508174848

1709784064 1646321152 1549496832 1541314560 1614067456 1801090560
1684746240 1839839744 1562378496 1300646400 1419457792 1476516864
1478718720 1499506688 1521850624 1214493440 1307385344 1423730944
1445390080 1545026048 1545861888 1435012096 1469316096 1400990464
1580101632 1496283136 1444297728 1432078848 1711867648 1500770304
1644363520 1739981568 1617324032 1660379392 1705117952 1400121088

0 0 0 0 0 0
0 0 0 0 0 0
0 0 0 0 0 0
0 0 0 0 0 0
0 0 0 0 0 0
0 0 0 0 0 0

0 0 0 0 0 0
0 0 0 0 0 0
0 0 0 0 0 0
0 0 0 0 0 0
0 0 0 0 0 0
0 0 0 0 0 0

0 0 0 0 0 0
0 0 0 0 0 0
0 0 0 0 0 0
0 0 0 0 0 0
0 0 0 0 0 0
0 0 0 0 0 0

0 0 0 0 0 0
0 0 0 0 0 0
0 0 0 0 0 0
0 0 0 0 0 0
0 0 0 0 0 0
0 0 0 0 0 0

0 0 0 0 0 0
0 0 0 0 0 0
0 0 0 0 0 0
0 0 0 0 0 0
0 0 0 0 0 0
0 0 0 0 0 0

0 0 0 0 0 0
0 0 0 0 0 0
0 0 0 0 0 0
0 0 0 0 0 0
0 0 0 0 0 0
0 0 0 0 0 0

3562056192 3634682368 3774675968 3938331136 3765040896 3755443968
3750029312 3479355392 3677689344 3733957632 3802907648 3766226432
3812682240 3748944384 3634003968 3652128768 3771440384 3863978496
3653337344 3989865472 3768574976 3728343552 3752592896 3639503360
3485585152 3820335616 3643152384 3514859008 3571317504 3793483264
3584326144 3497708032 3580610560 3461000704 3666985984 3894459904

0 0 0 0 0 0
0 0 0 0 0 0
0 0 0 0 0 0
0 0 0 0 0 0
0 0 0 0 0 0
0 0 0 0 0 0

1792826112 1745066496 2001538304 1912412800 1650205568 1643502208
1738915072 2114039296 2131774720 2032872320 1838728448 1609378816
1736884736 1906671232 1984261632 1991594752 1897371136 1633312000
1718859136 1946486528 1833663104 1693579904 1667547648 1619697280
1745433472 1708977152 1826606592 1819840640 1627007232 1615344128
1793678464 1631412736 1952282624 2010223104 1687909376 1612498048

0 0 0 0 0 0
0 0 0 0 0 0
0 0 0 0 0 0
0 0 0 0 0 0
0 0 0 0 0 0
0 0 0 0 0 0

0 0 0 0 0 0
0 0 0 0 0 0
0 0 0 0 0 0
0 0 0 0 0 0
0 0 0 0 0 0
0 0 0 0 0 0

0 0 0 0 0 13302720
0 0 0 0 0 0
0 0 0 0 0 0
7648320 0 0 0 0 0
0 0 0 0 0 0
0 0 0 0 0 30281856

0 0 0 0 0 0
0 0 0 0 0 0
0 0 0 0 0 0
0 0 0 0 0 0
0 0 0 0 0 0
0 0 0 0 0 0

4706949120 4717648896 4371553280 4577615872 4795590144 4792997376
4868485632 4532851200 4293058048 4639526912 4881650688 4674910208
4847168000 4665251840 4457647104 4579463680 4536221696 4617742848
4672698368 4707546624 4452831232 4562940928 4529044992 4754196992
4523499520 4401505792 4315415552 4488026624 4611149824 4698773504
4526393856 4556932096 4386105344 4451796992 4791138304 4498227200

0 0 0 0 0 0
0 0 0 0 0 0
0 0 0 0 0 0
0 0 0 0 0 0
0 0 0 0 0 0
0 0 0 0 0 0

5649731584 5589983232 5616889344 5841766400 5685662208 5508762624
5710786560 5765027840 5460309504 5582532608 5951030784 5716120064
6031207424 5939115008 5584704000 5604987392 6012484608 5752375808
6011163136 5842810368 5639945728 5763417600 5876237824 5564295680
5788284928 5802564608 5683854848 6032313344 5913550848 5512458752
5421099008 5674239488 5781932544 5939034624 5775579648 5398356992

0 0 0 0 0 0
0 0 0 0 0 0
0 0 0 0 0 0
0 0 0 0 0 0
0 0 0 0 0 0
0 0 0 0 0 0

1778424960 1755398912 1682731392 1834812032 1591642112 1571584640
1734981376 1578460672 1627423232 2037548416 1906585856 1819888640
1854376320 1709575552 1653830912 1748882432 1700651008 1639633920
1670234624 1683542016 1553743872 1577046272 1611956608 1420390272
1585979648 1652161536 1546464640 1714825088 1799479808 1699875072
1808690688 1800667136 1852148224 1906388224 1723705984 1726426368

261665536 190635008 693273856 390917760 0 0
375150080 313384576 429338496 404703616 182030976 269840128
470160768 394618368 241780736 137991808 250804992 463945216
265597312 238182912 306901504 408359680 382567424 477967872
137859584 106788480 249477376 427202560 300291328 280249472
182015360 168754176 203871872 314102912 254003328 279242368

289816608 256573472 464600672 328782720 273527040 288207072
421809152 411024832 385390592 408652352 511345376 410353824
469712192 595071616 383534400 545257792 616775488 400536384
329807936 527048576 649463296 453012672 366686080 372129056
478469984 541995008 579082880 505453088 475981120 404163968
524448448 467514976 607351104 695210176 584933824 520266528

0 0 0 0 0 0
0 0 0 0 0 0
0 0 0 0 0 0
0 0 0 0 0 0
0 0 0 0 0 0
0 0 0 0 0 0

1203323392 896923008 1265518208 1242977792 1006619584 838682112
1207570176 860029888 971469952 1131287936 951082496 876064832
1099979008 814948480 1019543424 1104685056 960883712 1024665216
975290176 1113626112 1183669760 996450752 1083161088 1172967424
1073564800 1236997632 1262122496 1015743936 817572992 1094128896
1234513920 1158844160 935385088 821958400 776310400 955393536

5539262976 5692210688 5699275776 5577327104 5629393408 5590093312
5539687424 5412978688 5481506816 5393794048 5536958464 5623335936
5677726720 5585344512 5660329984 5413274624 5500707840 5602689536
5608801792 5498140672 5611845632 5619455488 5568916480 5492371456
5559520256 5570565632 5733851136 5733396480 5659061760 5772026368
5472411648 5578101760 5687298048 5671898624 5529101824 5446812672

2329731584 2203098624 2181395200 2072362496 2105010560 1952387328
1993110528 1915116800 2222213120 2102647552 2063810560 2114377856
1933705984 1769934976 2027822592 2094445440 2061007616 2331232512
2217434880 1840270336 2097245952 2218338816 2195867136 2291878656
2214967552 2220104704 2163941376 2184637696 2192613120 2130755968
2125076480 2127542912 2256513280 2078635520 2152171520 2242852864

0 0 0 0 0 0
0 0 0 0 0 0
0 0 0 0 0 0
0 0 0 0 0 0
0 0 0 0 0 0
0 0 0 0 0 0

2776918528 2998288384 2854244608 2918926592 2841012736 2564717568
3063729664 2968928256 2703243008 2511269632 2806850816 2740522240
2906675200 2883877632 2767019776 2736920320 2731997696 2517536768
2932596736 2739511808 2784013056 2909609984 2913997056 2817078016
2864440576 2712756736 2330586624 2941987072 3041878016 2892378368
2882897920 2797767168 2636265984 2932251648 3171535360 2697612288

1552126720 1444808064 1598006016 1592000128 1331150080 1416671616
1659671808 1579918720 1756645632 1843670400 1310755584 1337426944
1501463552 1588115328 1943620608 1696104832 1353395968 1261731200
1313585664 1630358656 1702608128 1599335680 1443111680 1072458112
1425878016 1478715008 1465627008 1778764544 1385918464 834061824
1645956480 1514961920 1561975552 1737886208 1377944576 1041203712

0 0 0 0 0 0
0 0 0 0 0 0
0 0 0 0 0 0
0 0 0 0 0 0
0 0 0 0 0 0
0 0 0 0 0 0

0 0 0 0 0 0
0 0 0 0 0 0
0 0 0 0 0 0
0 0 0 0 0 0
0 0 0 0 0 0
0 0 0 0 0 0

2436212736 2311134208 2438190080 2553681408 2577584128 2504709888
2420713472 2342304256 2475335168 2682229248 2461858560 2354109696
2327342592 2380037376 2423583488 2627372544 2287286784 2109457152
2488748288 2591383808 2581937920 2607066624 2376121088 2085669504
2792199168 2781580800 2589817856 2645417984 2418928640 2302974976
2844907776 2853801472 2673660160 2404507648 2243079168 2409364224

0 0 0 0 0 0
0 0 0 0 0 0
0 0 0 0 0 0
0 0 0 0 0 0
0 0 0 0 0 0
0 0 0 0 0 0

325394944 297335808 187481344 134520832 181794688 213053824
221913728 231767808 125297472 2907776 278335744 487630400
288489856 172258048 109502016 294394368 402472512 452798592
374804736 370584064 0 0 111265920 280212480
520959680 342558720 0 0 134372864 294784832
386080128 157290368 343189440 384359680 435383040 402894720

3982734336 4058417664 4204704000 4297927168 4122975488 4014106112
4148370176 4183513600 4026226176 4096346112 4182942976 4102843904
4264495104 4220944640 4233366272 4030737664 4076751360 4208645888
4342973440 4288313856 4307457024 4185947904 4199016704 4305514496
4105059072 4190889216 4152445952 4142934528 4192346624 4131783168
4176836096 4222693632 4121014784 3859891968 3868566016 3798480640

0 0 0 0 0 0
0 0 0 0 0 0
0 0 0 0 0 0
0 0 0 0 0 0
0 0 0 0 0 0
0 0 0 0 0 0

0 0 0 0 0 0
0 0 0 0 0 0
0 0 0 0 0 0
0 0 0 0 0 0
0 0 0 0 0 0
0 0 0 0 0 0

3396523008 3282188544 3209897472 3066857728 3093661184 3295922176
3358516224 3050842880 3053689856 3094483968 2965084928 3066774784
3238031616 2925478656 3301472256 3131238400 2954829824 3102490368
3312151808 3333987328 3267816960 2931015936 3040237824 3118852096
3390137856 3513923072 3390422016 3055613184 3255420928 3307845632
3037872128 3243156480 3445785600 3279353344 3246664704 3342870016

0 0 0 0 0 0
0 0 0 0 0 0
0 0 0 0 0 0
0 0 0 0 0 0
0 0 0 0 0 0
0 0 0 0 0 0

1915130368 2141214336 2006867072 2045493376 1925110144 1933862912
2236878080 2115284096 2176695296 1999962880 1949004800 2212168448
2142787328 2156558080 2130046464 2019971840 2028054016 2228657664
2079559680 2225361920 2105216000 2069385472 1996346752 1898462080
2084817408 2290851840 2025756672 2052718720 1892112128 1966184704
1847182208 2071821824 2177821440 2085255168 1891394304 2105795328

0 0 0 0 0 0
0 0 0 0 0 0
0 0 0 0 0 0
0 0 0 0 0 0
0 0 0 0 0 0
0 0 0 0 0 0

682705920 592985600 544536320 392753408 463996160 322697216
514987264 831546880 887513088 632120832 586934784 530694144
749556992 883228160 753688064 640150016 586609920 216157184
609947136 636291584 619485440 493424384 465016832 377956352
580774400 711416320 721585920 611544320 437406720 364143616
706216704 778041600 718244608 661635840 607654144 371353600

2515269632 2336033792 2376263680 2567516416 2749204480 2694107136
2468105216 2452794880 2305469696 2364948992 2572824576 2696802816
2481501696 2416363776 2312476160 2256040960 2293307392 2335527936
2561148928 2696228864 2328359168 2515100416 2342574848 2326656000
2357565440 2350340608 2191723520 2384986112 2429058048 2465473280
2460542464 2338614272 2438447360 2573080832 2626777344 2353272832

0 0 0 0 0 0
0 0 0 0 0 0
0 0 0 0 0 0
0 0 0 0 0 0
0 0 0 0 0 0
0 0 0 0 0 0

0 0 0 0 0 0
0 0 0 0 0 0
0 0 0 0 0 0
0 0 0 0 0 0
0 0 0 0 0 0
0 0 0 0 0 0

0 0 0 0 0 0
0 0 0 0 0 0
0 0 0 0 0 0
0 0 0 0 0 0
0 0 0 0 0 0
0 0 0 0 0 0

4565175808 4592955904 4600561664 4671107072 4614158848 4480000000
4625978368 4423879680 4265204480 4514187264 4098462976 4270105600
4747690496 4377300992 4302001152 4186178048 4140928000 4404281344
4477613568 4436297728 4398295040 4365711360 4427162112 4312480768
4410394624 4454547456 4346373120 4429088768 4571709952 4409558016
4629420032 4699867136 4364030976 4518778368 4515814400 4341788160

0 0 0 0 0 0
0 0 0 0 0 0
0 0 0 0 0 0
0 0 0 0 0 0
0 0 0 0 0 0
0 0 0 0 0 0

6240535552 6321133568 6352135680 6640276480 6153814528 6257658368
6364451328 6508908544 6491700224 6520707584 6451584512 6398681088
6483768832 6518524928 6435102720 6224584192 6465848320 6222422016
6342616576 6258834432 6171056640 6241854976 6339682816 6084439552
6393463808 6190969856 6277999104 6475993600 6270304256 5910492160
6350168064 6263832064 6347888640 6495340544 6295353856 5913090048

0 0 0 0 0 0
0 0 0 0 0 0
0 0 0 0 0 0
0 0 0 0 0 0
0 0 0 0 0 0
0 0 0 0 0 0

0 0 0 0 0 0
0 0 0 0 0 0
0 0 0 0 0 0
0 0 0 0 0 0
0 0 0 0 0 0
0 0 0 0 0 0

0 0 0 0 0 0
0 0 0 0 0 0
0 0 0 0 0 0
0 0 0 0 0 0
0 0 0 0 0 0
0 0 0 0 0 0

3521889792 3862234368 3531810816 3746301440 3771444736 3568420608
3463511040 3730745088 3635969536 3646089984 3721596160 3566587648
3148719104 3497704448 3563502336 3481528320 3733113344 3540826112
3463827200 3720230400 3545675776 3390395648 3670208000 3537565440
3564721664 3753200640 3576315904 3478212096 3613195776 3665258496
3508789248 3491805184 3590011136 3542485248 3655314944 3844213504

1905743872 1809656704 1745891584 1807915264 1822269184 1912972160
1864681984 1691658368 1937873408 1934007808 1901362432 1964437504
1888985728 2038285056 2070302848 1916363264 1803689472 1712424704
2091119232 2242853376 2190958592 1922520320 1625722496 1635983744
2095356416 2098125696 1973874688 1931590016 1781508480 1885351936
1780658560 1811324800 1923387648 1908653952 1636028544 1732262016

105865088 199562112 419993280 424911680 250116992 20334976
339446912 471721472 306681600 520340352 447249152 116625728
449277568 223086080 342286208 334945920 191105472 53958976
304253184 62282496 392080384 94097024 0 0
300815296 416825344 346307072 155050496 0 229203776
214490176 207645056 160832640 137240640 0 158400256

6926080 0 296502912 395688064 361809664 477693824
136539392 4691968 311478656 444725504 191607936 261986816
202033920 0 115726976 0 31917952 116703488
94928256 138279808 49478144 0 280639872 282200320
237955328 217194496 287680256 310559872 533566592 424852480
478087808 224958080 433334912 453026816 369736064 441925376

0 0 0 0 0 0
0 0 0 0 0 0
0 0 0 0 0 0
0 0 0 0 0 0
0 0 0 0 0 0
0 0 0 0 0 0

2611067392 2611027456 2736981504 2870991360 2926360576 2787597824
2832792576 2841695232 2693848064 2893851648 2811704832 2898548224
2822319104 3171122688 2705468928 2711058944 2797716992 2850711552
2518354432 2757202944 2685546240 2368153344 2750161408 2710948864
2605943296 2382381056 2637665792 2639060480 2659636992 2711406848
2623205376 2446540032 2673906688 2686708480 2562802176 2533405696

424485824 321277248 79137536 215526016 55545024 0
277927616 114219776 60420480 167186176 158340608 98083200
72272320 206325632 117895744 305471232 398789440 221130816
0 190618048 131040640 114820160 369904576 204598016
0 200208256 288948864 83318144 283303488 321531136
216522176 273279808 343567744 23951808 16004224 264008064

1228932352 1498534656 1475748096 1343837184 1130410496 1071257856
1133979648 1086997504 1308540416 1279161856 1144757248 1139603456
1003816960 1037227776 1167641856 1143772416 1070211328 963376640
1044855808 1274788352 1458830336 1392910592 1135927040 712449792
1026421760 1198848512 1207337216 1380165632 1355145984 1035076352
898376192 881525504 1054271744 1254857472 1412747264 1274787072

0 0 0 0 0 0
0 0 0 0 0 0
0 0 0 0 0 0
0 0 0 0 0 0
0 0 0 0 0 0
0 0 0 0 0 0

3631153408 3944658688 3829611008 3855036928 3786081024 3897000448
3850201088 3896406528 3763149824 3558528000 3566354432 3821518080
3964113920 3738648576 3645872128 3527477504 3579942400 3727550720
3815275520 3767677952 3889075712 3719096320 3779886336 3722518528
3878736896 3864631808 3695805696 3700853504 3707811328 3690953472
3815569920 3634249984 3454157824 3259250688 3706559744 3644145152

0 0 0 0 0 0
0 0 0 0 0 0
0 0 0 0 0 0
0 0 0 0 0 0
0 0 0 0 0 0
0 0 0 0 0 0

752458880 527580800 120841472 203116288 360651264 506141184
525587968 570823424 256274176 257553920 429790720 613205504
371602048 440939264 396932480 679105728 367023360 528534912
180294656 353365760 314995584 568307456 682800128 621406720
236235392 328085376 468625536 433439360 483112448 582631168
269898240 257087232 574068992 635369280 192700288 246717184

794985216 560626176 448607104 633234176 404919232 525343488
850601344 501474112 411132256 396701888 240468544 298393472
763659008 568763776 736147200 422363232 474609600 543191744
670111616 470155872 808906240 539917376 539480000 432274240
696587456 533512864 499640480 418255520 552535488 366533088
454445376 665802240 504963968 633227584 825495168 694650496

579689984 687066496 704662784 408248544 258450208 362579744
653610048 579470592 752016896 581143040 419067936 425970016
451775968 485688672 470164704 390525120 428113120 357026880
18264960 390031520 394750208 225777056 340772384 436295584
0 432454400 328669152 255898160 205192800 74232128
320049888 496654688 451726784 404242944 418499200 449559712

1690676736 1480974208 1344531968 1398447616 1538656768 1484784896
1720311040 1421724800 1425539328 1694663936 1708848640 1558027520
1697150848 1635159296 1598844416 1478158080 1470614656 1720720384
1570980992 1621931392 1524206080 1341690112 1733336960 1919564032
1610146560 1710551808 1661869056 1434420992 1357139456 1594426112
1568989312 1792035072 1807801344 1698975232 1167435008 1197676416

3507849728 3508230912 3658544896 3583830272 3622343168 3695868416
3421295104 3620686592 3616313600 3655539200 3587069440 3459863040
3471151360 3600340224 3873204736 3708624384 3693090816 3596666880
3555098368 3597879296 3726979840 3684764928 3797429760 3650083584
3752365824 3528860672 3680208384 3572684288 3501665280 3379686400
3370685952 3309584896 3752994304 3500005120 3539649024 3326711808

1264351616 1056012288 1050284288 901815168 1178522112 1192329216
1218851456 1074027264 1100210688 1066313216 1006563584 1186051072
1030350080 1373002112 1371337472 1156616192 1132748800 1262965760
1347015680 1197455360 1037161216 872356736 1145843712 1477426432
1589939200 1100015104 984596224 1018803200 1312285568 1445884544
1558064000 1308993536 1160704384 1052224640 1273099008 1513412352

0 0 0 0 0 0
0 0 0 0 0 0
0 0 0 0 0 0
0 0 0 0 0 0
0 0 0 0 0 0
0 0 0 0 0 0

665261824 596116992 759074304 1000491264 563792640 174313728
729398016 804111872 902510592 876156416 595093248 248045312
734141696 914707200 866914304 967851776 855542272 693982464
762158592 751107584 618854144 714177792 791029248 437653248
920550656 809904640 690642432 756676096 688278528 461687808
850382848 659785216 593866240 725067520 765894144 679167744

0 0 0 0 0 0
0 0 0 0 0 0
0 0 0 0 0 0
0 0 0 0 0 0
0 0 0 0 0 0
0 0 0 0 0 0

0 0 0 0 0 0
0 0 0 0 0 0
0 0 0 0 0 0
0 0 0 0 0 0
0 0 0 0 0 0
0 0 0 0 0 0

0 0 0 0 0 0
0 0 0 0 0 0
0 0 0 0 0 0
0 0 0 0 0 0
0 0 0 0 0 0
0 0 0 0 0 0

0 0 0 0 0 0
0 0 0 0 0 0
0 0 0 0 0 0
0 0 0 0 0 0
0 0 0 0 0 0
0 0 0 0 0 0

0 0 0 0 0 0
0 0 0 0 0 0
0 0 0 0 0 0
0 0 0 0 0 0
0 0 0 0 0 0
0 0 0 0 0 0

0 0 0 0 0 0
0 0 0 0 0 0
0 0 0 0 0 0
0 0 0 0 0 0
0 0 0 0 0 0
0 0 0 0 0 0

2885756928 2992463360 2868946688 2941344000 2943468288 2977257472
3075767808 3222832640 3007742976 2947329024 3013975040 3235928832
3243275776 2818479104 2835569152 2783318528 3114722304 3203873792
3061894912 2815348224 2901532160 3036764416 3102397696 3084689920
3257092096 2951551744 3059719680 3201145600 3082083840 3064969472
2971510784 2798707200 2727752704 2743386368 3024279552 2924239104

3116359680 2976830976 3050388480 3294640384 3451292160 3373047296
3311275264 3030997504 3103533312 3328793600 3366384640 3176401664
3353331456 2980589312 2910483200 3466176512 3241933568 3081156352
3011472896 3068893184 3061603584 3418550272 3429173248 3222364160
3271337472 3244796416 3218379776 3429426944 3435284224 3480912128
3362140928 3288134656 3223482624 3261276672 3236158464 3258509824

0 0 0 0 0 0
0 0 0 0 0 0
0 0 0 0 0 0
0 0 0 0 0 0
0 0 0 0 0 0
0 0 0 0 0 0

0 0 0 0 0 0
0 0 0 0 0 0
0 0 0 0 0 0
0 0 0 0 0 0
0 0 0 0 0 0
0 0 0 0 0 0

0 0 0 0 0 0
0 0 0 0 0 0
0 0 0 0 0 0
0 0 0 0 0 0
0 0 0 0 0 0
0 0 0 0 0 0

282241696 585262848 390038368 370578272 159742816 63272800
358369696 301955040 205939648 241745152 273794112 111955136
288543104 0 167607104 268826592 438448192 57365792
140274944 259926784 285050304 296375872 326654080 346025152
132454016 242054016 83869056 158108224 297958528 743021696
281557184 200224992 153226080 347786912 337637216 491864352

3696082432 3798808064 3691668736 3563167744 3432951808 3301011968
3364001792 3494577152 3512305152 3504243712 3520258304 3228649472
3607682048 3590000384 3603250944 3558712576 3367562240 3230560256
3461945856 3476602368 3313394176 3415855616 3458044416 3523109376
3380104192 3267150080 3356388352 3732138240 3738289408 3523454976
3511657728 3463352832 3536695552 3708755200 3620668928 3593642240

1792083840 2022938496 1774228992 1585762944 1542181248 1607649536
1848366720 2150537472 1898523136 1806965120 1804875648 1702363648
1874764672 2028187904 1741778944 1794410240 1712386944 1848461056
1765400960 1568858368 1719031168 1756129408 1783386624 1738888832
1887775360 1842522624 1868710400 1847334528 1938463872 1596324864
2019583488 2140965888 2123366912 2007357440 1957465600 1918438144

1901790464 1709323008 1467613568 1690717312 1815321088 1550657536
1732364800 1758854272 1560139264 1492200704 1464124032 1361570048
1729226752 1745632896 1718922368 1705164288 1543125632 1367521792
1870984704 1612377856 1787616512 1770193792 1561591296 1366901504
1544318208 1643139968 1604774016 1460354176 1669912960 1566430592
1281908736 1407425792 1372216448 1472025216 1639430144 1721569024

1162319360 1050786048 970602752 1125768192 1252462592 1268043008
1262214656 1153583616 929814016 969857792 1258447616 1076124672
1153294848 1341221376 1187993600 1141518592 1436503552 1100592128
1068737792 1329031680 1292557824 1013510656 1306520064 1120200448
1149302784 1125381632 1067834368 794781696 959494144 874781952
1263455488 1181899776 1061283584 1215394304 1217827840 1072302592

5800433664 5731446784 5748905984 5716017152 5829068800 5771698176
5789457408 5963035136 5743961088 5526990848 5606069248 5609569280
5903400448 6002499584 5906456064 5517366784 5269304320 5220618240
5661963264 5687146496 5724365824 5320708096 5190982656 5189248512
5631233024 5568572928 5723786240 5583020544 5538546176 5349531136
5833715712 5403993088 5761994752 5829064704 5858406400 5480356352

1428670464 1433832192 1368819328 1395080576 1378656512 1102636672
1505648128 1479842560 1562462080 1456224512 1343419776 1438083072
1390276224 1367732480 1514736128 1400823168 1544278272 1516970880
1158492928 1347422208 1355836800 1355056000 1553325824 1328075008
1186934912 1432396544 1644825472 1394351616 1493062400 1184093952
1301977216 1303492864 1433002752 1139860736 1154679552 1210248320

2184522752 2147548160 2107119872 1826426112 1790958592 1893331200
2101887360 2005388288 2120769664 2067769344 1924407936 2021820032
2057669632 2091548544 2188592128 2259160576 1970208896 1770022784
2148570624 2104904448 2392758272 2137478144 1846837632 1821678464
2194682112 1943557120 2128918400 2096079744 2106076416 1986368512
2153854720 1997681920 1964017536 1997057792 1946006016 1752382464

0 0 0 0 0 0
0 0 0 0 0 0
0 0 0 0 0 0
0 0 0 0 0 0
0 0 0 0 0 0
0 0 0 0 0 0

672485376 425465088 471457792 568881792 546303360 225008640
624652160 483417600 449147648 555692544 462376704 121782272
558585600 389499136 371431680 532457984 441577344 452731392
517762176 455834880 479516672 550927872 492863360 490663552
195790848 483604992 676834944 293979776 409849088 380749824
74328960 388670208 551017728 402673152 379305856 310900992

4253200384 4417211904 4222844928 3960252672 4171238912 4416160768
4334331904 4186192128 3964513536 4132069888 4257889024 4335529984
4366895104 4104663808 4109345536 3976020736 3918041088 3929834240
4309003264 4104879104 4143557632 3995412736 3928665344 3735172096
4038058496 4088974080 4083499264 3868655872 3899868672 3874013952
4136601088 3984297472 4003965952 4022445312 4026436608 4119217664

280986720 512524096 785085184 506277792 435682048 588200640
335787584 470006688 586657344 655418560 569502400 671289984
554964224 388697760 428526624 836211136 589780032 600184448
697168768 402189024 494210176 919853312 602223360 556064256
577345088 544219776 574686080 665631552 455190208 516491552
629256256 471332320 507625984 489604544 348603456 465132128

7485038592 7681375744 7668102656 7451887104 7413925888 7357658112
7229640704 7820668928 7820191744 7436900864 7444003840 7494820352
7596246016 7653569024 7611149824 7543276544 7340215808 7621552128
7813804032 7559686656 7459798016 7410637824 7496456192 7440502784
7703000064 7475074048 7118816256 7348170752 7583016960 7384469504
7576273920 7377917952 7330275328 7627909120 7721108480 7635580928

0 0 0 0 0 0
0 0 0 0 0 0
0 0 0 0 0 0
0 0 0 0 0 0
0 0 0 0 0 0
0 0 0 103538880 0 0

5320392704 5256574464 5150587904 5014430720 4910067200 4810941440
5109708288 4934388224 5103173632 5123398144 5089254400 4926084096
5143601152 4786626560 4858028032 5017493504 5024691712 4729103360
5218419200 5054276608 4966164992 5060347392 5042810368 4752156672
5118517248 5137221120 5313278976 5151237632 5270352384 5151940608
4878203904 4865977856 5025324032 5109394432 5463671808 5253955584

4816889856 4664219648 4442956800 4508962816 4589769728 4399020032
4642014720 4571463168 4366618112 4355118592 4543969280 4330647552
4402473472 4328091648 4356455424 4245313280 4281971200 4251526656
4479437824 4251868416 4196036864 4425655296 4454609408 4410964992
4369451520 4302351872 4269575168 4444917248 4589196288 4418550272
4303099392 4447101952 4430106624 4468959744 4377873408 4364570624

0 0 0 0 0 0
0 0 0 0 0 0
0 0 0 0 0 0
0 0 0 0 0 0
0 0 0 0 0 0
0 0 0 0 0 0

0 0 0 0 0 0
0 28128128 0 0 0 0
0 0 0 0 0 0
0 0 0 0 0 0
0 0 0 0 0 0
0 0 0 0 0 0

0 0 0 0 0 0
0 0 0 0 0 0
0 0 0 0 0 0
0 0 0 0 0 0
0 0 0 0 0 0
0 0 0 0 0 0

0 0 0 0 0 0
0 0 0 0 0 0
0 0 0 0 0 0
0 0 0 0 0 0
0 0 0 0 0 0
0 0 0 0 0 0

0 0 0 0 0 0
0 0 0 0 0 0
0 0 0 0 0 0
0 0 0 0 0 0
0 0 0 0 0 0
0 0 0 0 0 0

4278657024 4276590592 4092395008 4051648000 4245979136 4268916736
4128180992 4038116352 4067155968 4168622592 4268627456 4080666624
4069283840 4129097984 4071329024 4144066816 4316898304 4101794304
4321203200 4396370944 4323425280 4187422976 4321426944 4155769344
4333070848 4337448960 4159215104 4135198976 4370859008 4351989760
4338276352 4292740864 4212186624 4050687744 4200387072 4483876352

3118003456 3238831616 3394221056 3547842816 3677639168 3611939584
3446936576 3274958080 3172661760 3231748864 3411704832 3471572736
3565869568 3485012992 3386976768 3280418304 3596224256 3374044160
3458749440 3367946752 3379998720 3337823744 3384708608 3087295488
3395492608 3129826304 3160932864 3288869376 3216845824 3178114560
3194597376 2987802880 3099868672 3412267008 3235867648 3127501568

689543936 487934592 677433472 880908544 814423936 749852160
487080064 491739904 807646208 861349248 713245952 645882880
578025088 735715072 719640320 786547072 605291520 503350144
637190144 603259136 489785984 591547008 630736384 606314240
852907904 614550528 455195392 539089408 760390656 611732224
880292352 855180928 722435840 674217600 741969408 608521344

2524958720 2310718464 2202575104 2219938304 2282622720 2469714944
2091904640 2190570496 2510163712 2335197440 2164744448 2116193280
2015488512 2343754496 2640454656 2360643840 2077365504 2000995456
2274556416 2146929408 2035707136 2179614464 2243870208 2368263168
2335766784 2156354560 2120136192 2144088576 2359447296 2476636928
2145933312 2112957952 2363483648 2319683328 2193305344 2213042944

0 0 0 0 0 0
0 0 0 0 0 0
0 0 0 0 0 0
0 0 0 0 0 0
0 0 0 0 0 0
0 5769472 0 0 0 0

0 0 0 0 0 0
0 0 0 0 0 0
0 0 0 0 0 0
0 0 0 0 0 0
0 0 0 0 0 0
0 0 0 0 0 0

0 0 0 0 0 0
0 0 0 0 0 0
0 0 0 0 0 0
0 0 0 0 0 0
0 0 0 0 0 0
0 0 0 0 0 0

3006500352 3095788032 3078770432 3120452096 2957563136 2649818112
2949114624 2985392640 3042711040 3021864192 2780111360 2658462464
2668491008 2975133696 2821545984 2915499008 2925119488 2770907392
2707737600 2878747904 2705799680 2961513472 3042502656 2899487488
2877833472 2884526080 2741843968 2850768384 2935758848 2961657088
3018460672 3014987776 2876875264 2980187648 2973220352 2844824832

5281483264 5241369088 5017770496 4936833024 4927597056 4977530368
5256995328 5089053696 4983003648 5007234048 4829777920 4775746560
5127945728 5138009088 5055397888 5295973376 4906873856 4868404224
5178287104 5177278464 4995737600 4987164672 5060201472 5255415808
5186556928 5302867456 5176427008 5132919296 5121788928 5281026048
5020592128 5206949888 5215720960 5331306496 5166532096 5136007680

1590659200 1328082944 1428604032 1529743488 1581765632 1493065344
1490372480 1628183552 1678083584 1734011520 1664511232 1378379008
1772857856 1723514496 1387656704 1558189568 1619088384 1560769024
1602679296 1406479616 1315871488 1499291136 1697594112 1608914944
1415348736 1400849024 1459497984 1723101952 1826731776 1677102592
1685084544 1649145472 1699224064 1771055232 1708781440 1567314048

5627106816 5439558656 5195902976 4996651008 5164257792 5304476160
5500662784 5386378240 5346828800 5286174720 5330010624 5157918208
5341842432 5265226752 5338172416 5441396736 5362658304 5244509696
5354091008 5370492928 5379446784 5386114560 5446410752 5285916672
5228114944 5426457600 5613555200 5353822720 5334434816 5336909312
5037282816 5329660928 5686877184 5527429120 5496742912 5630594560

0 0 0 0 0 0
0 0 0 0 0 0
0 0 0 0 0 0
0 0 0 0 0 0
0 0 0 0 0 0
0 0 0 0 0 0

0 0 0 0 0 0
0 0 0 0 0 0
0 0 0 0 0 0
0 0 0 0 0 0
0 0 0 0 0 0
0 0 0 0 0 0

3586321408 3550508288 3450686976 3318967808 3672765952 3722389248
3396945920 3325312512 3259993856 3168102400 3298245632 3454448640
3348436992 3429954816 3348439040 3234605056 3001050624 3161796608
3314489600 3445054976 3494963712 3358086656 3168638464 3206477312
3520860416 3325992704 3623051008 3441562624 3466731520 3320959488
3589030912 3422850048 3605470464 3323588864 3247256576 3223672832

3818470656 3863537152 3765344768 3748912896 3700463616 3839628032
3871623680 3924418048 3571529984 3611671040 3732584448 3872287744
3812674560 3786634240 3755651584 3670135296 3583740672 3831440128
3585631744 3778976768 3774191616 3662595072 3549458688 3615817216
3506030592 3697170176 3838587392 3807237632 3972827904 3996779264
3771328512 3650230272 3680217088 3717028352 3954442752 3861238784

0 0 0 0 0 0
0 0 0 0 0 0
0 0 0 0 0 0
0 0 0 0 0 0
0 0 0 0 0 0
0 0 0 0 0 0

0 301570464 368573152 423049152 112527552 41685424
0 105934720 55208608 324883392 491890176 410794688
245220112 113451952 0 57403936 106367616 114023936
0 325317120 256529600 183202624 102660288 0
30868672 203471392 463777536 340480800 232310976 258564128
246326592 206203840 395437312 334684736 81891488 0

1131456384 1338179840 1245610112 1046072448 964543424 1078148480
1212379392 1326901760 1052233152 1177236736 973958016 1189242368
1257587712 1107141376 1101907200 1011807744 967481856 1173400192
936027840 894960704 1142462848 1143870848 1003668800 1309517952
1267037952 1101255424 923714560 1067412736 1166751488 1351576832
1197016576 1029088384 1090517760 1029715456 1045399168 1180963456

5986802688 5771386368 6094814720 5956767232 5914462208 5960037376
6173293568 5964818432 6095526912 5981873152 5892854784 5705501696
6268014080 6045771264 6074857472 6129273856 6168126464 6133264896
6055362560 5930509312 5945170944 5967419392 6105602560 6073303040
6014858240 5707034624 6006502912 6119457792 6136039424 5989214208
5769927680 5812082176 5863921664 5870161408 6084859904 5860538368

259786848 362035392 214292048 0 0 0
180652496 448834496 156057712 0 115877120 220804656
96581200 269074080 211662704 453693120 381820768 70860848
175164016 295334528 354720320 454452256 124758560 107407168
6669120 389799040 227254928 213160384 289263616 174821952
163055280 291423040 177800832 239090736 514663264 265908640

4000095744 3887708416 3897628928 4055955712 4009020672 3890454016
3934173440 3941497856 4201461760 4022466560 3673929728 3870960128
3824212992 3937616896 4086501888 3989296896 3907511040 4017142528
3702568960 3751490560 3749683456 3989932800 4105949952 3933879296
4029419520 3855977472 3930294272 3892504576 3837535744 3906910464
3955543296 3860326400 3655064064 3733829888 3793803776 3414202624

250794624 0 0 0 129110912 114898432
79102080 140702848 266821120 37499008 0 0
55504896 22074368 53625600 19208576 164546304 9832576
0 88907520 0 24034816 0 0
172100480 123042304 134691840 156330624 35909248 74403200
195102976 0 214302336 191390720 168044032 240402176

8319961088 8000225280 8010393600 7948488192 7964678144 7860030976
8131853312 7915652608 7835809280 8126085632 8173472768 7969232384
8073946624 7731315200 7971237376 8223206400 8201869824 7877972992
7871830016 7589886464 7984765440 8018195456 7761687552 7788578304
7832664576 7713476608 8189764608 8191340032 7924644864 7845889536
8145196032 8010241024 8007499776 8144379904 8036442112 7859961344

0 0 0 0 0 0
0 0 0 0 0 0
0 0 0 0 0 0
0 0 0 0 0 0
0 0 0 0 0 0
0 0 0 0 0 0

3882887680 3690077696 3690098432 3849062400 3797185280 4008548608
3778087936 3775046912 3797302528 3741903360 3800417024 3904590080
4159606528 4081185792 3695756288 3694528000 3858364928 3802633728
4013423872 3905302016 3630273280 3590407680 3838512128 3859755520
3710795264 3898360064 4034318848 3787348224 3810628096 3890600704
3763204096 3976642048 4242030336 3984746496 3876541184 3977451776

0 0 0 0 0 0
0 0 0 0 0 0
0 0 0 0 0 0
0 0 0 0 0 0
0 0 0 0 0 0
0 0 0 0 0 0

9256329216 9320923136 9435564032 9423912960 9222017024 9131843584
9015710720 9208035328 9306898432 9112610816 9086434304 9066509312
9084990464 9379138560 9282081792 9098928128 9015107584 9017790464
9280370688 9230861312 9011138560 9082107904 9073011712 8952087552
9300398080 9139627008 9094893568 9162563584 9170215936 9150127104
9299364864 9265334272 9424512000 9249713152 9203039232 9235962880

1611941760 1523312896 1518767872 1602395008 1620567040 1490774144
1484286848 1518003456 1407998976 1632263424 1705856128 1717759232
1739279744 1561346048 1396002304 1771291136 1593822464 1569312000
1663660672 1553431808 1508687616 1765713280 1681083648 1595853696
1712549120 1474473216 1413524992 1659400832 1811461120 1739544320
1766589184 1621658112 1646734336 1477862784 1575826432 1626540288

0 0 0 0 0 0
0 0 0 0 0 0
0 0 0 0 0 0
0 0 0 0 0 0
0 0 0 0 0 0
0 0 0 0 0 0

239740736 240630864 377039936 466563168 178048864 0
439504320 407471456 328697312 214644032 116992848 134773008
459944448 307381952 117769040 234475264 362847680 421052288
178472800 230432640 539254912 477867488 574676608 310836288
493734464 464293376 614649088 454227584 382322176 261901920
461508352 408797376 368942624 434624064 392170144 238556032

0 0 0 0 0 0
0 0 0 0 0 0
0 0 0 0 0 0
0 0 0 0 0 0
0 0 0 0 0 0
0 0 0 0 0 0

1915789824 1947673088 2154408704 2026437632 1997376128 2080017536
2006130432 2106093952 2051673216 2194911232 2096082176 2322519040
1986945152 1895809664 1966938112 1887217536 2017662592 2397283328
2128049408 1945601920 2028135168 1981471360 1929792000 1827067520
2191753984 1873896320 1999257088 2254600960 2197128960 2005838208
1942401536 1839998336 2155294976 2222636288 2365528064 2046928640

1609856256 1429484288 1373275264 1223131264 1225746432 1318671360
1603867264 1504120960 1465748608 1379257344 1348122752 1274063616
1301280896 1416470272 1298237952 1357500416 1266213760 1269708416
1272489728 1293163264 1337338368 1107569536 1216375936 1289632000
1490578432 1250360448 1398413312 1111479552 1112632704 1437119744
1581734144 1155227392 1116628992 1205488768 1263388416 1292725248

0 0 0 0 0 0
0 0 0 0 0 0
0 0 0 0 0 0
0 0 0 0 0 0
0 0 0 0 0 0
0 0 0 0 0 0

0 0 0 0 0 0
0 0 0 0 0 0
0 0 0 0 0 0
0 0 0 0 0 0
0 0 0 0 0 0
0 0 0 0 0 0

0 0 0 0 0 0
0 0 0 0 0 0
0 0 0 0 0 0
0 0 0 0 0 0
0 0 0 0 0 0
0 0 0 0 0 0

0 0 0 0 0 0
0 0 0 0 0 0
0 0 0 0 0 0
0 0 0 0 0 0
0 0 0 0 0 0
0 0 0 0 0 0

0 0 0 0 0 0
0 0 0 0 0 0
0 0 0 0 0 0
0 0 0 164785280 0 0
0 0 101464816 0 0 0
0 0 0 0 0 0

0 95238080 533213312 404085472 15544192 315448640
201628544 284460384 457779008 306107072 0 0
182647040 486317408 383356224 202620992 0 68999232
0 20614016 188125248 312884928 7002656 134079488
121164672 28744576 245824320 77593504 15429056 185229440
207340928 136292480 103321408 0 33675328 0

0 0 0 0 0 0
0 0 0 0 0 0
0 0 0 0 0 0
0 0 0 0 0 0
0 0 0 0 0 0
0 0 0 0 0 0

1544701824 1330873856 1303456128 1398788096 1426536704 1179759104
1437529088 1429101184 1475264512 1349017344 1297788288 1227196288
1318648320 1317616640 1506962688 1404911616 1158761472 1236790912
1256194688 1096046976 1465357440 1457934592 1074950656 1059134976
1196410112 1184052736 1483955200 1649417728 1338019200 1232902400
1482274048 1468251648 1420527488 1639937792 1892687232 1669650176

0 0 0 0 0 0
0 0 0 0 0 0
0 0 0 0 0 0
0 0 0 0 0 0
0 0 0 0 0 0
0 0 0 0 0 0

0 0 0 0 0 0
0 0 0 0 0 0
0 0 0 0 0 0
0 0 0 0 0 0
0 0 0 0 0 0
0 0 0 0 0 0

0 0 0 0 0 0
0 0 0 0 0 0
0 0 0 0 0 0
0 0 0 0 0 0
0 0 0 0 0 0
0 0 0 0 0 0

1129110144 1112414336 877985792 940894976 847269248 1129278720
1284200448 983112640 932805184 1240014976 998507392 1037940096
1151379200 1026992768 1151022720 1301092864 1191431040 1183191936
1024807808 1001602496 879396800 894078016 1246653952 1124236800
1273484032 1290956928 956439552 1002674816 1132230912 1184010752
1303936640 1576492800 1579767296 1313136640 1272888704 1259300608

0 0 0 0 0 0
0 0 0 0 0 0
0 0 0 0 0 0
0 0 0 0 0 0
0 0 0 0 0 0
0 0 0 0 0 0

0 0 0 0 0 0
0 0 0 0 0 0
0 0 0 0 0 0
0 0 0 0 0 0
0 0 0 0 0 0
0 0 0 0 0 0

0 0 0 0 0 0
0 0 0 0 0 0
0 0 0 0 0 0
0 0 0 0 0 0
0 0 0 0 0 0
0 0 0 0 0 0

0 0 0 0 0 0
0 0 0 0 0 0
0 0 0 0 0 0
0 0 0 0 0 0
0 0 0 0 0 0
0 0 0 0 0 0

0 0 0 0 0 0
0 0 0 0 0 0
0 0 0 0 0 0
0 0 0 0 0 0
0 0 0 0 0 0
0 0 0 0 0 0

1005537600 877799808 888231232 804489088 813574656 757746304
631736640 806614528 852202752 841875200 782549632 844060800
696303104 913154816 844016000 830385024 869578176 980366336
696473088 861807872 796266624 775562688 1082107776 1229694720
782435840 833344896 928374784 868295360 966329920 819179776
962727040 953083904 954510528 994350592 959525632 991498880

6758240256 6903599104 7027209728 7118053888 6930270208 6796548096
6968112640 6875788288 6914969600 6876047360 7023740928 6995899392
7039587840 7105712640 6827098112 6806765568 6883512832 6840177152
6813053952 6961439232 6653894656 6629890560 6716457472 6535366656
7013943808 6962366976 6901112320 6665423360 6765414912 6596199424
6913758208 6701934592 6793318912 6819971072 6779553280 6681415680

1740774144 1594391296 1527706112 1860366464 1934984192 1826555392
1760448384 1738016000 1530023296 1468100096 1559108224 1562794496
1856356480 2010479744 1808067200 1513645568 1551454336 1432018048
1874483456 1934607744 1796622976 1640006528 1888934016 1789947264
1598434560 1754339840 1959453440 1569455872 1639498752 1802658432
1701026176 1951883008 2001320064 1801728128 1625791872 1557012992

0 0 0 0 0 0
0 0 0 0 0 0
0 0 0 0 0 0
0 0 0 0 0 0
0 0 0 0 0 0
0 0 0 0 0 0

0 0 0 0 0 0
0 0 0 0 0 0
0 0 0 0 0 0
0 0 0 0 0 0
0 0 0 0 0 0
0 0 0 0 0 0

0 0 0 0 0 0
0 0 0 0 0 0
0 0 0 0 0 0
0 0 0 0 0 0
0 0 0 0 0 0
0 0 0 0 0 0

0 0 0 0 0 0
0 0 0 0 0 0
0 0 0 0 0 0
0 0 0 0 0 0
0 0 0 0 0 0
0 0 0 0 0 0

3107156480 3125965312 3197239808 3142812928 3383630848 3379311360
2944750080 3233857536 3358640640 3083696128 3271233536 3362483712
2952458240 3128480256 3269019392 3098914304 3294155264 3311747072
3161431040 3105397504 3116036608 3051636480 3349026304 3500422656
3330459136 3156077568 3201777408 3146414080 3262522880 3539010048
3316716800 3448408064 3288609792 2972940800 3329595648 3227480832

507912064 804422016 948587072 908062080 659518720 624937792
560855168 775144832 674518144 724763520 628222464 588633728
748225472 809573376 725416320 832434816 801017984 640423936
458454720 493841152 669233792 675501696 552215552 536995776
489094080 371213504 441054976 546360064 572136064 459810624
784711424 520692864 426266624 615166976 696529280 632049408

0 0 0 0 0 0
0 0 0 0 0 0
0 0 0 0 0 0
0 0 0 0 0 0
0 0 0 0 0 0
0 0 0 0 0 0

3127090688 3012072448 2910832384 3124818432 3208930816 3160710656
3209392384 3159767040 2729761280 3009434624 3075520256 3104144896
3354478336 3134077440 3067393536 3023888896 2997207552 2979056128
3328822528 3335699968 3496643072 3288958720 2928971520 2987843328
3067434496 3244724480 3428920320 3408944640 3209336320 3318350848
3247313408 3205046528 3248944640 3167834880 3188784640 3162672384

1895718016 2043628032 1937824000 2024259072 1804581632 1871374976
1826745984 2035569536 1907140352 2096280064 1971861760 1873334272
1951003648 2007059072 1950544640 1984864000 1870732928 1801453952
2159684096 1988713344 1935775744 2037337600 1976366848 1878311680
2190317312 1997772160 1634877184 1678009856 2006369792 1973698688
2106939136 1909836672 1542750464 1761729664 2069839616 1774012160

0 0 0 0 0 0
0 0 0 0 0 0
0 0 0 0 0 0
0 0 0 0 0 0
0 0 0 0 0 0
0 0 0 0 0 0

2392563968 2372396032 2499610112 2585594368 2662037760 2602498816
2493206528 2437870336 2426588928 2533331712 2508283648 2545750272
2701785856 2375928320 2301505280 2340553984 2708722688 2688823552
2408960768 2378087936 2379118592 2307206144 2747867136 2759052032
2346046976 2466537472 2613907456 2304740608 2516953856 2540646144
2160667648 2365463040 2383213824 2229591040 2378742272 2684806144

2151629568 2215814400 2194910976 2107147264 1975702784 1983111040
2436320512 2314687488 2272577536 2379668736 2219816448 2014681344
2118483328 2060989696 2251488512 2244516864 1942493184 1745752960
1923187968 2036692224 2128898048 2016205184 1704334336 1487598336
2041188352 1917210752 1898827520 2050248192 2024903680 1956122624
2098861824 1720681472 1933896960 2004926080 2423621120 2359131136

1517903744 1532621056 1450232320 1756874752 1989297024 1713331968
1385830912 1317968384 1490038144 1780119808 1701939712 1613125248
1416053376 1105262720 1278320000 1616537984 1641051264 1574389504
1481403520 1334185600 1301532160 1707906176 1796622080 1695534720
1476859008 1510711168 1633182080 1738343424 1865217024 1792932992
1278129792 1535198336 1597079936 1420403072 1671554432 1862573568

3198290944 3079723776 2910351104 2769804288 2826717696 2883267584
3063169536 3210669568 2927508480 2914626048 3054846976 2922552320
2912831232 3115453440 3051456000 2813251072 2688679680 2794742272
2836854272 2960370688 2974545920 2679144192 2538832128 2681656576
2792003840 2781352448 3045310208 2911370752 2750547712 2921046528
2757390592 2722731520 2953665024 2889217536 2645001216 2714033152

1524878336 1484183040 1561671936 1532176896 1512216832 1461929984
1492450176 1261235968 1432045568 1395656832 1576701696 1852172160
1290397952 1035026432 1234848512 1410585600 1465986816 1532606720
1397740800 1292433408 1363693056 1420750592 1209751552 1389687552
1335739136 1291915008 1501839360 1437371648 1312905472 1561256960
1320843392 1389788416 1508246528 1729779200 1682713088 1552904960

0 0 0 0 0 0
0 0 0 0 0 0
0 0 0 0 0 0
0 0 0 0 0 0
0 0 0 0 0 0
0 0 0 0 0 0

0 0 0 0 0 0
0 0 0 0 0 0
0 0 0 0 0 0
0 0 0 0 0 0
0 0 0 0 0 0
0 0 0 0 0 0

292294176 368487040 680363456 631869568 372381856 343026240
348641888 565317888 460665472 638691776 892408704 560743872
380115040 488519904 330742976 513824192 747501312 522399424
287050496 482936832 743862400 699262144 414146720 275245344
293635264 514054912 716654592 554916096 450863296 358460224
555715584 407867296 389507776 406056416 575981056 491145088

5001270784 4893084160 4866140160 4927538688 5054799872 5212757504
5036514304 4868257792 4728794112 4704393216 4752962560 5078759424
5033908224 4887130112 4880365056 4830408704 4872021504 4848040960
5011640832 4920804352 5034033664 4903070208 5056476672 5069412864
4909789696 4891170816 4916119552 4877341696 4898030592 4933099520
4913971200 4835229696 4876035072 4918645760 4854731264 4837224960

0 0 0 0 0 0
0 0 0 0 0 0
0 0 0 0 0 0
0 0 0 0 0 0
0 0 0 0 0 0
0 0 0 0 0 0

1204885120 1253147648 1383041024 1469584000 1296711552 995979008
1586735744 1588402688 1278013312 1129303552 987563840 1000901632
1536096000 1347492736 1190171904 897768704 1030273792 977131456
1299762176 1247459456 1363627136 1377537536 1346892416 1023590016
1250086144 1201771776 1258854656 1243888384 1324588160 1112218624
1297049728 1219028992 1100281344 1078235008 1136851456 1238761216

0 0 0 0 0 0
0 0 0 0 0 0
0 0 0 0 0 0
0 0 0 0 0 0
0 0 0 0 0 0
0 0 0 0 21735040 0

603341952 556304896 586789376 601945344 870574592 757601024
699305728 643569920 454188928 488293376 670226560 817748992
845369216 746091392 778857088 388648448 572780416 523037952
903264000 759828224 996887552 727510144 480393728 512640768
513625600 663959040 776406144 758566144 722888704 612433920
606070912 730693248 634730752 648951040 848405376 663016576

215045632 73914624 0 0 0 52093440
433010816 244566784 61466112 0 175672064 242903296
486302976 262919168 117789696 104083712 41273856 4981504
170502656 178372096 48840448 0 0 2644992
50140672 106119680 240919552 148944128 0 0
65177088 194745856 255203712 349719808 22621184 0

4620533248 4899909632 4717341184 4637971456 4439505408 4487758848
4721466880 4785364992 4621507072 4767875584 4676032512 4500062720
4945812992 4767453184 4730724864 4857780224 4586937856 4416340480
4820257280 4655984640 4640119296 4830464000 4595535872 4454586368
4709782528 4728162304 4543384064 4813179904 4622664192 4434721792
4641629184 4542608384 4509011456 4578814464 4471188480 4199975424

5122706944 5052490240 5124886016 4954208256 5007831040 4967158272
5055225344 5034161664 5152835584 5034881024 4873745920 4804792320
5057783296 5100284416 5182678528 5065584640 4940521984 5141789696
5214106112 5396712960 5178816000 5166044672 5018860544 5014268928
4995872768 5163339776 4973579776 4934984192 5093855232 4966707200
4965957120 5148082688 5083583488 4940251136 5254778368 5312675328

0 0 0 0 0 0
0 0 0 0 0 0
0 0 0 0 0 0
0 0 0 0 0 0
0 0 0 0 0 0
0 0 0 0 0 0

