0 0 0 0 0 0 0 0 0 0 0 0 0 0 0 0 0 0 0 0 0 0 0 0 0 0 0 0 0 0 0 0 0 0 0 0
0 0 0 0 0 0 651 0 0 0 0 0 0 0 0 0 0 0 0 0 0 0 0 0 0 0 0 304 0 0 0 0 0 0 0 0
0 0 0 0 0 0 0 0 0 0 0 0 0 0 0 0 0 0 0 0 0 0 0 0 0 0 0 0 0 0 0 0 0 0 0 0
0 0 0 412 0 0 0 0 0 0 0 0 0 0 0 0 0 0 0 0 0 0 0 0 0 0 0 0 0 0 0 0 0 0 0 0
0 0 0 0 0 0 0 0 0 0 0 0 0 0 0 0 0 0 0 0 0 0 0 0 0 0 0 0 0 0 0 0 0 0 0 0
0 0 0 0 0 0 0 0 0 0 0 0 0 0 0 0 0 0 0 0 0 259 0 0 0 90 0 0 0 0 0 0 0 0 0 0
96 0 0 0 0 0 0 0 0 0 0 0 0 0 0 0 0 0 0 0 0 0 0 0 0 0 0 0 0 0 0 0 0 0 0 0
0 0 0 0 0 0 0 0 0 0 0 0 0 0 0 0 0 0 0 120 0 0 0 0 0 0 0 0 0 0 0 0 0 0 0 0
0 0 0 0 0 0 0 0 0 0 0 0 271 0 0 257 0 426 0 0 0 0 0 0 0 0 0 0 0 0 0 0 0 0 0 0
0 0 0 0 0 0 0 0 0 0 0 0 0 0 0 0 0 0 0 0 0 0 0 0 0 0 0 0 0 0 0 0 0 0 195 0
0 0 0 0 0 0 0 0 0 0 0 0 0 0 0 0 0 0 0 0 0 66 0 54 464 0 0 0 0 0 0 0 0 0 0 0
0 0 0 0 0 0 0 0 0 0 0 0 0 0 0 0 0 0 0 0 0 0 0 0 0 0 0 0 0 0 0 0 0 0 0 0
0 0 0 0 0 0 0 0 0 0 0 68 0 0 0 0 0 926 0 0 0 0 0 0 0 0 0 0 0 0 0 0 0 0 0 0
0 0 0 0 0 0 344 0 0 0 0 0 0 0 0 0 0 0 0 0 0 0 21 0 0 0 0 0 0 0 0 0 0 0 0 0
0 0 0 0 0 0 0 0 0 0 0 0 0 0 0 0 0 0 0 0 0 0 79 0 0 0 0 0 0 0 0 0 0 0 0 0
0 0 0 0 0 0 0 0 0 0 0 0 0 0 0 0 0 0 0 0 0 0 0 0 0 0 0 0 0 0 0 0 0 0 0 833
0 0 0 0 0 0 0 0 0 87 130 0 0 0 0 0 0 0 0 0 0 0 0 0 0 0 0 0 0 0 0 0 0 0 0 0
0 0 0 0 0 0 0 0 0 0 0 0 0 0 0 0 0 0 0 0 0 0 0 0 0 0 0 0 0 0 0 0 0 0 0 0
0 0 0 0 0 0 0 0 0 0 0 0 0 0 0 0 0 0 0 0 0 0 0 62 0 0 0 0 0 0 0 0 0 0 0 0
0 0 0 0 0 0 0 0 0 0 0 0 0 0 0 0 0 0 0 0 0 0 0 0 0 0 0 0 0 0 0 0 0 0 0 0
0 0 289 0 0 0 0 0 0 0 0 0 0 0 0 0 0 0 0 0 0 0 0 0 0 0 0 0 0 0 0 0 0 132 0 0
0 0 0 0 0 0 0 0 0 0 0 0 0 0 0 0 0 0 0 0 0 0 0 0 0 0 0 0 0 0 0 0 0 0 0 0
0 0 0 856 0 0 0 0 0 0 0 0 0 0 0 0 0 0 0 0 0 0 0 0 0 0 0 0 0 0 0 0 0 0 0 0
0 0 0 0 0 0 0 0 0 0 0 0 0 0 0 0 897 0 0 0 0 0 0 0 0 0 0 0 0 0 0 0 0 0 0 0
0 0 0 0 0 0 0 0 0 0 0 0 0 0 0 0 0 0 0 0 147 0 0 0 0 0 0 0 0 0 0 0 0 0 0 0
0 0 0 0 0 0 0 0 0 0 0 0 0 0 0 0 0 0 0 0 0 0 0 0 0 0 0 0 0 0 0 0 0 0 0 0
0 0 0 0 0 0 97 0 0 0 0 0 0 0 0 0 0 0 0 0 0 0 0 0 0 0 0 0 0 0 0 0 0 0 0 0
0 0 0 0 0 0 222 0 0 0 0 0 0 0 0 0 0 0 0 0 0 0 0 0 0 0 0 0 0 0 0 0 0 0 0 0
0 0 0 160 0 0 0 0 0 0 0 0 0 0 0 0 0 0 0 641 0 0 0 0 0 0 82 0 0 0 0 0 0 0 0 0
0 0 26 0 0 0 0 0 0 0 0 0 0 0 0 0 0 0 0 0 0 0 0 0 0 0 82 0 0 0 0 0 0 0 0 0
0 0 0 0 0 0 0 0 0 0 0 0 0 0 0 0 0 0 0 0 0 0 0 0 0 0 0 0 0 0 0 0 0 0 0 0
0 0 0 0 0 0 0 0 0 0 358 0 0 0 0 0 386 0 0 0 0 0 0 0 0 0 0 0 0 0 0 0 0 0 0 0
0 0 0 0 0 0 0 0 0 0 0 0 0 0 0 0 0 0 0 0 0 0 0 0 0 0 0 0 0 0 0 0 0 0 0 0
0 0 0 0 0 0 0 0 0 0 0 0 0 0 82 0 0 0 0 0 0 0 0 0 0 0 0 0 0 0 0 0 0 0 0 0
0 0 0 0 0 0 0 0 0 0 0 0 0 20 0 0 0 0 0 0 0 0 0 0 0 0 0 0 0 0 0 0 0 0 0 0
0 0 0 0 0 0 0 0 0 0 0 0 0 0 0 0 0 21 0 0 0 273 0 0 0 0 0 0 0 0 0 0 0 0 0 0

2912 2164 491 2091 2313 1389 2395 794 1913 1450 2202 2110 2151 165 1357 1003 2380 2930 934 959 2112 1541 1558 1409 1541 1097 2192 1870 0 1527 1318 2122 1857 1585 2187 1331
2105 2985 1099 608 1507 532 1119 0 783 1641 2124 2962 1026 1939 779 2578 0 2855 2014 908 2135 874 1885 2162 754 2611 184 1600 1443 1612 1726 1297 1934 2472 947 2601
507 867 3760 1832 583 2355 2275 735 3752 2024 1917 686 1560 2854 2095 1300 3585 448 1739 2011 2250 1473 226 1291 118 2760 1776 1519 1666 1528 2097 1722 572 2221 1775 1736
1670 1032 754 882 2546 674 724 1164 2181 988 1509 1841 1129 792 3184 649 2161 1311 625 712 3556 1907 744 3380 2240 2444 91 1391 913 669 1519 1004 147 1617 601 3395
2893 190 2310 2032 1088 1402 1080 592 839 760 1794 367 764 2113 1536 3175 1746 1210 1898 805 1553 990 1439 0 2009 1565 941 2178 955 2562 1918 2833 970 430 926 1161
2181 3382 570 1981 1684 1924 1287 2337 0 2284 1582 697 892 2520 1619 887 1522 595 983 1291 832 676 3111 2506 1408 3323 974 2461 299 349 2393 1972 2413 994 0 838
1435 617 4402 1703 2264 1039 3680 2705 1360 2870 894 1575 1976 1523 2260 1969 3058 3002 4176 417 0 1677 562 1873 2972 1275 638 3398 677 2986 1005 1957 1676 2201 751 2001
1566 0 1480 1548 1906 0 641 1161 972 1331 3206 457 1185 933 444 1886 338 2351 2629 2644 1252 1638 1663 1558 1623 166 1905 3116 1240 1323 1843 0 3376 1224 719 2450
850 2357 1760 865 1100 993 1867 0 2578 3386 1486 438 1456 0 1487 741 1720 2648 3634 690 1779 458 1288 1977 1793 852 387 2000 1722 4017 1648 837 2080 2393 647 689
643 1171 3171 2252 1284 3195 1219 1758 2448 1090 1394 3208 3093 1474 1246 0 0 1633 1778 877 2004 1027 2336 2468 512 1246 1173 1883 1502 1621 2506 1915 876 645 1628 0
311 2480 1755 2060 2011 1305 112 1664 1660 1309 2268 664 1358 2828 1190 1390 711 2360 2591 2249 1390 1040 2967 1664 2743 2198 517 545 1995 1684 1742 1241 1695 1322 1313 1172
914 1156 1161 355 2162 2188 1344 1601 2494 1791 317 896 1368 284 2589 1760 2920 1559 33 1008 1084 2511 361 938 1080 2582 0 2023 110 2203 1310 0 575 1554 759 1813
0 1541 1816 655 1253 1878 26 1606 2850 3014 956 3025 1884 864 1946 0 1499 1069 1597 1904 1034 1926 2249 103 1013 3567 1278 1912 1361 44 924 3802 493 1828 212 1838
875 1456 2572 2719 2699 1677 2404 8 2549 1821 2196 843 1356 952 2359 1292 1839 1041 2381 0 2400 1353 834 1058 750 0 1058 805 1475 2801 1832 331 2422 0 2533 1807
2532 1906 611 1694 2803 1213 1393 1277 1782 1264 642 1387 3064 2798 1196 3075 1986 934 1744 1951 1330 1981 2391 1548 3522 2883 3121 451 1519 1909 1817 1741 1855 1785 470 1649
224 144 1045 828 620 3672 1056 2015 1379 1789 1463 2418 553 1976 1874 386 909 2519 0 1487 2022 1157 837 2178 1252 2472 1646 975 2642 1149 1760 3336 1005 1150 960 2433
2416 3514 1115 0 1529 1463 2168 2353 1738 355 401 2359 1946 2221 3040 2346 0 1451 1916 574 1020 2187 2278 611 2357 2191 42 970 167 3089 2589 2446 1744 834 2050 1823
1852 1437 2083 166 1523 2383 430 1899 2344 940 2788 1262 892 921 1224 893 1560 1227 381 315 738 2084 603 988 1397 878 197 1988 1429 1546 2280 1798 2052 2079 680 1562
1234 1846 2515 1383 1469 1665 1967 503 276 1047 1784 842 1138 1811 2314 1246 1084 1097 1386 1919 2 1627 1301 1841 3399 1904 1053 779 1039 1683 1872 2870 1189 1706 2219 996
1019 2369 0 1533 193 783 2255 1093 552 1812 157 2004 978 667 2059 662 1169 1701 2343 3123 2061 1076 1241 2446 2159 2386 2605 1280 2610 1568 2479 1487 1490 2027 1563 2022
2945 941 1487 853 2677 1715 957 1539 1999 838 1108 2228 1725 1532 758 1927 1533 1360 2090 2399 2458 0 1629 654 1514 1157 485 1680 550 987 2608 1509 1716 749 2013 990
1157 1964 1433 646 382 3233 1390 1295 1303 1267 2184 1035 938 1794 2254 1239 2714 1976 1665 1211 1165 2110 2815 1158 1836 1175 2147 2743 1356 1495 966 3423 2163 2372 1165 1529
1950 2242 1525 2367 576 1106 245 670 2987 1275 1462 1833 2715 612 1445 1346 1062 658 910 1148 2512 1245 2514 1529 2468 1366 603 1021 1681 1842 3212 3058 1057 1174 2667 2134
581 2026 1228 1095 1505 780 1889 256 1275 1924 2521 778 1519 2475 38 2645 2224 1204 154 1657 689 2066 0 1887 2427 992 913 2044 1653 1361 1575 3664 1727 841 102 629
0 1852 1646 2342 398 1993 757 2045 1835 861 2508 1432 1165 442 2528 2282 1963 1888 1619 2019 1553 2391 138 1805 1913 1764 1214 630 1784 1275 1568 1515 522 1123 1801 1262
1742 1015 1969 2197 0 732 1443 2485 1456 58 2099 810 2557 2596 1356 702 3387 1928 687 830 2721 3260 1716 2199 996 1623 758 337 1433 1521 1588 1780 1643 1068 0 1425
1166 1602 0 1252 1838 628 1112 2713 1758 1704 2429 89 3559 979 1672 1265 2286 906 3235 1769 1974 1502 1664 1655 2220 1255 746 1644 1599 2543 0 4163 310 0 2192 569
2398 1371 1543 1443 1130 1508 2205 560 1556 1818 484 2659 653 2619 889 1851 854 628 2863 916 1585 2127 1917 899 2170 613 2446 1207 352 1839 2221 2697 2391 2617 2040 801
1822 396 488 660 1922 2179 0 2473 1554 2020 545 314 1120 368 1867 1588 384 3187 1363 1216 2111 1606 768 2404 496 988 262 1190 1018 1742 1185 2298 491 588 1690 3193
2259 940 1053 986 2259 1735 480 814 2131 1670 2206 2587 3093 1964 1702 2014 1134 3756 2233 1168 0 1118 1541 2295 1305 2955 1256 0 2420 1101 906 1335 3238 874 1807 127
1294 2077 1000 1864 745 923 1965 1986 2910 1582 0 1996 2981 0 1636 2080 846 2029 1433 0 2158 2522 2107 1830 393 1823 1812 806 1632 1896 2706 2553 3146 1692 1029 2170
1060 2175 1136 556 3534 1499 1140 2773 0 1844 2828 2696 1977 93 2395 2297 1759 1922 1838 1674 1581 1505 1844 1707 2416 2538 415 188 1729 2954 387 2659 1030 1825 1479 1860
1557 1028 1380 626 1817 939 1149 1726 1841 1828 0 1585 1660 1754 1512 2888 2216 1381 2393 742 1324 1591 2239 610 1151 1648 720 1084 1703 1616 2475 608 2167 1451 1783 1681
1960 2561 1456 1138 2162 1904 1580 2695 1927 2795 63 101 1668 1388 968 1640 1293 1930 1013 2162 1420 3005 2097 1971 931 1486 219 0 1568 0 825 1582 1618 2365 0 961
1903 1842 2140 1762 1862 486 1527 1203 2124 1882 1247 3205 1405 2033 519 1742 2123 2430 877 8 1776 981 1331 1078 0 2125 2025 666 1170 1051 1470 2291 0 2112 2762 2157
1308 957 3403 713 1098 1373 1821 0 2336 3645 0 1821 3217 958 2242 3097 1491 1966 1114 1194 788 3102 3084 896 4093 308 1011 2035 1619 0 728 1705 2330 1586 952 1899

0 0 0 0 0 0 0 0 0 0 0 0 0 0 0 0 0 0 0 0 0 0 0 0 0 0 0 0 0 0 0 0 0 0 0 0
0 0 0 0 0 0 0 0 0 0 0 0 0 0 0 0 0 0 0 0 0 0 0 0 0 0 0 0 0 0 0 0 0 0 0 0
0 0 0 0 0 0 0 0 0 0 0 0 0 0 0 0 0 0 0 0 0 0 0 0 0 0 0 0 0 0 0 0 0 0 0 0
0 0 0 0 0 0 0 0 0 0 0 0 0 0 0 0 0 0 0 0 0 0 0 0 0 0 0 0 0 0 0 0 0 0 0 0
0 0 0 0 0 0 0 0 0 0 0 0 0 0 0 0 0 0 0 0 0 0 0 0 0 0 0 0 0 0 0 0 0 0 0 0
0 0 0 0 0 0 0 0 0 0 0 0 0 0 0 0 0 0 0 0 0 0 0 0 0 0 0 0 0 0 0 0 0 0 0 0
0 0 0 0 0 0 0 0 0 0 0 0 0 0 0 0 0 0 0 0 0 0 0 0 0 0 0 0 0 0 0 0 0 0 0 0
0 0 0 0 0 0 0 0 0 0 0 0 0 0 0 0 0 0 0 0 0 0 0 0 0 0 0 0 0 0 0 0 0 0 0 0
0 0 0 0 0 0 0 0 0 0 0 0 0 0 0 0 0 0 0 0 0 0 0 0 0 0 0 0 0 0 0 0 0 0 0 0
0 0 0 0 0 0 0 0 0 0 0 0 0 0 0 0 0 0 0 0 0 0 0 0 0 0 0 0 0 0 0 0 0 0 0 0
0 0 0 0 0 0 0 0 0 0 0 0 0 0 0 0 0 0 0 0 0 0 0 0 0 0 0 0 0 0 0 0 0 0 0 0
0 0 0 0 0 0 0 0 0 0 0 0 0 0 0 0 0 0 0 0 0 0 0 0 0 0 0 0 0 0 0 0 0 0 0 0
0 0 0 0 0 0 0 0 0 0 0 0 0 0 0 0 0 0 0 0 0 0 0 0 0 0 0 0 0 0 0 0 0 0 0 0
0 0 0 0 0 0 0 0 0 0 0 0 0 0 0 0 0 0 0 0 0 0 0 0 0 0 0 0 0 0 0 0 0 0 0 0
0 0 0 0 0 0 0 0 0 0 0 0 0 0 0 0 0 0 0 0 0 0 0 0 0 0 0 0 0 0 0 0 0 0 0 0
0 0 0 0 0 0 0 0 0 0 0 0 0 0 0 0 0 0 0 0 0 0 0 0 0 0 0 0 0 0 0 0 0 0 0 0
0 0 0 0 0 0 0 0 0 0 0 0 0 0 0 0 0 0 0 0 0 0 0 0 0 0 0 0 0 0 0 0 0 0 0 0
0 0 0 0 0 0 0 0 0 0 0 0 0 0 0 0 0 0 0 0 0 0 0 0 0 0 0 0 0 0 0 0 0 0 0 0
0 0 0 0 0 0 0 0 0 0 0 0 0 0 0 0 0 0 0 0 0 0 0 0 0 0 0 0 0 0 0 0 0 0 0 0
0 0 0 0 0 0 0 0 0 0 0 0 0 0 0 0 0 0 0 0 0 0 0 0 0 0 0 0 0 0 0 0 0 0 0 0
0 0 0 0 0 0 0 0 0 0 0 0 0 0 0 0 0 0 0 0 0 0 0 0 0 0 0 0 0 0 0 0 0 0 0 0
0 0 0 0 0 0 0 0 0 0 0 0 0 0 0 0 0 0 0 0 0 0 0 0 0 0 0 0 0 0 0 0 0 0 0 0
0 0 0 0 0 0 0 0 0 0 0 0 0 0 0 0 0 0 0 0 0 0 0 0 0 0 0 0 0 0 0 0 0 0 0 0
0 0 0 0 0 0 0 0 0 0 0 0 0 0 0 0 0 0 0 0 0 0 0 0 0 0 0 0 0 0 0 0 0 0 0 0
0 0 0 0 0 0 0 0 0 0 0 0 0 0 0 0 0 0 0 0 0 0 0 0 0 0 0 0 0 0 0 0 0 0 0 0
0 0 0 0 0 0 0 0 0 0 0 0 0 0 0 0 0 0 0 0 0 0 0 0 0 0 0 0 0 0 0 0 0 0 0 0
0 0 0 0 0 0 0 0 0 0 0 0 0 0 0 0 0 0 0 0 0 0 0 0 0 0 0 0 0 0 0 0 0 0 0 0
0 0 0 0 0 0 0 0 0 0 0 0 0 0 0 0 0 0 0 0 0 0 0 0 0 0 0 0 0 0 0 0 0 0 0 0
0 0 0 0 0 0 0 0 0 0 0 0 0 0 0 0 0 0 0 0 0 0 0 0 0 0 0 0 0 0 0 0 0 0 0 0
0 0 0 0 0 0 0 0 0 0 0 0 0 0 0 0 0 0 0 0 0 0 0 0 0 0 0 0 0 0 0 0 0 0 0 0
0 0 0 0 0 0 0 0 0 0 0 0 0 0 0 0 0 0 0 0 0 0 0 0 0 0 0 0 0 0 0 0 0 0 0 0
0 0 0 0 0 0 0 0 0 0 0 0 0 0 0 0 0 0 0 0 0 0 0 0 0 0 0 0 0 0 0 0 0 0 0 0
0 0 0 0 0 0 0 0 0 0 0 0 0 0 0 0 0 0 0 0 0 0 0 0 0 0 0 0 0 0 0 0 0 0 0 0
0 0 0 0 0 0 0 0 0 0 0 0 0 0 0 0 0 0 0 0 0 0 0 0 0 0 0 0 0 0 0 0 0 0 0 0
0 0 0 0 0 0 0 0 0 0 0 0 0 0 0 0 0 0 0 0 0 0 0 0 0 0 0 0 0 0 0 0 0 0 0 0
0 0 0 0 0 0 0 0 0 0 0 0 0 0 0 0 0 0 0 0 0 0 0 0 0 0 0 0 0 0 0 0 0 0 0 0

0 0 0 0 0 0 0 0 0 0 0 0 0 0 0 0 0 0 0 0 0 0 0 0 0 0 0 0 0 0 0 0 0 0 0 0
0 0 0 0 0 0 0 0 0 0 0 0 0 0 0 0 0 0 0 0 0 0 0 0 0 0 0 0 0 0 0 0 0 0 0 0
0 0 0 0 0 0 0 0 0 0 0 0 0 0 0 0 0 0 0 0 0 0 0 0 0 0 0 0 0 0 0 0 0 0 0 0
0 0 0 0 0 0 0 0 0 0 0 0 0 0 0 0 0 0 0 0 0 0 0 0 0 0 0 0 0 0 0 0 0 0 0 0
0 0 0 0 0 0 0 0 0 0 0 0 0 0 0 0 0 0 0 0 0 0 0 0 0 0 0 0 0 0 0 0 0 0 0 0
0 0 0 0 0 0 0 0 0 0 0 0 0 0 0 0 0 0 0 0 0 0 0 0 0 0 0 0 0 0 0 0 0 0 0 0
0 0 0 0 0 0 0 0 0 0 0 0 0 0 0 0 0 0 0 0 0 0 0 0 0 0 0 0 0 0 0 0 0 0 0 0
0 0 0 0 0 0 0 0 0 0 0 0 0 0 0 0 0 0 0 0 0 0 0 0 0 0 0 0 0 0 0 0 0 0 0 0
0 0 0 0 0 0 0 0 0 0 0 0 0 0 0 0 0 0 0 0 0 0 0 0 0 0 0 0 0 0 0 0 0 0 0 0
0 0 0 0 0 0 0 0 0 0 0 0 0 0 0 0 0 0 0 0 0 0 0 0 0 0 0 0 0 0 0 0 0 0 0 0
0 0 0 0 0 0 0 0 0 0 0 0 0 0 0 0 0 0 0 0 0 0 0 0 0 0 0 0 0 0 0 0 0 0 0 0
0 0 0 0 0 0 0 0 0 0 0 0 0 0 0 0 0 0 0 0 0 0 0 0 0 0 0 0 0 0 0 0 0 0 0 0
0 0 0 0 0 0 0 0 0 0 0 0 0 0 0 0 0 0 0 0 0 0 0 0 0 0 0 0 0 0 0 0 0 0 0 0
0 0 0 0 0 0 0 0 0 0 0 0 0 0 0 0 0 0 0 0 0 0 0 0 0 0 0 0 0 0 0 0 0 0 0 0
0 0 0 0 0 0 0 0 0 0 0 0 0 0 0 0 0 0 0 0 0 0 0 0 0 0 0 0 0 0 0 0 0 0 0 0
0 0 0 0 0 0 0 0 0 0 0 0 0 0 0 0 0 0 0 0 0 0 0 0 0 0 0 0 0 0 0 0 0 0 0 0
0 0 0 0 0 0 0 0 0 0 0 0 0 0 0 0 0 0 0 0 0 0 0 0 0 0 0 0 0 0 0 0 0 0 0 0
0 0 0 0 0 0 0 0 0 0 0 0 0 0 0 0 0 0 0 0 0 0 0 0 0 0 0 0 0 0 0 0 0 0 0 0
0 0 0 0 0 0 0 0 0 0 0 0 0 0 0 0 0 0 0 0 0 0 0 0 0 0 0 0 0 0 0 0 0 0 0 0
0 0 0 0 0 0 0 0 0 0 0 0 0 0 0 0 0 0 0 0 0 0 0 0 0 0 0 0 0 0 0 0 0 0 0 0
0 0 0 0 0 0 0 0 0 0 0 0 0 0 0 0 0 0 0 0 0 0 0 0 0 0 0 0 0 0 0 0 0 0 0 0
0 0 0 0 0 0 0 0 0 0 0 0 0 0 0 0 0 0 0 0 0 0 0 0 0 0 0 0 0 0 0 0 0 0 0 0
0 0 0 0 0 0 0 0 0 0 0 0 0 0 0 0 0 0 0 0 0 0 0 0 0 0 0 0 0 0 0 0 0 0 0 0
0 0 0 0 0 0 0 0 0 0 0 0 0 0 0 0 0 0 0 0 0 0 0 0 0 0 0 0 0 0 0 0 0 0 0 0
0 0 0 0 0 0 0 0 0 0 0 0 0 0 0 0 0 0 0 0 0 0 0 0 0 0 0 0 0 0 0 0 0 0 0 0
0 0 0 0 0 0 0 0 0 0 0 0 0 0 0 0 0 0 0 0 0 0 0 0 0 0 0 0 0 0 0 0 0 0 0 0
0 0 0 0 0 0 0 0 0 0 0 0 0 0 0 0 0 0 0 0 0 0 0 0 0 0 0 0 0 0 0 0 0 0 0 0
0 0 0 0 0 0 0 0 0 0 0 0 0 0 0 0 0 0 0 0 0 0 0 0 0 0 0 0 0 0 0 0 0 0 0 0
0 0 0 0 0 0 0 0 0 0 0 0 0 0 0 0 0 0 0 0 0 0 0 0 0 0 0 0 0 0 0 0 0 0 0 0
0 0 0 0 0 0 0 0 0 0 0 0 0 0 0 0 0 0 0 0 0 0 0 0 0 0 0 0 0 0 0 0 0 0 0 0
0 0 0 0 0 0 0 0 0 0 0 0 0 0 0 0 0 0 0 0 0 0 0 0 0 0 0 0 0 0 0 0 0 0 0 0
0 0 0 0 0 0 0 0 0 0 0 0 0 0 0 0 0 0 0 0 0 0 0 0 0 0 0 0 0 0 0 0 0 0 0 0
0 0 0 0 0 0 0 0 0 0 0 0 0 0 0 0 0 0 0 0 0 0 0 0 0 0 0 0 0 0 0 0 0 0 0 0
0 0 0 0 0 0 0 0 0 0 0 0 0 0 0 0 0 0 0 0 0 0 0 0 0 0 0 0 0 0 0 0 0 0 0 0
0 0 0 0 0 0 0 0 0 0 0 0 0 0 0 0 0 0 0 0 0 0 0 0 0 0 0 0 0 0 0 0 0 0 0 0
0 0 0 0 0 0 0 0 0 0 0 0 0 0 0 0 0 0 0 0 0 0 0 0 0 0 0 0 0 0 0 0 0 0 0 0

1916 1254 1207 0 0 0 0 134 657 297 1600 569 127 728 728 102 0 2276 1579 0 1291 160 936 636 0 985 0 309 0 1217 446 0 1100 492 325 201
0 1037 1597 1048 0 274 0 0 1294 1615 2083 960 925 2119 1834 1815 803 135 766 1169 781 0 235 149 1654 1352 73 0 913 753 366 0 710 313 416 1830
730 261 0 820 2114 0 1219 0 1041 600 1468 887 1939 1240 1711 0 1627 0 964 0 423 1001 0 280 661 1288 695 334 121 378 160 0 0 668 1026 1276
1748 469 523 1513 1139 501 1622 775 0 91 0 2155 1476 574 0 0 1106 519 0 2282 0 0 1727 0 0 901 0 687 213 91 734 0 438 0 332 2181
1562 1150 1426 2909 0 2357 1532 0 124 2285 0 31 0 1100 240 390 0 1701 1845 423 0 424 2215 17 0 772 805 1011 1113 0 0 1319 791 1155 261 1984
1595 1197 1161 1389 990 0 1565 816 354 1897 0 0 490 0 1993 1073 1075 2066 960 0 0 435 2335 343 431 530 0 1940 60 1722 1249 1937 1252 0 0 1659
498 101 949 0 453 347 825 69 291 1370 1093 0 986 0 680 1611 895 1841 752 0 10 86 616 919 2069 0 239 1051 0 589 24 0 899 757 957 196
603 1005 0 0 563 0 1158 259 0 1476 198 0 1139 0 184 0 1455 527 1879 0 18 739 0 2978 0 0 1742 0 515 1430 0 1380 2270 276 353 1199
0 1528 0 0 1434 942 0 1831 0 2213 1612 2083 1236 478 368 1036 677 102 1669 68 659 541 0 2185 1407 0 1566 673 0 1911 0 609 211 661 0 0
0 500 2037 2580 1081 725 0 483 32 2141 335 680 4 0 0 814 204 384 1179 519 1193 84 0 1447 0 3110 0 0 0 0 0 378 0 109 2066 1181
0 390 1152 1634 571 672 626 481 0 1143 103 169 236 1810 716 0 1388 2191 0 505 721 0 493 395 0 1808 193 1547 1 1481 0 130 1084 705 0 1036
22 48 737 569 0 478 0 723 1310 983 274 2094 1347 1492 1535 0 0 293 0 1612 0 133 1552 0 59 1353 582 93 0 770 688 0 1006 3114 436 0
0 778 790 0 340 96 0 744 0 190 1662 858 1275 97 693 307 0 235 709 196 0 570 1008 394 2407 77 0 0 304 428 665 1055 1589 917 0 0
460 869 0 219 2053 1160 367 39 1479 0 0 529 1258 473 812 858 0 0 1414 0 1257 1453 0 1334 2081 0 0 327 415 1734 0 599 1979 0 69 928
229 0 1270 839 156 1615 98 490 1285 900 717 2081 1828 2200 1462 0 386 361 1813 0 1435 1657 686 561 1338 1415 336 617 990 0 0 3180 666 819 203 415
2508 0 513 0 0 1814 1680 454 1197 968 535 452 0 576 1132 760 398 1460 374 0 541 1434 290 426 1248 342 0 566 1186 1284 883 1063 869 0 1785 2218
3544 0 0 0 530 1182 1030 418 1598 0 937 671 633 703 750 1778 442 6 155 0 1031 1646 1175 1061 653 361 394 432 895 298 1210 67 208 835 0 445
2586 1274 419 508 0 1467 1765 104 984 32 667 0 0 0 0 302 870 403 1400 0 1115 527 664 431 1144 1408 0 1816 997 1342 1810 1251 1280 824 910 868
0 420 0 0 93 0 1127 0 404 785 1639 0 0 1573 962 30 419 1697 2606 0 1159 342 1219 874 776 1866 0 806 304 506 2738 399 0 1113 2118 1188
409 1251 448 1170 1173 0 0 0 564 140 1111 1202 484 663 0 833 1726 981 1377 1232 646 588 0 560 427 0 695 1106 0 0 625 0 0 296 1513 0
0 1697 457 352 1073 0 556 1199 1848 378 1924 0 623 881 482 1811 408 1828 1072 554 2107 1397 976 216 100 1112 104 3480 0 0 835 609 0 0 1490 688
0 1401 1691 0 0 360 1012 399 1093 20 1659 0 1032 1269 1949 960 405 0 0 1467 0 679 90 348 446 1488 0 566 664 677 2373 1813 516 0 0 1123
244 273 1054 54 28 666 655 654 1448 66 1857 0 0 404 0 596 0 0 369 0 0 0 494 934 326 1191 0 828 403 1048 2074 2502 0 0 1119 1396
1574 1826 2158 0 0 1303 916 1512 75 0 1003 0 403 425 541 359 105 722 1123 2214 0 1128 1172 118 306 584 378 779 908 1407 0 140 0 0 387 471
1716 84 0 0 0 1082 2665 1467 781 1541 1700 2340 432 568 1913 0 278 0 981 116 165 102 1893 2326 120 0 0 984 1098 565 324 0 0 0 1676 133
0 0 1502 657 713 1260 74 2352 0 706 1281 197 566 682 872 0 311 0 0 1112 117 22 166 984 304 797 238 869 0 235 20 967 8 47 980 0
1210 523 746 1270 639 0 252 0 0 1810 340 0 0 0 1621 1657 312 467 2175 1772 0 0 484 50 177 38 353 817 1322 555 499 1855 0 365 1655 404
0 0 255 472 0 926 0 268 0 1147 0 447 502 754 563 163 1371 2260 0 0 987 0 0 575 158 905 0 724 597 115 0 1260 0 1156 1158 823
0 0 434 0 2011 2305 0 893 1645 2359 0 467 1252 149 217 0 668 868 619 0 172 913 333 2440 0 1964 1415 892 718 0 0 861 1102 1018 2151 0
240 560 1426 510 1567 717 1350 1353 2934 1328 0 1716 0 239 370 60 1793 1337 1265 0 348 1341 901 384 1765 1228 0 0 2004 0 2604 2088 0 533 1524 489
390 1093 909 0 348 429 0 1567 0 737 306 1803 510 0 1532 681 537 1385 0 1279 2663 1618 2043 71 454 547 26 0 3441 858 655 0 0 426 1383 416
1194 0 1330 699 595 1062 0 1057 0 306 633 1776 1017 729 836 561 662 433 1145 2292 1130 0 946 0 0 1371 434 0 0 870 308 939 137 2018 190 472
371 1069 1578 1514 403 346 1031 0 1582 0 909 1703 0 0 204 1704 94 1970 0 0 1883 1925 0 23 33 0 0 0 604 0 0 0 381 1649 2314 0
0 0 311 768 0 143 31 1327 0 391 0 609 690 489 1386 0 1138 1096 459 471 594 384 1254 0 0 2099 732 2040 0 180 0 571 85 839 0 81
306 734 0 0 841 1707 967 294 1213 0 0 1798 836 1605 1007 146 0 0 893 0 1646 0 1876 0 932 1045 1831 0 0 472 270 655 876 1265 194 1259
0 923 18 1563 303 0 0 0 0 422 0 628 1397 0 1232 693 0 179 822 886 1690 0 623 2010 0 473 0 525 0 0 134 1781 1195 0 1112 763

0 0 0 0 0 0 0 0 0 0 0 0 0 0 0 0 0 0 0 0 0 0 0 0 0 0 0 0 0 0 0 0 0 0 0 0
427 0 0 0 0 0 0 0 0 0 0 0 0 0 0 0 0 0 0 0 0 0 0 0 0 0 0 0 0 0 0 0 0 0 0 0
0 0 0 0 0 0 0 0 0 0 0 0 0 0 0 0 0 0 0 0 0 0 0 0 0 0 0 0 0 0 0 0 0 0 0 0
0 0 0 0 0 0 0 0 0 0 0 0 0 0 0 0 0 0 0 0 0 0 0 0 0 0 0 0 0 0 0 0 0 0 0 0
0 0 0 0 0 0 0 0 0 0 0 0 0 0 0 0 0 0 0 0 0 0 0 0 0 0 0 0 0 0 0 0 0 0 0 0
0 0 0 0 0 0 0 0 0 0 0 0 0 0 0 0 0 0 0 0 0 360 0 0 0 0 0 0 0 0 0 0 0 0 0 0
0 0 0 0 0 0 0 0 0 0 0 0 0 0 0 0 0 0 0 0 0 0 0 0 0 0 0 0 0 0 0 0 0 0 0 0
0 0 0 0 0 0 0 0 0 0 0 0 0 0 0 0 0 0 0 0 0 0 0 0 0 0 0 0 0 0 0 0 0 0 0 0
0 0 0 40 0 0 0 0 0 0 0 0 0 0 0 0 0 0 0 0 0 0 0 0 0 0 0 0 0 0 0 627 0 0 0 0
0 0 0 0 0 0 0 0 0 0 0 0 0 0 0 0 0 0 0 0 0 0 0 0 0 0 0 0 0 0 0 0 0 0 0 0
0 0 0 0 0 0 0 0 0 0 0 0 0 0 0 0 0 0 0 0 0 0 0 0 0 0 0 0 0 0 0 0 0 0 0 0
0 0 0 0 0 0 0 0 0 0 0 0 0 0 0 0 0 0 0 0 0 0 0 0 0 0 0 0 0 0 0 0 0 0 0 0
0 660 0 0 0 0 0 0 0 0 138 0 0 0 0 0 0 0 0 0 0 0 0 0 0 0 0 0 0 0 0 0 0 0 0 0
0 0 0 0 0 0 0 0 0 0 0 0 0 0 0 0 0 781 0 0 0 0 0 0 0 0 0 0 0 0 0 0 0 0 0 0
0 0 0 0 0 0 0 0 0 0 0 0 0 0 0 0 0 0 0 0 0 0 0 0 0 0 0 0 0 0 0 0 0 0 0 0
0 0 0 0 0 0 0 0 0 0 0 0 0 0 0 0 0 0 0 0 0 0 0 0 0 0 0 0 0 0 0 0 0 0 0 0
0 0 0 0 0 0 0 0 0 0 0 0 0 0 0 0 0 0 0 0 0 0 0 0 0 0 0 0 0 0 0 0 0 0 0 0
0 0 0 0 0 0 0 0 0 0 0 0 0 0 0 0 0 0 0 0 0 0 0 0 0 0 0 0 0 0 0 0 0 0 0 0
0 0 0 0 0 0 0 0 0 33 0 0 0 0 0 0 0 0 0 0 0 0 0 0 0 0 0 0 0 0 0 0 0 0 0 0
0 0 0 0 0 0 0 0 0 0 0 0 0 0 0 0 0 0 0 0 0 0 0 0 0 0 0 0 0 0 0 0 0 0 0 0
0 0 0 0 0 0 0 0 0 0 0 0 0 0 0 0 0 0 0 0 0 0 0 0 0 0 0 0 0 0 0 0 0 0 0 0
0 0 0 0 0 0 0 0 0 0 0 0 0 0 0 0 0 0 0 0 0 0 0 0 0 0 0 0 0 0 0 0 0 0 0 0
0 0 0 0 0 0 0 0 0 0 0 0 0 0 0 0 0 265 0 0 0 0 0 0 0 0 0 0 0 0 0 0 0 0 0 0
0 0 0 0 0 0 0 0 0 0 0 0 0 0 0 0 0 0 0 0 0 0 0 0 0 0 0 0 0 0 0 0 0 0 0 0
0 0 0 0 0 0 0 0 0 0 0 0 0 0 0 0 0 0 0 0 0 0 0 0 0 0 0 0 0 0 0 0 0 0 0 0
0 0 0 0 0 0 0 0 0 0 0 0 0 0 0 0 0 0 0 0 0 0 0 0 0 0 0 0 0 0 0 0 0 0 0 0
0 0 0 0 0 0 0 0 0 0 0 0 0 0 0 0 0 0 0 0 0 0 0 0 0 0 0 0 0 0 0 0 0 0 0 0
0 0 0 0 0 0 0 0 0 0 0 0 0 0 0 0 0 0 0 0 0 0 0 0 0 0 0 0 0 0 0 0 0 0 0 0
0 0 0 0 0 0 0 0 0 0 0 0 0 0 0 0 0 0 0 0 0 0 0 0 0 0 0 0 0 0 0 0 0 0 0 0
0 0 0 0 0 0 0 0 0 0 0 0 0 0 0 0 0 0 0 0 0 0 0 0 0 0 0 0 0 0 0 0 0 0 0 0
0 0 0 0 0 0 0 0 0 0 0 0 0 0 0 0 0 0 0 0 0 0 0 0 0 0 0 0 0 0 0 0 0 0 0 0
0 0 0 0 0 0 0 0 0 0 0 0 0 0 0 0 0 0 0 0 0 0 0 0 0 0 0 0 0 0 0 0 0 0 0 0
0 0 0 0 0 0 0 0 0 0 0 0 0 0 0 0 0 0 0 0 0 0 0 0 0 0 0 0 0 0 0 0 0 0 0 0
0 0 0 0 0 0 0 0 0 0 0 0 0 0 0 0 0 0 0 0 0 0 0 0 0 0 0 0 0 0 0 0 0 0 0 0
0 0 0 0 0 0 0 0 0 0 0 0 0 0 0 0 0 0 0 0 0 0 0 0 0 0 0 0 0 0 0 0 0 0 0 0
0 0 0 0 0 0 0 0 0 0 0 0 0 0 0 0 0 0 0 0 0 0 0 0 0 0 0 0 0 0 0 0 0 0 0 0

0 0 0 0 0 0 0 0 0 0 0 0 0 0 0 0 0 0 0 0 0 0 0 0 0 0 0 0 0 0 0 0 0 0 0 0
0 0 0 0 0 0 0 0 0 0 0 0 0 0 0 0 0 0 0 0 0 0 0 0 0 0 0 0 0 0 0 0 0 0 0 0
0 0 0 0 0 0 0 0 0 0 0 0 0 0 0 0 0 0 0 0 0 0 0 0 0 0 0 0 0 0 0 0 0 0 0 0
0 0 0 0 0 0 0 0 0 0 0 0 0 0 0 0 0 0 0 0 0 0 0 0 0 0 0 0 0 0 0 0 0 0 0 0
0 0 0 0 0 0 0 0 0 0 0 0 0 0 0 0 0 0 0 0 0 0 0 0 0 0 0 0 0 0 0 0 0 0 0 0
0 0 0 0 0 0 0 0 0 0 0 0 0 0 0 0 0 0 0 0 0 0 0 0 0 0 0 0 0 0 0 0 0 0 0 0
0 0 0 0 0 0 0 0 0 0 0 0 0 0 0 0 0 0 0 0 0 0 0 0 0 0 0 0 0 0 0 0 0 0 0 0
0 0 0 0 0 0 0 0 0 0 0 0 0 0 0 0 0 0 0 0 0 0 0 0 0 0 0 0 0 0 0 0 0 0 0 0
0 0 0 0 0 0 0 0 0 0 0 0 0 0 0 0 0 0 0 0 0 0 0 0 0 0 0 0 0 0 0 0 0 0 0 0
0 0 0 0 0 0 0 0 0 0 0 0 0 0 0 0 0 0 0 0 0 0 0 0 0 0 0 0 0 0 0 0 0 0 0 0
0 0 0 0 0 0 0 0 0 0 0 0 0 0 0 0 0 0 0 0 0 0 0 0 0 0 0 0 0 0 0 0 0 0 0 0
0 0 0 0 0 0 0 0 0 0 0 0 0 0 0 0 0 0 0 0 0 0 0 0 0 0 0 0 0 0 0 0 0 0 0 0
0 0 0 0 0 0 0 0 0 0 0 0 0 0 0 0 0 0 0 0 0 0 0 0 0 0 0 0 0 0 0 0 0 0 0 0
0 0 0 0 0 0 0 0 0 0 0 0 0 0 0 0 0 0 0 0 0 0 0 0 0 0 0 0 0 0 0 0 0 0 0 0
0 0 0 0 0 0 0 0 0 0 0 0 0 0 0 0 0 0 0 0 0 0 0 0 0 0 0 0 0 0 0 0 0 0 0 0
0 0 0 0 0 0 0 0 0 0 0 0 0 0 0 0 0 0 0 0 0 0 0 0 0 0 0 0 0 0 0 0 0 0 0 0
0 0 0 0 0 0 0 0 0 0 0 0 0 0 0 0 0 0 0 0 0 0 0 0 0 0 0 0 0 0 0 0 0 0 0 0
0 0 0 0 0 0 0 0 0 0 0 0 0 0 0 0 0 0 0 0 0 0 0 0 0 0 0 0 0 0 0 0 0 0 0 0
0 0 0 0 0 0 0 0 0 0 0 0 0 0 0 0 0 0 0 0 0 0 0 0 0 0 0 0 0 0 0 0 0 0 0 0
0 0 0 0 0 0 0 0 0 0 0 0 0 0 0 0 0 0 0 0 0 0 0 0 0 0 0 0 0 0 0 0 0 0 0 0
0 0 0 0 0 0 0 0 0 0 0 0 0 0 0 0 0 0 0 0 0 0 0 0 0 0 0 0 0 0 0 0 0 0 0 0
0 0 0 0 0 0 0 0 0 0 0 0 0 0 0 0 0 0 0 0 0 0 0 0 0 0 0 0 0 0 0 0 0 0 0 0
0 0 0 0 0 0 0 0 0 0 0 0 0 0 0 0 0 0 0 0 0 0 0 0 0 0 0 0 0 0 0 0 0 0 0 0
0 0 0 0 0 0 0 0 0 0 0 0 0 0 0 0 0 0 0 0 0 0 0 0 0 0 0 0 0 0 0 0 0 0 0 0
0 0 0 0 0 0 0 0 0 0 0 0 0 0 0 0 0 0 0 0 0 0 0 0 0 0 0 0 0 0 0 0 0 0 0 0
0 0 0 0 0 0 0 0 0 0 0 0 0 0 0 0 0 0 0 0 0 0 0 0 0 0 0 0 0 0 0 0 0 0 0 0
0 0 0 0 0 0 0 0 0 0 0 0 0 0 0 0 0 0 0 0 0 0 0 0 0 0 0 0 0 0 0 0 0 0 0 0
0 0 0 0 0 0 0 0 0 0 0 0 0 0 0 0 0 0 0 0 0 0 0 0 0 0 0 0 0 0 0 0 0 0 0 0
0 0 0 0 0 0 0 0 0 0 0 0 0 0 0 0 0 0 0 0 0 0 0 0 0 0 0 0 0 0 0 0 0 0 0 0
0 0 0 0 0 0 0 0 0 0 0 0 0 0 0 0 0 0 0 0 0 0 0 0 0 0 0 0 0 0 0 0 0 0 0 0
0 0 0 0 0 0 0 0 0 0 0 0 0 0 0 0 0 0 0 0 0 0 0 0 0 0 0 0 0 0 0 0 0 0 0 0
0 0 0 0 0 0 0 0 0 0 0 0 0 0 0 0 0 0 0 0 0 0 0 0 0 0 0 0 0 0 0 0 0 0 0 0
0 0 0 0 0 0 0 0 0 0 0 0 0 0 0 0 0 0 0 0 0 0 0 0 0 0 0 0 0 0 0 0 0 0 0 0
0 0 0 0 0 0 0 0 0 0 0 0 0 0 0 0 0 0 0 0 0 0 0 0 0 0 0 0 0 0 0 0 0 0 0 0
0 0 0 0 0 0 0 0 0 0 0 0 0 0 0 0 0 0 0 0 0 0 0 0 0 0 0 0 0 0 0 0 0 0 0 0
0 0 0 0 0 0 0 0 0 0 0 0 0 0 0 0 0 0 0 0 0 0 0 0 0 0 0 0 0 0 0 0 0 0 0 0

4573 5996 5142 3982 5111 5360 4592 5021 5899 5223 6124 5612 5153 5842 5375 6558 6493 4932 5758 4664 5183 5053 6758 3948 4635 6208 2674 7142 4792 5259 4933 5104 4637 5715 2819 5457
3580 4176 6867 5150 5195 3803 5409 4208 4317 4790 3462 5337 4950 6398 3075 4943 4723 4266 6274 4789 6311 4812 4911 4672 3595 5001 5190 4189 4227 5235 4223 4395 5565 6165 5644 4254
6278 4850 5333 4535 5866 3932 8544 2952 4545 5008 6466 7076 4722 5166 6251 4413 6871 5414 3968 5532 4296 5727 4495 5492 3287 4563 3771 4787 4732 6605 3536 5630 3266 5074 4126 6880
5463 5690 5517 5346 3644 5597 5251 3654 4556 4528 3613 6342 5088 4762 3706 6417 5206 6155 4947 4564 4989 5307 3957 4603 2989 5542 3756 4839 5295 4411 5144 3918 5028 5137 5220 5969
4420 5868 3498 6116 4923 3653 6407 5109 5651 5647 5774 5062 5068 4642 5821 5701 5508 5089 4963 5200 6845 4482 7281 4742 5215 6530 4013 5229 5241 4393 3628 5589 6546 5007 4956 5553
5198 4159 6532 3723 5906 4707 6563 4642 2331 5141 5214 5800 3450 4587 6683 4059 4798 5913 5101 5089 3016 4246 4110 4989 5502 5486 3652 6590 4277 5819 3430 4538 5181 4917 6355 6665
6178 4874 5011 3664 5169 3244 4757 4303 4354 4731 6137 3681 5888 5224 4347 4736 4937 3379 6211 5547 5123 4673 5218 3459 4916 5905 4751 5531 4922 5608 5752 3480 7232 5244 4323 4131
5170 5806 4204 3878 5749 5101 4129 4909 4579 5321 5441 6163 6185 4388 4692 5942 5601 4551 5455 4112 4553 3837 2677 5311 5091 5435 2736 4914 4431 5824 4189 3949 6557 6106 4734 4865
4233 5808 4262 4460 6184 5143 4392 5947 3099 6795 5806 5516 5662 5619 3185 5921 4796 3652 6744 4450 5536 3705 4668 2901 6701 4578 5648 5421 4763 4491 4867 3133 4873 3540 5329 3680
4877 3555 4538 5494 3849 4847 5575 3610 4918 3675 4395 4257 5565 4922 5467 4993 3927 5731 5083 5827 3850 4842 4911 7302 5243 6850 4147 4581 6095 4029 5158 5299 3521 5178 5978 6206
4853 4531 6839 4873 4699 5177 3737 4959 5624 3848 6268 6084 3984 6031 5327 5129 5784 4754 4553 6630 4098 4734 5231 5116 3722 7136 3644 5119 3555 4648 5054 3170 5460 6900 4187 3223
4375 6604 5514 5068 5815 4807 5436 4572 5037 5610 4125 7577 5104 5025 5107 3413 3856 5604 5412 7309 2872 4415 6294 4614 4648 6518 4454 4576 4170 4863 6526 6188 6167 5202 6411 5191
4903 3084 5255 4967 4480 5727 6358 4068 6302 4429 4865 3260 5618 4855 6255 4165 4416 5080 5263 4155 4990 4769 4174 5845 5529 4536 5339 3621 5997 6015 4573 4698 6306 3983 4438 4602
4688 3191 3981 4996 5257 5211 5013 5180 4930 4319 5057 5673 4795 5328 5561 6823 6019 5242 7018 3393 3521 5428 6658 5428 5058 4870 6273 5090 4689 4330 5150 7445 5965 5292 4355 4290
4711 5865 4998 4225 5806 5197 5006 5998 4940 6611 4911 5050 3798 5399 5345 4881 5060 4769 5068 3996 4372 4477 4471 4815 3973 4345 4847 4171 5112 4473 4353 4749 4980 5876 4941 5246
5167 6445 4141 4620 4771 6135 4051 5143 6148 4332 5031 5125 4395 3469 5176 6466 3760 6374 5277 5697 4879 6047 4266 7637 4022 5080 6361 3834 4331 6730 3281 5611 6009 5594 5621 5208
4066 6158 6303 4732 4461 6247 5750 5573 6901 4248 5116 3686 3032 2961 4590 5209 4810 4768 5587 4851 5268 4336 4859 5680 4412 5867 5425 6649 5898 3729 5110 4452 6369 4878 4987 6114
5734 5105 4428 4964 3502 6308 4655 3631 5014 4714 5822 3765 5859 4642 5230 6101 6082 4436 5185 5889 3894 5053 7081 3530 5700 5841 4943 4058 4788 4670 6354 5214 5449 4743 5836 3049
4580 5757 3768 5225 4571 3920 4692 5567 4126 4899 6692 4721 5357 4559 4232 5397 4096 5626 6614 5335 5410 5900 5327 3033 4961 4323 5201 4174 5042 3213 5199 4219 4930 5356 4605 4659
4785 5646 5535 5809 4674 4287 4918 5905 5913 6055 6281 5632 4342 4718 4542 6064 3658 4049 4240 4496 6229 3695 7196 4440 6102 4399 5009 5679 4840 4741 5974 4793 4290 5929 6239 6819
4850 5205 6385 4691 3558 5964 5387 5261 4656 5516 4377 5542 3674 5788 5404 6254 6913 4572 6411 4551 6363 4639 6240 5265 3772 5601 5685 5687 4725 3366 4868 5772 5491 4254 4808 5173
5790 4035 5955 4312 3373 5476 4638 5008 4526 3673 6636 5175 4895 5083 4240 4513 4044 5297 4736 4358 5500 4707 5721 4534 7551 4390 3759 4232 6088 5495 5763 5807 3766 5644 4527 6877
6620 5443 5977 4718 4993 4009 8227 4029 7485 5064 5713 3543 4985 5976 5630 3825 5790 4090 5171 4516 5680 4724 4412 5699 4188 4611 6925 4766 5610 4361 3973 6410 5483 5862 6023 5428
5407 5754 6750 4206 4322 5519 4227 5601 6416 5393 6491 4749 3895 5147 5968 5192 4664 4609 3299 6097 3958 4609 4027 5244 6173 6370 4136 5036 6105 5688 6996 4475 4907 6290 5700 5151
6567 4851 6822 5453 3945 4245 5384 5205 4906 4744 3826 4415 5746 5642 4992 5295 4911 3465 2993 4944 4615 5788 5424 5572 5118 4736 3825 5479 4171 2651 4761 7021 4881 2672 4476 5926
5514 5423 4123 5819 4320 5075 5051 5397 4236 4893 5328 3490 4790 4880 6458 5413 4212 5259 5558 4802 5705 3582 5165 5182 5885 4236 5539 4896 7189 5421 4547 6704 2821 5017 4979 4848
5527 3185 5016 4502 3735 4253 5485 3896 5647 4513 5696 3183 4130 5746 4723 4623 5157 4353 6057 3372 5409 5148 4441 4466 5675 5447 4670 3540 5054 4428 4079 6084 7572 4827 5422 4051
3473 4471 3463 4678 4945 5480 4209 6139 3608 6638 3887 5826 4781 5303 6227 5129 4453 4918 5943 5651 4524 4775 4956 5092 4342 4750 4354 5898 5469 4340 3953 5772 5334 3325 4995 6871
4849 5491 4457 5576 6023 5944 6180 4713 6171 5227 5815 3342 6345 3947 4728 4359 3643 5029 7857 4836 5232 6581 4422 6080 4519 6626 5377 5945 5853 3712 4724 5237 4688 4617 5159 4261
6037 6391 4257 5348 5212 5520 3839 5404 4947 5622 3519 6403 4031 4307 6542 5389 4951 5436 4784 5053 4595 5725 6097 5054 4929 4955 6527 3593 6352 4575 4695 6569 5317 2389 6991 5897
5934 4730 4142 4012 5564 5416 5067 6433 4749 6902 4373 4181 4967 6861 4009 5235 5089 5370 5821 6047 3707 4334 6709 4681 4223 5623 4135 5649 5637 5124 3200 5971 4255 5519 5626 4452
5079 5784 6036 3854 5931 4670 5073 5618 5870 5446 3478 6606 6408 4303 3995 6381 5902 4657 5305 4311 4569 4903 6217 4127 5116 4347 6112 4397 4047 5390 5326 4270 4364 5531 5809 4866
5437 4779 4112 4770 5778 5270 4749 4515 4348 4995 4303 5415 5650 3682 5414 4692 5145 4476 4793 4531 6209 5250 6395 5640 4374 5430 4975 4500 5318 3849 4437 5142 4876 6560 4660 3964
4831 4683 4087 4095 5380 4818 4359 4658 5299 4306 3489 5747 5443 6307 5042 6408 5399 4464 3795 4852 4530 5199 7242 3427 4559 5104 6376 3179 4936 5722 4829 4331 3745 5854 6358 6147
5610 5017 4780 5389 5125 5198 4550 4609 4759 4420 4463 4690 7687 5434 6266 6552 5259 5082 4118 4186 5888 5348 5010 5061 4881 2047 5292 6414 4809 3339 3595 4558 4867 5027 5219 3493
6244 5524 5578 6627 5962 3574 6246 3160 5311 5772 4392 3378 6195 5005 3706 5770 3631 5068 4461 4860 4782 4620 5331 5982 4910 5489 5721 5319 3325 5060 4889 5392 5238 6745 5099 4330

345 1848 708 1591 1753 1199 236 945 1316 894 1506 1697 1842 741 1060 1842 743 142 779 0 580 1695 82 0 2261 608 900 1291 227 186 2063 1207 1992 294 467 1367
1112 1064 2546 865 2349 1383 1578 1160 1191 0 836 951 1215 2085 843 1910 436 350 3033 1022 2060 1434 739 632 2416 0 1956 1831 496 1468 728 1857 1078 1285 917 1475
1673 517 3107 655 283 3777 584 1345 1131 1589 166 1129 2005 1003 1304 1215 1586 0 929 1458 578 1810 1037 1645 1419 1688 0 1462 1430 986 1022 392 2980 348 2582 1065
1794 2024 1477 1426 827 2009 1730 273 680 1079 1293 0 3062 239 1348 600 1881 715 1884 2349 1019 0 2336 1235 1071 1303 2688 0 2530 1762 2062 543 0 2248 560 824
992 1928 1441 1333 2474 1784 540 1183 2132 2069 524 2370 1247 0 1857 1726 0 1244 2397 315 800 337 1389 1180 907 1806 2311 1451 461 1976 1722 941 1784 450 2330 956
1633 1626 1271 894 616 1310 1734 317 1579 1096 2136 1490 412 1697 1747 1014 1687 1205 1153 1050 1391 922 1456 0 2309 1486 1577 1473 2925 1010 1810 1682 265 2243 1023 2229
1226 1525 1037 1093 1515 1665 849 937 742 2054 494 2208 335 1305 2046 412 1149 1392 2231 954 745 3111 649 2068 944 1189 0 2554 1630 1826 1188 1604 679 582 1388 866
2272 754 888 1191 1025 0 2653 1072 1211 370 1056 1139 123 398 0 1180 772 324 885 72 2454 360 1874 801 2088 530 622 0 193 1019 1613 1422 1068 0 1641 495
1350 244 1735 484 2002 1302 2274 0 526 987 699 1736 3215 1844 1025 2098 884 2280 0 0 1948 1773 2403 618 830 514 2503 2053 0 998 56 1067 2361 349 1112 1451
838 973 211 2019 789 750 1820 787 2210 1518 1296 83 2342 733 2296 1079 0 363 3174 1156 2466 474 1939 3754 1245 2579 1518 528 2147 85 1363 1583 2983 1767 2310 1942
1240 964 828 1773 1122 598 755 1408 998 1499 1215 430 33 87 748 1534 1607 2022 2062 1115 753 1399 247 1358 293 0 2592 1084 524 1609 825 1932 2130 926 992 3369
0 1404 938 216 1282 1376 1184 1228 1516 1383 2056 1893 99 2024 442 1244 1844 1100 1681 2856 0 1488 255 15 434 2038 284 2106 356 1621 1857 1338 1714 1898 771 899
1113 1402 604 2972 847 1932 0 190 1834 1813 1943 1432 2926 2048 1675 199 2351 1738 300 2132 1324 1139 2874 446 1002 2383 138 1206 1422 3549 186 2067 2803 0 1140 1180
648 500 405 1802 1349 1535 1264 1454 965 131 2208 1702 2 2663 814 819 1523 354 1122 1152 1326 1018 2387 2034 2662 0 1395 664 1117 1751 1679 1660 1882 2884 1394 872
1458 1231 1544 1138 1558 0 1991 1785 718 2625 1427 498 1711 805 2513 1645 0 1558 1423 558 1751 743 1677 1297 2059 1644 12 2486 1009 903 1686 0 2833 797 1682 1788
2522 1462 0 624 2992 372 0 2446 2149 1800 0 1638 1013 0 1536 2031 413 1763 1641 1216 701 2420 831 753 256 945 1248 1879 2952 0 391 2166 116 1984 1215 1646
1881 2409 2112 1675 1779 1193 828 1458 2080 2043 1013 2367 1881 1352 889 2102 656 874 932 1455 1510 420 217 1690 471 1786 1662 3054 0 77 183 2116 2364 1159 667 2269
1998 1007 1519 770 521 1381 463 559 734 940 3035 1183 1595 1615 2201 799 1929 1794 1684 2480 2246 1448 1504 187 2193 1350 950 0 2249 0 1705 1090 892 240 2387 1217
1732 969 0 2118 1461 761 1368 1105 435 990 0 1307 1397 909 802 268 2899 1521 757 967 1254 2395 1086 2534 723 437 3140 224 1338 3122 323 1758 1191 1387 2134 1333
2109 2608 0 2677 2467 1556 706 1757 1333 1961 1383 635 1243 744 1581 854 1714 1680 1638 1027 1267 2179 0 1071 166 1893 465 1987 1739 1048 3440 513 227 2209 249 2607
2001 2177 1654 1820 0 1290 208 1209 3099 2087 401 1326 2248 172 1682 2382 1224 1024 486 1096 1438 467 1372 764 1476 1396 1895 784 761 856 1486 799 970 2106 1082 176
1182 348 1919 1470 375 1370 1160 2065 785 933 466 1587 1220 3147 1143 0 2036 805 2625 330 1337 180 2592 0 3400 137 619 1629 491 1460 1734 1862 1568 235 645 907
0 1081 2088 2709 1921 45 1998 2037 802 1183 1931 305 1907 1615 886 1395 0 634 947 1008 0 862 1125 775 1303 1630 1716 1822 1252 1397 1068 1070 785 1048 869 1735
670 2394 1355 959 596 1498 1455 1196 462 765 0 656 2226 1557 901 557 826 2541 1226 1376 3054 174 1233 1500 500 2528 1780 548 2303 458 453 486 889 2100 1557 27
1840 1700 282 0 957 1311 772 801 518 53 3080 953 853 1065 374 1195 1337 895 1440 3234 1437 1881 396 658 1283 1248 1651 2088 718 529 929 1072 0 1876 1254 2561
1670 1543 1478 1013 1925 2140 2559 1113 2001 1133 800 2634 897 339 1590 1797 1939 318 1077 1885 0 726 1709 2593 1472 109 2487 2086 607 897 1693 1945 0 1823 2923 1333
59 2407 1338 1386 1627 1745 647 1263 785 2502 2577 0 792 692 520 881 142 1285 1943 1446 0 949 576 1455 272 2417 1147 1122 644 2264 1823 1714 1113 1492 1596 2376
566 1697 1688 1626 1827 1434 1431 1400 0 626 1911 441 479 1628 642 1298 1518 1468 1203 1064 1126 986 1868 867 1889 777 1228 885 2631 626 968 781 982 1790 1239 1362
2209 901 2076 1842 1232 1157 1933 190 1868 2581 1811 1976 1689 1274 1581 816 1009 1536 2198 1657 1936 1433 589 2138 2153 2819 2577 1040 1908 412 895 693 1328 2817 1814 1566
620 2572 2760 1124 1425 725 2586 2108 519 274 1557 2308 1644 0 2634 139 87 2460 0 1780 1794 1192 0 2543 984 1401 1478 664 1677 900 2579 3263 910 1205 3058 115
59 299 2494 1853 0 1550 1650 1995 0 2875 0 0 1116 1290 1509 1649 741 786 1360 433 1100 1313 2216 0 972 602 697 1066 736 990 1153 0 1461 1757 3016 930
112 1678 1308 750 965 719 1440 713 1385 320 2305 1060 1512 1824 368 1704 1630 1765 1976 1424 155 903 1854 586 273 2024 488 2855 200 670 0 1249 0 1052 2033 578
2146 2935 1929 2280 1637 221 2096 1399 0 311 1471 1823 0 855 1445 0 2751 993 672 2428 1655 956 1223 2211 323 484 1883 446 884 533 2156 1621 1572 1746 0 1249
1883 1662 895 1571 2522 464 1701 599 1634 1189 1256 2820 847 966 1718 1304 810 905 2014 2501 2051 467 1585 1172 1383 1375 1896 0 1847 0 399 1113 900 1594 643 1229
614 1920 892 931 3306 1428 1461 1862 346 703 957 2177 1815 319 2029 1805 1061 1824 375 2654 1992 1172 667 1677 2817 512 1960 1763 2027 953 1099 2614 1155 1289 1674 1136
1862 611 1558 2069 445 1217 2940 668 1035 376 1168 2316 274 86 1423 1610 0 1588 1271 197 1810 0 2608 0 1133 565 2213 846 0 2342 2400 1446 2105 422 371 628

9661 10845 11135 10161 9867 10003 10193 9579 11700 11784 9528 10591 11437 11574 11187 10477 11745 9237 11446 10256 10958 11343 11565 11692 10964 11223 9638 9783 11583 10418 9653 8942 9635 11923 9988 10423
10964 10819 11690 11197 10658 10268 10549 8485 10770 10725 11554 10354 8358 9950 10475 10398 11411 9403 10002 10079 11364 11097 10889 10838 10916 10943 10393 8335 10499 9815 11211 11264 9620 10026 10837 11229
10162 11534 11448 10988 12081 11089 10403 11524 10410 10010 11641 12132 9860 9176 12010 10248 11037 11885 11443 9853 11641 9852 9601 10079 9459 11168 10773 10564 9249 9988 11857 10850 9530 9979 9703 11392
10399 9713 9127 10366 10364 11158 13610 9795 9511 9558 9986 10284 9783 9268 10586 11645 10697 9635 10378 10324 10970 10401 13201 10825 10204 11092 10684 10613 11154 11032 11336 10339 11693 10270 9345 10555
9358 12253 12949 9635 11607 9427 10453 11723 8991 9736 9632 9189 9007 11390 10157 11944 11100 13199 11059 9701 9904 9938 11660 11827 10447 12182 11553 10847 11192 10968 9802 11998 10763 12184 10961 10492
8982 9925 10686 13367 11126 9961 10858 10157 10190 10142 9110 10306 10755 9658 10912 9809 9114 10396 11705 10876 11487 8887 10522 10107 12278 12108 10460 10936 8812 10825 11241 9660 11170 10614 11494 11253
11320 10148 10260 9092 10476 10090 9807 9463 11464 11286 10346 9385 10320 9874 9582 11243 9044 9576 12021 11664 11469 8495 9820 11311 10886 10791 11372 10976 11061 10686 9098 11011 11358 11382 11109 11164
11284 11473 11662 10603 10481 9820 9980 9726 11228 11951 10798 10802 11120 10080 9623 9266 11259 11167 10910 12378 10130 10492 10661 8773 9891 10495 9554 11532 10711 11523 12120 9441 10650 9991 11901 10112
11634 10735 12714 11322 11112 10852 11129 11149 10511 10294 11670 10440 10784 11427 10319 9736 10279 8971 10989 9511 11353 10905 10415 9706 12518 9585 9343 10790 10793 12154 11112 10456 10321 9333 10036 10496
11720 11917 10228 9817 12055 11640 9954 10853 9388 8984 11812 11171 9784 11290 10557 10884 9574 8736 9844 11430 10496 12487 10224 11308 10292 11337 10442 11155 10053 11681 9760 9911 10349 10540 9060 9322
11132 10513 11091 11289 9967 9267 10924 10438 10700 9419 10027 12059 11391 10671 10671 10412 10212 10950 11199 11677 9160 10632 10343 11208 9240 11165 10082 9785 9988 9232 10385 10933 10287 10099 11373 11145
10054 9235 11016 10734 9292 11679 11167 11419 10773 11320 10587 10330 10656 10780 11405 9683 10529 10480 9705 10354 10708 9871 11385 11762 9255 10921 11311 13076 9658 11418 11211 10622 10943 11585 12174 10314
12407 9207 9671 10598 10533 9568 11350 9673 10169 9903 9349 9929 9095 8941 10416 10558 9885 11212 10116 10801 12020 11582 11313 11570 13012 10328 11240 10599 10063 11423 12571 10498 10451 10425 11324 12089
10503 11392 10297 10819 11142 10476 8995 9927 11704 9831 9673 9666 9992 9622 10220 10647 13498 10211 9873 11187 11558 10738 10052 10496 9852 11818 11241 9791 9668 10305 9627 11760 10702 10774 9526 10660
9765 10180 9629 8806 9401 11681 9882 11239 10815 10401 10080 10347 9844 10712 10117 11576 10790 11640 11696 10446 10095 10885 10293 10912 10581 10311 10330 12501 12517 10945 11302 10733 11543 11493 10815 11086
8701 11498 11621 9719 10328 9239 10277 12199 11942 11638 10263 10428 11484 10443 10785 11724 10428 9356 10671 10485 9616 12332 9436 10760 11144 10423 10073 10414 11197 11578 10262 9852 11573 12254 12406 8643
9898 10566 11090 11584 9581 10718 10779 10351 10073 10284 11104 10970 10446 10330 9474 10786 9439 10733 10360 9800 10986 11147 10694 10638 8836 10596 11551 9719 9922 9576 10721 10891 11118 10675 10670 11829
10621 10624 11798 12242 10036 9351 11024 11346 11213 9971 12891 10287 10206 11126 10856 9780 9428 10133 9882 11548 9839 7787 10493 11677 9223 10388 10720 9306 10219 9014 10638 11390 10572 9869 9667 12000
9899 12426 9321 10876 10407 9982 9131 9849 11972 11426 12133 12693 11312 10398 10489 11599 9451 9197 10882 10903 11269 9339 11918 9878 9834 10684 9889 9277 10372 9739 10576 11864 10418 10650 11237 10090
9656 10249 11475 12301 9473 11689 9694 9913 10739 11110 11522 11801 11555 9772 8883 10186 11413 9497 9953 10748 10622 11288 10758 9767 10527 11962 10710 11665 10839 9179 9614 10619 10697 10989 10784 12599
10864 10594 10578 10771 10547 12121 11131 10725 8929 9075 11586 10233 11074 10921 13314 10956 10512 11035 10529 10656 11815 10305 9625 11099 10527 9969 11085 9782 10985 11440 8788 9714 8361 9508 9402 11486
10465 9399 8244 10167 11239 10490 9495 10837 11478 10505 10978 10991 10085 10726 8906 12151 11310 9718 9766 10030 11602 11873 12130 11465 11665 9314 10679 11052 11039 10567 10989 12961 10895 10775 8598 10926
10770 11023 11691 10168 11448 9587 9519 10416 10812 10487 11461 9711 10103 9832 10929 10480 10151 11480 9384 9312 10847 9587 11413 10241 10777 12249 11434 10652 11752 11031 11497 10934 11886 12245 10739 11061
9812 10767 12084 9938 10387 9631 10847 11216 11900 11076 11544 12608 11768 10890 10113 9991 11457 11705 10167 11304 10653 9803 11661 8904 10613 10256 11817 9208 10491 8943 10990 11491 9956 10417 11202 10894
9356 9674 11349 12755 11967 10321 10466 10345 11400 10695 10212 11177 12696 10755 10144 9431 10886 10590 10331 11422 11090 9188 11432 10819 10938 10552 9770 10116 10640 9526 10749 10063 9828 9921 9691 10997
11590 11464 10216 9511 9730 10010 10268 10368 9370 10057 11887 11101 10934 11228 10844 11192 10324 9161 10660 10317 9859 10756 8981 10532 11153 11142 11550 10732 10945 9431 9755 12237 12722 10625 8929 9443
11301 12257 11631 10367 9929 8972 11313 10378 10565 10003 9137 11394 9662 11623 12187 11400 10592 11012 10592 9451 10279 10832 9211 10815 10060 9740 9725 10980 10986 10247 10772 11657 10901 12072 10959 10645
9457 10465 9686 10740 10489 10581 9138 12602 10518 10285 11464 10807 10875 9005 11369 10630 10266 11074 10034 10438 11889 10345 11019 10986 10087 11400 11904 8897 11923 11106 12301 10046 12073 10928 9736 11431
10203 9889 9157 10503 11415 11300 11313 10398 10969 10645 10814 10924 10775 8974 10320 10086 11075 8453 12639 10130 9015 11424 10979 11222 10423 11032 11225 10767 11223 10704 10088 11803 10501 10327 11439 10917
10880 11619 10560 11168 11767 9761 10583 9249 10795 13008 12041 10757 11958 10488 10157 10873 10450 10651 12343 11662 11363 11151 11795 12657 11634 10819 11322 11902 10129 10465 10617 11082 10053 10382 10976 11831
10397 11794 9729 9039 10537 10789 10157 11179 10173 9849 10687 10616 11303 12156 10494 10373 11784 11203 10816 11444 11895 9000 9855 10561 10137 11442 10400 10218 12344 12421 11052 11678 11164 9410 9798 11619
11169 11529 10425 10726 10662 10376 10198 10319 11570 11697 10109 11359 10917 10825 9806 9383 8663 11144 11443 10445 9548 10225 10914 9708 10793 10992 10451 10359 10459 10008 11570 12352 12749 10984 10685 10110
9583 11188 11493 9933 10450 10428 11026 10268 10801 11813 10283 11097 11018 8765 10729 11314 9545 10639 8236 10088 8905 11380 10140 10465 10292 11241 11954 9916 9236 10438 10670 9729 8950 11140 12213 9859
8684 9091 9744 10323 10758 10210 12008 10188 10081 9152 9150 11229 11433 9270 9986 9588 9801 9385 9805 9537 10085 11285 12195 10987 12093 10970 11861 12296 12220 11958 10116 10575 10296 10556 10769 11700
11188 9800 9282 9241 10482 8897 10264 10161 10270 11425 10633 9198 11563 12206 10678 12211 11545 11927 11585 10612 9652 9509 11100 10084 12402 10146 10212 11838 9450 11515 10973 9981 10956 10859 10891 11229
11709 11970 10984 11815 11812 11113 12044 10204 10322 11068 10046 8643 11379 9148 11902 9889 11890 9876 13146 11098 10718 10509 11304 11838 9792 10456 11954 12184 10602 10467 10749 11400 10017 11585 11031 10312

5616 8212 6728 6371 6990 5281 5611 5713 5752 5997 5385 6505 6752 7427 5557 6050 5106 5383 7767 5221 5789 6478 5669 5833 6825 5477 5302 6768 5578 5850 5944 6279 7147 6625 7173 5759
5671 4481 7342 6195 5835 7638 6709 5864 8037 5952 5637 4474 6496 6243 6698 7112 7406 6800 7244 7746 6953 5000 7386 6036 6589 5064 6811 5232 6884 6235 6141 6875 4866 6950 6316 5999
6744 5516 7637 6940 6320 7492 6609 5194 7729 6364 6415 5293 5355 4754 7095 6784 6467 5906 8092 5419 7249 7532 5906 6188 7214 6687 6122 5805 6042 6063 6243 5977 5685 5612 7284 6258
7283 5808 7006 6724 6212 7304 7115 6813 6980 6342 6422 5967 6495 7429 6163 5869 7943 5910 6690 6914 6966 5726 8755 4148 8747 6112 7716 6553 5333 6383 7151 6307 7159 5752 6036 6175
6632 7035 6373 6818 6410 7588 6923 5970 5440 6339 4392 8321 5964 6683 5974 6374 5894 7358 6356 6278 5160 5748 7580 6945 7038 5529 7329 7090 6015 6754 5485 7379 6278 6288 6721 6422
6356 8073 6983 6768 5527 5394 8625 6193 6763 6708 5551 7055 6766 6775 5626 4949 7857 6703 7124 6954 6335 5381 6833 5810 7451 6947 7858 6940 6157 8280 5768 6497 6543 7884 6951 7438
6545 5782 5882 7220 7123 6964 5769 5363 6196 6111 5621 8079 7371 6522 6123 6915 4537 6693 7727 6780 8095 6298 6832 6277 6773 6914 6707 8087 7707 5695 5672 5681 6595 6021 8179 7544
8182 6633 3139 7571 4867 4907 6859 3406 5700 7721 4887 8243 6295 5668 6535 5743 5453 5358 6314 6657 9060 5605 7207 7380 5773 7760 6845 5683 6633 6431 5833 6761 6677 6435 7479 6917
6593 5791 6661 7700 6940 6207 6955 7025 4148 5608 6281 7220 6505 7283 6908 6377 5950 7303 5380 5363 6376 6594 6652 6599 5833 4781 7373 8171 6360 6938 6596 7625 6885 5875 6649 7866
6114 8132 4184 6399 6785 7030 5487 6849 7440 6694 8175 6546 6862 8241 7783 7300 7195 4652 7205 6968 6637 6933 6325 7021 7902 8618 5702 7118 7005 6720 5600 6334 7881 7613 7194 6489
6389 8047 4870 6356 5751 5622 5576 5898 4732 6413 6251 7106 6077 5337 5676 6912 8283 6762 5449 6875 5758 7134 5123 6831 6334 5592 6111 6903 4854 7142 4938 6842 7486 5701 6809 9802
5415 6617 5387 5978 4536 5942 5875 6630 6907 6993 8228 6898 6637 7372 6206 5841 7578 6350 5535 7171 6556 5490 5386 4607 5387 6638 6864 7327 6192 5412 5263 5858 6040 6663 5938 6444
5912 5008 6149 8110 6806 6179 6622 6107 5077 6772 7684 7270 7362 6824 7108 4616 6806 7701 6752 7563 8111 6134 7393 6797 5282 5029 7639 8310 7553 7678 6601 6085 7585 6660 7847 6444
5923 7069 4239 5847 8056 6636 6246 7451 5382 4726 5111 6853 5211 6736 6777 6423 6024 5920 6502 6664 7620 6425 6499 6347 7039 7453 6064 4654 4900 6562 7906 7024 6176 7507 6822 6425
6474 6283 7472 6233 5934 7887 6214 5846 5718 5593 5966 5001 6430 6266 6868 6973 6087 8040 5710 5664 8165 6045 5869 7282 6534 8312 7726 7966 5647 5729 6272 7434 6236 7491 7010 5982
6951 6598 5423 4911 6054 5089 5921 7287 6877 7215 6620 5600 6064 5631 5412 6166 5542 6515 6604 6749 4910 8731 5675 5193 6545 7608 6036 7910 8466 6808 5959 7484 6984 7249 8362 7288
6614 6141 6527 7250 6016 7232 4505 5957 6511 8965 6780 5879 7641 6275 6039 7081 9026 6648 5738 7376 7070 6966 6395 6543 6196 5851 8169 6781 6411 6585 6445 6988 8140 7806 7178 6954
7234 5685 6573 8089 5873 6603 6455 5683 5875 6752 7885 7244 6706 5926 7762 5453 7107 7681 7958 7363 6124 6570 6667 6348 7447 5923 6540 5788 8051 6381 5286 5665 6725 7487 6995 7019
6964 7965 4422 7671 6208 4903 6199 6713 6509 6813 4083 6691 6648 6442 7384 7074 7851 7146 6375 5733 6974 4870 7493 7864 6372 6758 7666 6440 5217 7489 6978 5685 6954 7109 5861 7398
7935 6660 7141 5807 7164 7022 6088 6176 6735 7927 5697 6041 6784 7451 6494 5964 7466 6335 8148 6931 7036 7975 6995 4577 6617 4926 5255 6052 5392 5505 7006 7270 6789 7371 6982 6642
5802 8481 6729 7147 6137 6563 6284 6438 5722 7001 7155 5526 7415 6798 6910 6341 6351 5952 6330 4753 6271 6046 6951 5374 6592 5954 5093 6100 4818 6326 5417 6155 6134 8464 7249 6487
5389 5663 6543 6838 6671 6337 7121 8029 6379 6659 5841 4625 7130 6639 7681 6511 6662 7201 7992 6905 8615 7641 7636 5768 6181 6417 5909 7163 5374 5047 5450 7362 6912 7533 5596 7062
5134 5785 5506 6605 7550 5510 5384 6779 5936 6866 7737 5610 5069 6848 6794 6573 7687 4564 6131 5214 5539 7649 6168 8240 6033 8129 5544 6384 7396 7135 7555 7702 6269 6732 5630 5624
6737 6459 6700 5572 6937 6778 7014 8243 5964 5260 6727 4591 6775 6280 7032 5882 8081 9001 6418 5484 6057 6965 6885 6222 5497 8369 8147 6345 6357 6835 5598 6489 5604 7834 6503 5776
7953 6623 6843 6668 7844 5953 6520 4947 7671 6668 7140 6281 6545 6395 6191 5084 8177 6046 8196 6730 6345 7435 6980 7482 4604 5840 5540 5937 5931 6999 7006 7103 4844 6280 6718 7935
7595 6299 6865 7380 7044 7164 5328 6963 6712 7436 5789 5800 6119 6699 6291 5405 5530 6463 7457 5631 6420 7482 7963 7236 6565 6540 6878 6003 6057 5859 5855 7137 5446 6579 5505 5439
6618 7373 7649 4801 6821 6385 6210 7152 6524 8151 6496 7443 5849 6465 7351 5723 5457 5682 7334 7207 4737 5849 6645 5762 7980 5696 6797 7465 6307 6386 7602 5685 6989 5325 6698 6591
6237 6400 7570 7099 6850 6171 6994 8298 6324 6284 6039 6052 5370 6248 7294 6911 6067 6856 5841 6552 7422 5783 6187 7182 6072 6570 4191 6247 7214 6790 7035 8080 5588 6889 7452 7350
5542 5557 5942 6337 7021 5965 6982 5699 6387 6720 7578 7409 6689 7878 7461 7384 7407 6630 6688 6807 6809 5862 5947 7016 6592 7944 6371 6398 6073 7495 7037 4943 7314 6948 7346 5786
5052 7336 6966 7313 6716 6019 7506 7524 5709 6484 6432 6935 6425 7701 7554 6179 5469 6512 6911 7276 7905 6242 6495 6460 7226 5967 6915 8757 5208 5379 7061 8521 6008 7489 8059 5547
6889 7233 7643 7191 6170 5517 5222 8058 6338 8791 5845 5544 5660 6688 6350 7494 7072 5610 5682 6542 5918 6183 7826 5854 8470 5369 5592 6639 6468 6573 6323 5749 6902 6539 8308 7107
6817 5580 6098 6135 6294 6190 6685 7161 7049 6019 6294 6886 5327 6766 7232 4358 7357 7574 6780 7814 6770 4381 6124 6128 5584 6810 6475 6554 6856 7013 7311 6557 7307 5943 5710 6825
6940 8077 7301 7247 6678 5857 7549 6098 6600 6266 6645 5980 4877 5773 6261 5050 5275 7123 4799 7265 7659 5312 6658 6002 7457 5238 6822 4683 5875 4191 8294 7395 5783 6825 7347 5983
7188 5346 7979 8609 6312 7130 6395 6159 5120 6071 6973 9173 6136 5617 7392 6248 5339 5394 6673 6527 7314 6156 7102 5124 8566 5923 6959 6652 6394 6202 4886 7571 6779 6847 7585 5056
5488 5898 6392 6937 7111 7650 6248 6226 6233 6261 4641 6742 6282 7506 7089 5098 5571 6950 6289 6838 6941 5901 8391 6096 9751 6894 8519 7457 6704 7701 7025 5949 7968 6793 4835 6907
7208 6562 5752 6888 5570 7783 6777 6076 6724 4562 7854 7541 5120 6097 7396 6336 7221 7515 6652 5791 6434 5176 7119 6665 5762 8002 4841 6308 6380 6076 8853 6632 5795 6674 5752 6168

0 0 0 0 0 0 0 0 0 0 0 0 0 0 0 0 0 0 0 0 0 0 0 0 0 0 0 0 0 0 0 0 0 0 0 0
0 0 0 0 0 0 0 0 0 0 0 0 0 0 0 0 0 0 0 0 0 0 0 0 0 0 0 0 0 0 0 0 0 0 0 0
0 0 0 0 0 0 0 0 0 0 0 0 0 0 0 0 0 0 0 0 0 0 0 0 0 0 0 0 0 0 0 0 0 0 0 0
0 0 0 0 0 0 0 0 0 0 0 0 0 0 0 0 0 0 0 0 0 0 0 0 0 0 0 0 0 0 0 0 0 0 0 0
0 0 0 0 0 0 0 0 0 0 0 0 0 0 0 0 0 0 0 0 0 0 0 0 0 0 0 0 0 0 0 0 0 0 0 0
0 0 0 0 0 0 0 0 0 0 0 0 0 0 0 0 0 0 0 0 0 0 0 0 0 0 0 0 0 0 0 0 0 0 0 0
0 0 0 0 0 0 0 0 0 0 0 0 0 0 0 0 0 0 0 0 0 0 0 0 0 0 0 0 0 0 0 0 0 0 0 0
0 0 0 0 0 0 0 0 0 0 0 0 0 0 0 0 0 0 0 0 0 0 0 0 0 0 0 0 0 0 0 0 0 0 0 0
0 0 0 0 0 0 0 0 0 0 0 0 0 0 0 0 0 0 0 0 0 0 0 0 0 0 0 0 0 0 0 0 0 0 0 0
0 0 0 0 0 0 0 0 0 0 0 0 0 0 0 0 0 0 0 0 0 0 0 0 0 0 0 0 0 0 0 0 0 0 0 0
0 0 0 0 0 0 0 0 0 0 0 0 0 0 0 0 0 0 0 0 0 0 0 0 0 0 0 0 0 0 0 0 0 0 0 0
0 0 0 0 0 0 0 0 0 0 0 0 0 0 0 0 0 0 0 0 0 0 0 0 0 0 0 0 0 0 0 0 0 0 0 0
0 0 0 0 0 0 0 0 0 0 0 0 0 0 0 0 0 0 0 0 0 0 0 0 0 0 0 0 0 0 0 0 0 0 0 0
0 0 0 0 0 0 0 0 0 0 0 0 0 0 0 0 0 0 0 0 0 0 0 0 0 0 0 0 0 0 0 0 0 0 0 0
0 0 0 0 0 0 0 0 0 0 0 0 0 0 0 0 0 0 0 0 0 0 0 0 0 0 0 0 0 0 0 0 0 0 0 0
0 0 0 0 0 0 0 0 0 0 0 0 0 0 0 0 0 0 0 0 0 0 0 0 0 0 0 0 0 0 0 0 0 0 0 0
0 0 0 0 0 0 0 0 0 0 0 0 0 0 0 0 0 0 0 0 0 0 0 0 0 0 0 0 0 0 0 0 0 0 0 0
0 0 0 0 0 0 0 0 0 0 0 0 0 0 0 0 0 0 0 0 0 0 0 0 0 0 0 0 0 0 0 0 0 0 0 0
0 0 0 0 0 0 0 0 0 0 0 0 0 0 0 0 0 0 0 0 0 0 0 0 0 0 0 0 0 0 0 0 0 0 0 0
0 0 0 0 0 0 0 0 0 0 0 0 0 0 0 0 0 0 0 0 0 0 0 0 0 0 0 0 0 0 0 0 0 0 0 0
0 0 0 0 0 0 0 0 0 0 0 0 0 0 0 0 0 0 0 0 0 0 0 0 0 0 0 0 0 0 0 0 0 0 0 0
0 0 0 0 0 0 0 0 0 0 0 0 0 0 0 0 0 0 0 0 0 0 0 0 0 0 0 0 0 0 0 0 0 0 0 0
0 0 0 0 0 0 0 0 0 0 0 0 0 0 0 0 0 0 0 0 0 0 0 0 0 0 0 0 0 0 0 0 0 0 0 0
0 0 0 0 0 0 0 0 0 0 0 0 0 0 0 0 0 0 0 0 0 0 0 0 0 0 0 0 0 0 0 0 0 0 0 0
0 0 0 0 0 0 0 0 0 0 0 0 0 0 0 0 0 0 0 0 0 0 0 0 0 0 0 0 0 0 0 0 0 0 0 0
0 0 0 0 0 0 0 0 0 0 0 0 0 0 0 0 0 0 0 0 0 0 0 0 0 0 0 0 0 0 0 0 0 0 0 0
0 0 0 0 0 0 0 0 0 0 0 0 0 0 0 0 0 0 0 0 0 0 0 0 0 0 0 0 0 0 0 0 0 0 0 0
0 0 0 0 0 0 0 0 0 0 0 0 0 0 0 0 0 0 0 0 0 0 0 0 0 0 0 0 0 0 0 0 0 0 0 0
0 0 0 0 0 0 0 0 0 0 0 0 0 0 0 0 0 0 0 0 0 0 0 0 0 0 0 0 0 0 0 0 0 0 0 0
0 0 0 0 0 0 0 0 0 0 0 0 0 0 0 0 0 0 0 0 0 0 0 0 0 0 0 0 0 0 0 0 0 0 0 0
0 0 0 0 0 0 0 0 0 0 0 0 0 0 0 0 0 0 0 0 0 0 0 0 0 0 0 0 0 0 0 0 0 0 0 0
0 0 0 0 0 0 0 0 0 0 0 0 0 0 0 0 0 0 0 0 0 0 0 0 0 0 0 0 0 0 0 0 0 0 0 0
0 0 0 0 0 0 0 0 0 0 0 0 0 0 0 0 0 0 0 0 0 0 0 0 0 0 0 0 0 0 0 0 0 0 0 0
0 0 0 0 0 0 0 0 0 0 0 0 0 0 0 0 0 0 0 0 0 0 0 0 0 0 0 0 0 0 0 0 0 0 0 0
0 0 0 0 0 0 0 0 0 0 0 0 0 0 0 0 0 0 0 0 0 0 0 0 0 0 0 0 0 0 0 0 0 0 0 0
0 0 0 0 0 0 0 0 0 0 0 0 0 0 0 0 0 0 0 0 0 0 0 0 0 0 0 0 0 0 0 0 0 0 0 0

0 0 0 2072 579 747 0 0 284 0 0 0 0 0 701 0 1124 0 0 0 820 0 0 0 0 520 235 0 103 284 1080 0 0 822 0 0
0 176 0 0 592 0 0 396 0 0 0 0 0 0 13 225 0 0 0 634 0 0 0 0 0 465 0 175 0 0 0 0 0 0 0 461
0 430 0 0 0 0 0 0 428 0 440 0 0 0 0 0 0 202 0 0 0 0 0 0 0 0 0 364 0 0 0 616 0 0 0 543
0 326 0 0 273 0 0 250 0 0 0 509 0 1230 0 185 0 227 0 0 0 0 0 600 0 0 0 0 0 11 0 0 0 0 0 0
0 0 0 0 0 165 0 0 943 0 1622 0 266 0 0 0 0 0 164 0 0 0 0 0 948 0 33 288 96 494 0 0 0 1363 562 0
287 646 0 0 224 0 0 0 622 0 0 327 663 0 0 0 0 330 0 528 0 1472 0 977 396 0 0 444 0 0 0 0 0 0 1494 0
703 0 885 0 0 0 0 0 406 548 0 0 0 0 0 0 0 0 0 5 0 0 0 0 0 0 0 1175 200 965 0 0 0 0 781 0
260 0 151 0 0 0 0 0 657 0 0 0 0 0 0 0 0 0 0 434 0 0 945 0 0 0 167 0 0 0 0 0 0 0 0 89
0 82 0 350 0 0 853 748 0 0 0 0 0 2510 723 590 301 353 0 0 0 2030 147 823 205 352 0 16 512 0 0 162 190 0 0 0
301 0 0 0 29 0 0 0 100 0 0 0 0 0 0 0 0 90 0 602 0 0 0 465 0 0 0 0 0 0 78 242 0 0 0 0
0 0 271 0 0 0 113 0 0 0 459 0 0 0 0 0 1267 467 0 0 177 209 230 0 0 0 0 0 0 0 0 0 4 0 0 0
0 0 0 515 225 427 100 0 30 0 0 0 248 0 0 303 57 0 0 0 0 24 0 0 0 0 137 0 0 0 0 0 0 0 0 0
0 0 0 0 430 0 0 0 0 0 0 747 0 0 0 402 497 0 839 0 0 571 0 382 775 1160 0 0 1129 480 0 243 0 261 0 0
1070 536 91 0 0 487 0 54 0 0 0 0 0 0 0 611 0 0 0 0 0 139 0 0 909 0 0 0 156 0 0 0 0 0 772 9
128 0 0 0 0 0 0 0 0 0 0 0 617 0 0 0 187 0 0 711 0 0 0 0 0 0 0 0 179 0 0 0 0 0 0 0
219 0 0 620 0 0 690 65 0 0 200 0 140 0 0 0 0 588 0 0 285 0 0 0 0 0 0 0 0 0 616 0 0 0 0 0
0 0 0 262 730 0 906 0 0 480 0 1253 665 1513 712 0 0 0 0 117 678 0 0 0 0 845 0 0 0 0 0 0 228 0 0 0
0 0 0 0 0 155 0 0 0 0 0 0 0 0 108 0 0 0 0 387 0 0 278 356 336 571 0 39 0 0 0 0 0 0 0 0
0 0 0 0 134 713 0 725 547 0 0 0 503 418 0 601 0 0 0 352 0 610 1373 0 473 0 21 0 545 0 646 0 0 0 0 0
0 0 0 0 0 504 0 0 279 148 162 0 113 0 15 0 2 334 0 0 0 0 0 0 148 0 0 0 2043 71 0 0 1524 287 0 0
0 0 0 0 0 0 315 0 0 0 183 0 0 588 0 0 0 0 0 0 0 34 0 792 0 0 0 0 0 0 0 0 349 0 0 442
610 0 305 0 0 0 0 0 0 0 0 0 0 0 0 0 0 0 219 122 0 0 589 0 215 223 412 0 0 0 0 0 0 0 0 0
656 0 0 0 586 0 759 0 86 0 0 820 0 0 0 862 372 0 0 0 470 0 0 0 0 0 0 0 0 0 310 0 0 0 0 0
0 587 0 0 0 0 166 0 0 0 0 0 783 0 0 0 233 462 0 1882 0 0 0 0 327 451 0 343 0 0 0 0 0 0 0 211
0 0 0 638 0 0 0 167 0 0 0 0 1144 0 0 591 0 0 868 0 0 0 751 343 0 19 0 0 0 0 0 0 0 0 146 0
0 0 0 0 0 549 290 810 0 1101 617 180 0 250 0 0 0 488 0 0 105 117 0 0 328 0 0 142 0 0 0 0 0 714 0 0
0 0 0 0 255 0 317 0 182 0 0 0 0 0 0 0 0 0 604 0 33 0 0 0 0 0 312 0 0 0 0 0 0 0 2209 174
0 0 316 1068 0 0 0 0 1045 0 0 0 0 211 0 0 0 323 0 0 0 358 0 146 0 0 445 0 0 0 0 0 0 0 0 0
0 1324 0 0 19 0 0 641 0 117 935 0 306 152 0 0 380 342 0 0 0 0 441 0 391 0 0 926 0 0 0 760 350 414 0 0
0 0 0 674 0 0 0 673 0 0 0 0 0 0 0 0 0 0 0 0 0 0 381 0 0 0 0 0 0 0 916 0 0 0 524 0
0 0 0 0 113 0 1056 0 839 0 0 0 0 0 451 500 729 0 0 0 0 700 0 69 0 0 0 0 101 0 0 0 0 182 201 0
43 0 0 456 0 0 577 0 0 0 371 778 0 0 134 0 74 0 0 17 0 0 0 0 330 0 0 0 0 0 0 470 0 0 191 0
251 222 323 67 0 0 0 0 0 0 0 0 0 0 0 0 0 0 472 0 62 0 304 0 0 0 0 581 0 0 483 0 0 519 469 0
0 0 0 169 0 0 0 0 0 206 0 397 0 0 0 0 0 0 692 184 0 0 0 0 0 0 0 0 0 0 0 0 37 0 0 0
0 0 0 0 0 0 93 0 0 0 1822 0 0 497 277 0 1051 0 0 0 142 0 0 0 0 326 0 0 0 213 1786 0 0 0 0 0
0 0 0 0 0 0 0 0 0 0 0 0 0 0 0 0 0 0 0 1426 0 387 0 0 0 781 298 0 377 0 0 675 0 0 0 0

3129 1196 665 1064 2328 2006 2923 2008 1584 2079 1716 1266 943 2681 1566 1375 2800 3723 2083 283 2545 3573 556 2547 2117 1496 2038 2371 1346 2406 2094 2852 1755 2649 3561 990
2455 3081 2425 2383 2145 2776 3072 3188 3090 934 2085 2542 3330 2035 1683 2709 0 2085 280 2478 1726 1836 2827 441 3076 2722 4282 3804 297 2444 1503 2920 1911 389 1428 1615
1031 1615 1837 546 1301 1368 720 4144 455 2332 622 2817 2381 978 0 3206 1942 2338 2662 2039 2560 2601 3382 2932 1877 1226 2415 1570 1850 1009 2248 3730 4471 2608 2325 2582
1285 1418 3778 2400 133 2820 1040 713 2750 1752 4076 0 1248 1898 3880 383 2537 675 3613 2450 1531 3017 1267 1269 1946 3169 2372 1799 3607 2771 3282 1100 2608 3457 1872 1942
2994 879 1208 71 2427 1651 1429 2919 1273 2403 914 3192 2137 705 1532 3663 509 2187 2559 1698 993 2815 0 3042 2220 2143 1596 675 1282 1021 2774 1567 2559 2506 3200 2303
3111 1463 1709 2202 602 3064 2238 2559 1615 2220 2145 2463 1225 1805 2448 2618 2945 924 1580 2737 3121 1048 2179 483 1837 1026 782 2511 3098 1481 2602 2563 2072 2510 1190 960
0 1408 1796 1488 1155 2420 1398 529 3108 2923 3053 1471 1427 2536 2196 896 545 2721 1433 710 656 1608 2113 1474 1332 275 1887 1215 1605 2011 2083 3151 389 2344 1656 1319
1494 585 3326 4224 1994 2267 2957 2771 2039 1970 992 1921 1720 2349 2645 1630 1801 1348 1974 3504 1021 2854 421 2749 2674 3314 648 940 1967 1990 1772 856 1450 421 1566 1906
2239 667 2223 1276 2105 2704 2933 1210 2628 922 1983 2231 2442 2219 3091 2359 2091 2034 909 2174 3199 1019 3365 2153 2840 1378 1454 1115 1313 2678 3157 2367 2341 2748 2019 1394
1361 2507 2611 2036 1243 1617 2210 1194 2578 2614 1655 783 1180 1386 1661 969 2305 1512 2220 1043 2709 463 1576 2250 237 2015 2101 0 1255 871 2104 3401 659 1393 2082 1491
2143 1791 426 2090 2081 3950 1922 2778 3583 1865 1169 695 2157 1838 1745 2092 803 2021 2845 1161 3031 1356 1648 2681 1754 2033 3471 2042 2203 2418 2864 3356 2318 1793 819 2978
268 1774 1994 1382 3401 1881 2530 1370 1480 1948 2340 1065 922 1885 732 2704 2299 1009 3407 2042 413 1359 1794 1405 2958 4273 1907 1479 2262 3130 2437 2375 1519 2286 823 1307
1698 1571 2740 2808 1141 3096 1946 1841 2051 5051 2013 1549 739 2253 2091 2796 2236 3215 196 2560 1060 2007 2619 1907 3626 3034 2522 2474 1172 1996 2646 2995 2822 1560 1857 2051
3718 2704 535 1710 898 2782 1960 1751 2857 2696 1470 2848 4045 1676 2017 532 3154 577 2453 3430 1903 525 2039 1441 300 1635 1888 1771 3264 1872 0 2019 2647 1942 2363 805
0 747 1665 2224 1724 1285 1693 1217 2994 1804 3323 1079 1477 1309 1755 2882 1181 1921 2239 1877 3562 589 2651 1696 2353 2186 1047 2932 1584 1986 3622 1303 1490 1620 1438 3193
3606 2112 2448 2524 2665 2354 3139 1294 1115 1843 0 2108 2010 1584 2845 2052 1834 1933 2476 1617 622 2610 1670 998 3038 1229 2170 2217 2481 1942 1515 1939 1324 2448 1806 108
0 2243 1046 1940 1556 1395 2114 3294 1277 2307 1308 2696 1119 1940 2577 2272 1481 1972 2393 1873 2362 1449 845 1230 2099 1942 1171 3363 1490 1837 2470 2979 2186 2259 2659 1936
664 2184 4011 0 1058 1427 1839 2229 1822 1910 1016 2178 3230 2472 2694 3238 780 1284 2303 2843 1647 1377 2755 1280 1288 1746 2054 220 2340 0 2554 2370 12 2457 2288 2394
1699 557 2850 2791 2196 3460 2833 2591 3608 2822 2319 2119 2476 1581 1719 681 2831 1715 2358 2240 2514 1815 1105 1261 1213 1771 1212 1972 2843 2320 1364 2329 3335 1828 3105 2919
1363 2308 1416 2307 1531 912 3031 1914 1024 822 856 3500 1620 2742 3077 2761 2663 798 2304 1456 1426 1976 0 1627 1375 2818 1877 1142 1782 2296 1284 554 1325 56 700 1888
1577 1556 786 1496 1969 1214 2585 1764 2978 2411 1538 1005 2165 2136 1577 78 2159 1609 1592 1598 3459 2945 3809 3382 2161 3817 3019 1121 2878 1486 2424 2429 2888 3129 1442 879
2126 2070 2796 3058 2443 903 3486 3016 1952 2557 742 3122 1310 2380 1155 2489 1620 1755 1144 3333 457 1885 1683 1726 1924 1216 1610 2191 2311 3468 2555 2186 1856 1302 3396 2048
1695 3405 2517 2652 1708 3067 1152 1923 1646 2070 1715 2056 2922 1001 2445 1650 1752 1954 2028 2248 2088 1073 1498 1444 2824 2303 2446 4615 1478 1836 1044 1071 2575 1546 2742 3598
1582 2229 2184 4030 2141 1499 1140 2026 1471 354 1533 1665 4386 1603 1899 751 1470 1418 334 1847 2577 1839 2373 2123 779 2446 0 1675 460 751 1562 2239 2191 2511 1879 2409
1852 1731 2410 1360 1332 1180 1248 2849 885 1065 2678 1624 822 3098 2298 3062 1812 988 1289 2404 2197 2273 161 861 2351 2193 3119 2613 2987 3334 762 2833 4766 2230 1286 760
1925 2023 1292 2257 1225 998 2358 2899 2610 696 2063 3228 502 915 1905 2544 2877 2070 1746 1321 1030 841 2073 1472 2224 2540 1806 907 1546 1815 4059 2428 2035 2821 5416 2728
2001 2427 2103 2351 3333 2632 1737 0 1975 2391 1904 81 2205 2370 973 2295 1639 1737 1687 1997 2169 3652 2036 1842 1598 1265 3218 3079 1396 3078 916 1749 2181 2483 2281 1242
2650 2317 2067 1198 1857 2063 1420 2401 1764 3173 3613 2491 2464 2557 1269 1270 2692 1605 1564 3985 1263 2440 2756 2573 3079 1686 3152 2408 1616 1341 1131 1911 2000 1167 1608 2472
2469 3002 2193 1907 769 1619 909 2181 2091 1673 2789 2663 1718 2306 2607 2755 1984 1910 1830 2139 1648 1805 3155 1307 1115 1706 2882 1397 1432 2225 1702 2405 1826 2402 3155 2263
2612 2241 2106 855 1616 2874 2958 1542 2811 408 1403 2213 1493 2192 1371 1139 2284 1099 1469 1616 2691 1546 0 2707 681 2624 1055 1914 1216 2913 0 99 2461 1842 503 1676
1166 2585 1603 2986 2511 2896 3169 538 1491 3722 2276 3333 2469 1511 2578 2110 1200 2896 2107 2490 1836 1378 1814 2831 2720 1224 2651 2105 2387 1000 1594 2347 2632 2520 1941 195
1829 2170 2771 1151 999 1562 59 1118 2228 1268 2402 0 2700 2125 2217 2528 1467 1200 1213 780 1391 4141 3234 2021 2849 2304 3022 3433 2122 427 1079 524 1746 1752 2439 2388
1374 1953 1704 1588 2957 2235 2794 2240 1794 1774 524 1998 3105 3100 3480 2235 2965 2701 1590 1200 1203 894 2204 3061 1688 2850 1702 1273 2903 2309 2131 1278 2756 1854 656 2003
3046 2834 1343 2225 807 1771 1588 1807 3009 2592 3429 867 2489 1987 2715 1992 4530 2074 2760 1513 1716 2408 2521 3729 845 2586 1835 3201 732 655 2262 1735 291 1684 1535 2375
2538 3659 4047 1918 2698 2213 867 1572 1960 2773 2686 1928 1347 1537 639 3940 2028 2431 1122 3819 1637 2608 1128 2373 2524 719 1970 720 2752 2431 1702 2874 1879 2034 3395 2474
2338 2031 3661 2104 1561 1500 4048 2027 2376 1516 1908 3515 349 1302 2648 774 1367 1656 2477 773 1618 1079 3549 415 629 2293 2013 2377 2214 1033 1978 1248 401 1022 3276 1774

0 0 0 0 0 0 0 0 0 2 0 0 0 0 0 0 0 0 0 0 0 0 0 0 0 0 0 90 0 0 0 0 0 0 0 0
0 0 0 0 0 0 0 0 0 0 0 0 0 0 0 157 0 0 0 0 0 0 0 0 0 0 0 0 0 0 0 0 0 0 0 562
0 0 0 0 0 0 0 0 0 0 0 0 0 0 0 0 0 0 0 0 0 835 0 0 0 0 0 0 0 0 0 0 0 0 0 0
261 0 0 0 0 0 0 1284 0 0 0 0 0 0 0 0 0 0 0 0 0 0 0 0 0 0 0 0 0 0 0 0 44 0 0 0
0 774 0 0 0 0 0 1329 0 0 0 0 0 0 0 0 0 0 0 0 0 0 0 0 0 0 0 0 0 0 0 0 0 0 0 0
0 0 0 0 0 0 0 0 0 0 0 0 450 0 0 0 0 0 0 0 0 0 0 0 0 0 0 0 0 0 0 0 0 0 0 0
0 0 0 0 0 0 0 0 0 0 0 0 0 0 0 9 0 0 0 0 0 0 0 508 0 0 0 0 1393 0 0 0 0 0 0 0
0 0 0 0 0 0 0 0 0 0 165 0 0 0 0 0 0 0 0 0 0 0 0 0 0 0 0 0 0 0 0 0 0 0 0 0
0 0 0 0 0 0 0 0 0 0 0 0 0 0 0 0 0 0 0 25 0 0 0 0 25 0 0 0 0 0 0 0 0 0 0 0
0 0 0 0 0 0 0 0 0 0 0 0 0 0 0 0 0 0 0 0 0 0 0 0 0 0 0 0 0 0 0 0 0 0 0 0
0 0 0 0 194 0 0 0 0 0 0 0 0 0 0 0 0 0 0 0 0 0 0 0 0 0 0 0 0 0 0 0 0 0 0 0
0 0 0 0 0 0 0 0 0 0 0 0 0 0 0 0 0 0 0 0 0 0 0 0 0 0 0 0 0 0 0 0 0 0 0 0
0 0 0 0 0 0 244 0 0 0 0 0 0 0 0 0 0 0 0 0 73 0 0 0 0 0 0 0 0 0 0 0 0 0 0 0
0 0 0 0 0 0 0 0 0 0 0 0 0 0 0 0 0 0 0 0 0 0 0 0 0 313 0 0 0 0 0 0 0 0 0 0
0 0 0 0 0 0 0 0 0 0 0 0 0 0 0 0 0 0 0 568 0 0 0 0 0 0 0 0 485 0 0 0 0 0 0 0
0 0 0 0 0 0 0 0 0 0 0 0 0 0 0 0 0 0 0 0 0 0 0 0 0 805 0 0 0 0 0 0 247 0 0 224
0 0 0 0 0 0 0 0 0 0 0 0 0 0 0 0 0 0 0 0 0 0 0 0 0 0 0 0 75 0 0 0 0 0 0 0
0 0 0 0 0 0 0 0 0 0 0 0 0 0 0 0 0 0 19 0 0 0 0 0 0 0 0 0 0 0 0 0 0 0 0 0
0 337 0 0 0 0 0 0 0 270 0 0 0 0 0 0 0 0 0 0 0 0 0 382 0 0 0 0 0 0 0 0 0 0 0 0
0 0 298 0 0 0 0 0 0 0 0 0 0 0 0 0 0 0 0 0 0 415 0 0 0 0 0 0 0 0 0 0 0 0 470 0
0 0 0 0 0 0 0 150 0 0 0 0 0 0 0 0 0 0 0 0 0 0 0 0 0 0 0 0 0 0 0 0 0 0 0 0
0 0 0 0 0 0 0 0 0 0 0 0 0 0 0 0 0 0 0 0 0 0 0 0 0 0 0 0 0 0 0 0 0 0 0 0
0 0 0 0 0 0 0 0 0 0 0 0 0 0 0 0 0 0 0 0 0 0 0 0 0 0 0 0 0 0 0 0 0 0 0 0
0 0 0 0 0 0 0 591 0 0 0 0 0 0 0 0 0 0 0 0 0 0 0 0 0 0 0 0 0 0 0 0 0 0 0 0
0 0 0 0 0 0 0 0 0 0 0 0 0 0 0 0 0 0 0 0 0 0 0 0 0 0 0 0 0 0 0 0 0 0 0 0
0 0 0 0 0 0 0 378 0 0 0 0 0 0 0 0 0 0 0 0 0 0 0 0 0 0 0 0 0 0 0 0 0 0 0 0
0 0 0 0 0 0 0 0 0 0 0 0 0 0 0 0 0 0 0 212 0 0 0 0 0 0 0 0 0 0 0 0 0 0 0 0
0 0 0 0 0 0 0 0 0 0 0 0 0 0 0 0 0 0 0 0 0 0 0 0 0 0 0 0 0 0 0 0 0 0 0 138
0 0 0 0 0 0 0 0 0 0 918 0 0 0 0 0 0 0 0 0 0 0 0 0 0 0 0 0 0 0 0 0 0 0 0 0
0 0 0 578 0 0 0 0 0 231 0 0 0 0 0 0 0 0 0 0 0 0 0 0 0 0 0 0 0 0 0 0 0 0 0 0
0 0 0 0 0 0 0 0 0 0 0 0 0 0 0 0 0 0 0 0 0 0 0 0 0 0 0 0 0 0 0 0 0 0 0 0
0 0 0 0 0 0 0 0 0 0 0 0 0 0 0 0 0 0 0 0 0 0 0 126 0 0 0 0 0 0 0 0 0 0 0 0
0 0 0 0 0 0 0 0 0 0 0 0 0 0 0 0 0 0 0 0 0 0 0 0 0 0 0 0 0 0 0 0 0 0 0 0
0 0 0 0 0 0 0 0 0 0 0 0 0 0 0 0 0 0 0 0 0 454 0 0 0 0 0 0 0 128 0 0 0 0 0 0
0 0 0 0 0 0 0 0 0 0 0 0 0 0 0 0 0 0 0 0 0 0 0 0 0 0 0 0 0 0 0 0 0 0 0 0
0 0 0 0 0 0 0 0 0 0 0 0 549 0 0 0 0 0 0 0 0 0 0 0 0 0 0 370 491 0 0 0 0 0 0 0

0 0 0 0 0 0 0 0 0 0 0 0 0 0 0 0 0 0 0 0 0 0 0 0 0 0 0 0 0 0 0 0 0 0 0 0
0 0 0 0 0 0 0 0 0 0 0 0 0 0 0 0 0 0 0 0 0 0 0 0 0 0 0 0 0 0 0 0 0 0 0 0
0 0 0 0 0 0 0 0 0 0 0 0 0 0 0 0 0 0 0 0 0 0 0 0 0 0 0 0 0 0 0 0 0 0 0 0
0 0 0 0 0 0 0 0 0 0 0 0 0 0 0 0 0 0 0 0 0 0 0 0 0 0 0 0 0 0 0 0 0 0 0 0
0 0 0 0 0 0 0 0 0 0 0 0 0 0 0 0 0 0 0 0 0 0 0 0 0 0 0 0 0 0 0 0 0 0 0 0
0 0 0 0 0 0 0 0 0 0 0 0 0 0 0 0 0 0 0 0 0 0 0 0 0 0 0 0 0 0 0 0 0 0 0 0
0 0 0 0 0 0 0 0 0 0 0 0 0 0 0 0 0 0 0 0 0 0 0 0 0 0 0 0 0 0 0 0 0 0 0 0
0 0 0 0 0 0 0 0 0 0 0 0 0 0 0 0 0 0 0 0 0 0 0 0 0 0 0 0 0 0 0 0 0 0 0 0
0 0 0 0 0 0 0 0 0 0 0 0 0 0 0 0 0 0 0 0 0 0 0 0 0 0 0 0 0 0 0 0 0 0 0 0
0 0 0 0 0 0 0 0 0 0 0 0 0 0 0 0 0 0 0 0 0 0 0 0 0 0 0 0 0 0 0 0 0 0 0 0
0 0 0 0 0 0 0 0 0 0 0 0 0 0 0 0 0 0 0 0 0 0 0 0 0 0 0 0 0 0 0 0 0 0 0 0
0 0 0 0 0 0 0 0 0 0 0 0 0 0 0 0 0 0 0 0 0 0 0 0 0 0 0 0 0 0 0 0 0 0 0 0
0 0 0 0 0 0 0 0 0 0 0 0 0 0 0 0 0 0 0 0 0 0 0 0 0 0 0 0 0 0 0 0 0 0 0 0
0 0 0 0 0 0 0 0 0 0 0 0 0 0 0 0 0 0 0 0 0 0 0 0 0 0 0 0 0 0 0 0 0 0 0 0
0 0 0 0 0 0 0 0 0 0 0 0 0 0 0 0 0 0 0 0 0 0 0 0 0 0 0 0 0 0 0 0 0 0 0 0
0 0 0 0 0 0 0 0 0 0 0 0 0 0 0 0 0 0 0 0 0 0 0 0 0 0 0 0 0 0 0 0 0 0 0 0
0 0 0 0 0 0 0 0 0 0 0 0 0 0 0 0 0 0 0 0 0 0 0 0 0 0 0 0 0 0 0 0 0 0 0 0
0 0 0 0 0 0 0 0 0 0 0 0 0 0 0 0 0 0 0 0 0 0 0 0 0 0 0 0 0 0 0 0 0 0 0 0
0 0 0 0 0 0 0 0 0 0 0 0 0 0 0 0 0 0 0 0 0 0 0 0 0 0 0 0 0 0 0 0 0 0 0 0
0 0 0 0 0 0 0 0 0 0 0 0 0 0 0 0 0 0 0 0 0 0 0 0 0 0 0 0 0 0 0 0 0 0 0 0
0 0 0 0 0 0 0 0 0 0 0 0 0 0 0 0 0 0 0 0 0 0 0 0 0 0 0 0 0 0 0 0 0 0 0 0
0 0 0 0 0 0 0 0 0 0 0 0 0 0 0 0 0 0 0 0 0 0 0 0 0 0 0 0 0 0 0 0 0 0 0 0
0 0 0 0 0 0 0 0 0 0 0 0 0 0 0 0 0 0 0 0 0 0 0 0 0 0 0 0 0 0 0 0 0 0 0 0
0 0 0 0 0 0 0 0 0 0 0 0 0 0 0 0 0 0 0 0 0 0 0 0 0 0 0 0 0 0 0 0 0 0 0 0
0 0 0 0 0 0 0 0 0 0 0 0 0 0 0 0 0 0 0 0 0 0 0 0 0 0 0 0 0 0 0 0 0 0 0 0
0 0 0 0 0 0 0 0 0 0 0 0 0 0 0 0 0 0 0 0 0 0 0 0 0 0 0 0 0 0 0 0 0 0 0 0
0 0 0 0 0 0 0 0 0 0 0 0 0 0 0 0 0 0 0 0 0 0 0 0 0 0 0 0 0 0 0 0 0 0 0 0
0 0 0 0 0 0 0 0 0 0 0 0 0 0 0 0 0 0 0 0 0 0 0 0 0 0 0 0 0 0 0 0 0 0 0 0
0 0 0 0 0 0 0 0 0 0 0 0 0 0 0 0 0 0 0 0 0 0 0 0 0 0 0 0 0 0 0 0 0 0 0 0
0 0 0 0 0 0 0 0 0 0 0 0 0 0 0 0 0 0 0 0 0 0 0 0 0 0 0 0 0 0 0 0 0 0 0 0
0 0 0 0 0 0 0 0 0 0 0 0 0 0 0 0 0 0 0 0 0 0 0 0 0 0 0 0 0 0 0 0 0 0 0 0
0 0 0 0 0 0 0 0 0 0 0 0 0 0 0 0 0 0 0 0 0 0 0 0 0 0 0 0 0 0 0 0 0 0 0 0
0 0 0 0 0 0 0 0 0 0 0 0 0 0 0 0 0 0 0 0 0 0 0 0 0 0 0 0 0 0 0 0 0 0 0 0
0 0 0 0 0 0 0 0 0 0 0 0 0 0 0 0 0 0 0 0 0 0 0 0 0 0 0 0 0 0 0 0 0 0 0 0
0 0 0 0 0 0 0 0 0 0 0 0 0 0 0 0 0 0 0 0 0 0 0 0 0 0 0 0 0 0 0 0 0 0 0 0
0 0 0 0 0 0 0 0 0 0 0 0 0 0 0 0 0 0 0 0 0 0 0 0 0 0 0 0 0 0 0 0 0 0 0 0

