0 0 0 651 0 0 0 0 0 0 0 0 0 304 0 0 0 0
0 412 0 0 0 0 0 0 0 0 0 0 0 0 0 0 0 0
0 0 0 0 0 0 0 0 0 0 259 0 90 0 0 0 0 0
96 0 0 0 0 0 0 0 0 120 0 0 0 0 0 0 0 0
0 0 0 0 0 0 271 257 426 0 0 0 0 0 0 0 0 195
0 0 0 0 0 0 0 0 0 0 66 54 464 0 0 0 0 0
0 0 0 344 0 68 0 0 926 0 0 21 0 0 0 0 0 0
0 0 0 0 0 0 0 0 0 0 0 79 0 0 0 0 0 833
0 0 0 0 87 130 0 0 0 0 0 0 0 0 0 0 0 0
0 0 0 0 0 0 0 0 0 0 0 62 0 0 0 0 0 0
0 289 0 0 0 0 0 0 0 0 0 0 0 0 0 0 132 0
0 856 0 0 0 0 0 0 897 0 0 0 0 0 0 0 0 0
0 0 0 0 0 0 0 0 0 0 147 0 0 0 0 0 0 0
0 0 0 222 0 0 0 0 0 0 0 0 0 0 0 0 0 0
0 160 0 0 0 0 0 0 0 641 0 0 0 82 0 0 0 0
0 0 0 0 0 358 0 0 386 0 0 0 0 0 0 0 0 0
0 0 0 0 0 0 0 82 0 0 0 0 0 0 0 0 0 0
0 0 0 0 0 0 20 0 21 0 273 0 0 0 0 0 0 0

2985 2091 2313 2395 1913 2962 2151 2578 2930 2014 2135 2162 2611 2192 1612 2122 2472 2601
1670 3760 2546 2275 3752 1917 2854 3184 3585 2011 3556 3380 2760 1776 1666 2097 2221 3395
3382 2310 1924 2337 2284 1794 2520 3175 1746 1898 1553 3111 3323 2461 2562 2833 2413 1161
1566 4402 2264 3680 2870 3206 1976 2260 3058 4176 1677 1873 2972 3398 2986 1957 3376 2450
2357 3171 3195 1867 3386 3208 3093 1487 2648 3634 2004 2468 1793 2000 4017 2506 2393 1628
2480 2060 2188 1664 2494 2268 2828 2589 2920 2591 2511 2967 2743 2023 2203 1742 1695 1813
1541 2719 2699 2404 3014 3025 1884 2359 1839 2381 2400 2249 3567 1912 2801 3802 2422 2533
2532 1694 3672 2015 1789 2418 3064 3075 2519 1951 2022 2391 3522 3121 2642 3336 1855 2433
3514 2083 2383 2353 2344 2788 2221 3040 1560 1916 2187 2278 2357 1988 3089 2589 2079 2050
2369 2515 1665 2255 1812 2004 1811 2314 1701 3123 2061 2446 3399 2605 2610 2870 2027 2219
2945 1487 3233 1539 1999 2228 1794 2254 2714 2399 2458 2815 1836 2743 1495 3423 2372 2013
2242 2367 1505 1889 2987 2521 2715 2645 2224 1657 2512 2514 2468 2044 1842 3664 1727 2667
1852 2342 1993 2485 1835 2508 2596 2528 3387 2019 3260 2199 1913 1214 1784 1780 1643 1801
2398 1543 1838 2713 1818 2659 3559 1851 2286 3235 2127 1917 2220 2446 2543 4163 2617 2192
2259 1053 2259 2473 2131 2587 3093 2014 3756 2233 2111 2404 2955 1256 2420 2298 3238 3193
2175 1864 3534 2773 2910 2828 2981 2395 2029 1838 2522 2107 2538 1812 2954 2706 3146 2170
2561 1456 2162 2695 2795 1585 1754 2888 2216 2393 3005 2239 1648 1084 1703 2475 2365 1783
1903 3403 1862 1821 3645 3205 3217 3097 2430 1194 3102 3084 4093 2035 1619 2291 2330 2762

0 0 0 0 0 0 0 0 0 0 0 0 0 0 0 0 0 0
0 0 0 0 0 0 0 0 0 0 0 0 0 0 0 0 0 0
0 0 0 0 0 0 0 0 0 0 0 0 0 0 0 0 0 0
0 0 0 0 0 0 0 0 0 0 0 0 0 0 0 0 0 0
0 0 0 0 0 0 0 0 0 0 0 0 0 0 0 0 0 0
0 0 0 0 0 0 0 0 0 0 0 0 0 0 0 0 0 0
0 0 0 0 0 0 0 0 0 0 0 0 0 0 0 0 0 0
0 0 0 0 0 0 0 0 0 0 0 0 0 0 0 0 0 0
0 0 0 0 0 0 0 0 0 0 0 0 0 0 0 0 0 0
0 0 0 0 0 0 0 0 0 0 0 0 0 0 0 0 0 0
0 0 0 0 0 0 0 0 0 0 0 0 0 0 0 0 0 0
0 0 0 0 0 0 0 0 0 0 0 0 0 0 0 0 0 0
0 0 0 0 0 0 0 0 0 0 0 0 0 0 0 0 0 0
0 0 0 0 0 0 0 0 0 0 0 0 0 0 0 0 0 0
0 0 0 0 0 0 0 0 0 0 0 0 0 0 0 0 0 0
0 0 0 0 0 0 0 0 0 0 0 0 0 0 0 0 0 0
0 0 0 0 0 0 0 0 0 0 0 0 0 0 0 0 0 0
0 0 0 0 0 0 0 0 0 0 0 0 0 0 0 0 0 0

0 0 0 0 0 0 0 0 0 0 0 0 0 0 0 0 0 0
0 0 0 0 0 0 0 0 0 0 0 0 0 0 0 0 0 0
0 0 0 0 0 0 0 0 0 0 0 0 0 0 0 0 0 0
0 0 0 0 0 0 0 0 0 0 0 0 0 0 0 0 0 0
0 0 0 0 0 0 0 0 0 0 0 0 0 0 0 0 0 0
0 0 0 0 0 0 0 0 0 0 0 0 0 0 0 0 0 0
0 0 0 0 0 0 0 0 0 0 0 0 0 0 0 0 0 0
0 0 0 0 0 0 0 0 0 0 0 0 0 0 0 0 0 0
0 0 0 0 0 0 0 0 0 0 0 0 0 0 0 0 0 0
0 0 0 0 0 0 0 0 0 0 0 0 0 0 0 0 0 0
0 0 0 0 0 0 0 0 0 0 0 0 0 0 0 0 0 0
0 0 0 0 0 0 0 0 0 0 0 0 0 0 0 0 0 0
0 0 0 0 0 0 0 0 0 0 0 0 0 0 0 0 0 0
0 0 0 0 0 0 0 0 0 0 0 0 0 0 0 0 0 0
0 0 0 0 0 0 0 0 0 0 0 0 0 0 0 0 0 0
0 0 0 0 0 0 0 0 0 0 0 0 0 0 0 0 0 0
0 0 0 0 0 0 0 0 0 0 0 0 0 0 0 0 0 0
0 0 0 0 0 0 0 0 0 0 0 0 0 0 0 0 0 0

1916 1597 274 134 1615 2083 2119 1834 2276 1579 1291 936 1654 309 1217 446 1100 1830
1748 1513 2114 1622 1041 2155 1939 1711 1627 2282 1001 1727 1288 695 378 734 668 2181
1595 2909 2357 1565 2285 31 1100 1993 2066 1845 435 2335 772 1940 1722 1937 1252 1984
1005 949 563 1158 1476 1093 1139 1611 1841 1879 739 2978 2069 1742 1430 1380 2270 1199
1528 2580 1434 1831 2213 2083 1236 1036 677 1669 1193 2185 3110 1566 1911 609 661 2066
390 1634 672 723 1310 2094 1810 1535 2191 1612 721 1552 1808 1547 1481 688 3114 1036
869 790 2053 744 1479 1662 1275 858 235 1414 1453 1334 2407 327 1734 1055 1979 928
2508 1270 1814 1680 1285 2081 2200 1462 1460 1813 1657 686 1415 617 1284 3180 869 2218
3544 508 1467 1765 1598 937 703 1778 870 1400 1646 1175 1408 1816 1342 1810 1280 910
1251 1170 1173 1127 785 1639 1573 962 1726 2606 1159 1219 1866 1106 506 2738 1113 2118
1697 1691 1073 1199 1848 1924 1269 1949 1828 1467 2107 976 1488 3480 677 2373 516 1490
1826 2158 1303 1512 1448 1857 425 596 722 2214 1128 1172 1191 828 1407 2502 0 1396
1716 1502 1260 2665 1541 2340 682 1913 311 1112 165 2326 797 984 1098 967 47 1676
1210 1270 926 268 1810 447 754 1657 2260 2175 987 575 905 817 1322 1855 1156 1655
560 1426 2305 1353 2934 1716 1252 370 1793 1265 1341 2440 1964 1415 2004 2604 1102 2151
1194 1330 1062 1567 737 1803 1017 1532 1385 2292 2663 2043 1371 434 3441 939 2018 1383
1069 1578 403 1327 1582 1703 690 1704 1970 471 1925 1254 2099 2040 604 571 1649 2314
923 1563 1707 967 1213 1798 1605 1232 179 893 1690 2010 1045 1831 472 1781 1265 1259

427 0 0 0 0 0 0 0 0 0 0 0 0 0 0 0 0 0
0 0 0 0 0 0 0 0 0 0 0 0 0 0 0 0 0 0
0 0 0 0 0 0 0 0 0 0 360 0 0 0 0 0 0 0
0 0 0 0 0 0 0 0 0 0 0 0 0 0 0 0 0 0
0 40 0 0 0 0 0 0 0 0 0 0 0 0 0 627 0 0
0 0 0 0 0 0 0 0 0 0 0 0 0 0 0 0 0 0
660 0 0 0 0 138 0 0 781 0 0 0 0 0 0 0 0 0
0 0 0 0 0 0 0 0 0 0 0 0 0 0 0 0 0 0
0 0 0 0 0 0 0 0 0 0 0 0 0 0 0 0 0 0
0 0 0 0 33 0 0 0 0 0 0 0 0 0 0 0 0 0
0 0 0 0 0 0 0 0 0 0 0 0 0 0 0 0 0 0
0 0 0 0 0 0 0 0 265 0 0 0 0 0 0 0 0 0
0 0 0 0 0 0 0 0 0 0 0 0 0 0 0 0 0 0
0 0 0 0 0 0 0 0 0 0 0 0 0 0 0 0 0 0
0 0 0 0 0 0 0 0 0 0 0 0 0 0 0 0 0 0
0 0 0 0 0 0 0 0 0 0 0 0 0 0 0 0 0 0
0 0 0 0 0 0 0 0 0 0 0 0 0 0 0 0 0 0
0 0 0 0 0 0 0 0 0 0 0 0 0 0 0 0 0 0

0 0 0 0 0 0 0 0 0 0 0 0 0 0 0 0 0 0
0 0 0 0 0 0 0 0 0 0 0 0 0 0 0 0 0 0
0 0 0 0 0 0 0 0 0 0 0 0 0 0 0 0 0 0
0 0 0 0 0 0 0 0 0 0 0 0 0 0 0 0 0 0
0 0 0 0 0 0 0 0 0 0 0 0 0 0 0 0 0 0
0 0 0 0 0 0 0 0 0 0 0 0 0 0 0 0 0 0
0 0 0 0 0 0 0 0 0 0 0 0 0 0 0 0 0 0
0 0 0 0 0 0 0 0 0 0 0 0 0 0 0 0 0 0
0 0 0 0 0 0 0 0 0 0 0 0 0 0 0 0 0 0
0 0 0 0 0 0 0 0 0 0 0 0 0 0 0 0 0 0
0 0 0 0 0 0 0 0 0 0 0 0 0 0 0 0 0 0
0 0 0 0 0 0 0 0 0 0 0 0 0 0 0 0 0 0
0 0 0 0 0 0 0 0 0 0 0 0 0 0 0 0 0 0
0 0 0 0 0 0 0 0 0 0 0 0 0 0 0 0 0 0
0 0 0 0 0 0 0 0 0 0 0 0 0 0 0 0 0 0
0 0 0 0 0 0 0 0 0 0 0 0 0 0 0 0 0 0
0 0 0 0 0 0 0 0 0 0 0 0 0 0 0 0 0 0
0 0 0 0 0 0 0 0 0 0 0 0 0 0 0 0 0 0

5996 6867 5360 5409 5899 6124 6398 6558 6493 6274 6311 6758 6208 7142 5259 5104 6165 5644
6278 5517 5866 8544 5008 7076 5166 6417 6871 5532 5727 5492 5542 4839 6605 5630 5137 6880
5868 6532 5906 6563 5651 5800 5068 6683 5913 5200 6845 7281 6530 6590 5819 5589 6546 6665
6178 5011 5749 4909 5321 6163 6185 5942 5601 6211 5123 5311 5905 5531 5824 5752 7232 4865
5808 5494 6184 5947 6795 5806 5662 5921 5731 6744 5536 7302 6850 5648 6095 5299 5178 6206
6604 6839 5815 5436 5624 7577 6031 5327 5784 7309 4734 6294 7136 5119 4863 6526 6900 6411
4903 5255 5727 6358 6302 5673 5618 6823 6019 7018 5428 6658 5529 6273 6015 7445 6306 4602
6445 4998 6135 5998 6611 5125 5399 6466 6374 5697 6047 7637 5080 6361 6730 5611 6009 5621
6158 6303 6308 5750 6901 5822 5859 6101 6082 5889 5268 7081 5867 6649 5898 6354 6369 6114
5757 5809 4674 5905 6055 6692 5357 6064 5626 6614 6229 7196 6102 5679 5042 5974 5929 6819
5790 6385 5964 5387 5516 6636 5788 6254 6913 6411 6363 6240 7551 5687 6088 5807 5644 6877
6620 6750 5519 8227 7485 6491 5976 5968 5790 6097 5680 5699 6370 6925 6105 6996 6290 6023
6567 6822 5075 5397 4906 5328 5746 6458 5259 5558 5788 5572 5885 5539 7189 7021 5017 5926
5527 5016 5480 6139 6638 5826 5746 6227 5157 6057 5409 5092 5675 5898 5469 6084 7572 6871
6391 5576 6023 6180 6171 6403 6345 6542 5436 7857 6581 6097 6626 6527 6352 6569 5317 6991
5934 6036 5931 6433 6902 6606 6861 6381 5902 6047 4903 6709 5623 6112 5637 5971 5531 5809
5437 4770 5778 4749 5299 5747 6307 6408 5399 4852 6209 7242 5430 6376 5722 5142 6560 6358
6244 6627 5962 6246 5772 4690 7687 6552 5259 4860 5888 5982 5489 6414 5060 5392 6745 5219

1848 2546 2349 1578 1316 1697 2085 1910 743 3033 2060 739 2416 1956 1468 2063 1992 1475
2024 3107 3777 1730 1589 1293 3062 1348 1881 2349 1810 2336 1688 2688 2530 2062 2980 2582
1928 1441 2474 1734 2132 2370 1697 1857 1687 2397 1391 1456 2309 2311 2925 1810 2243 2330
2272 1191 1665 2653 2054 2208 1305 2046 1392 2231 3111 2068 2088 2554 1826 1613 1068 1641
1350 2019 2002 2274 2210 1736 3215 2296 2280 3174 2466 3754 2579 2503 2147 1583 2983 2310
1404 1773 1376 1408 1516 2056 2024 1534 2022 2856 1488 1358 2038 2592 1621 1932 2130 3369
1402 2972 1932 1454 1834 2208 2926 1675 2351 2132 1326 2874 2662 1395 3549 2067 2884 1394
2522 1544 2992 2446 2625 1638 1711 2513 1763 1641 2420 1677 2059 2486 2952 2166 2833 1788
2409 2112 1779 1458 2080 3035 1881 2201 1929 2480 2246 1690 2193 3054 2249 2116 2364 2387
2608 2677 2467 1757 1961 1383 1397 1581 2899 1638 2395 2534 1893 3140 3122 3440 2209 2607
2177 1919 1370 2065 3099 1587 3147 2382 2036 2625 1438 2592 3400 1895 1460 1862 2106 1082
2394 2709 1921 2037 1183 1931 2226 1395 2541 1376 3054 1500 2528 1822 2303 1070 2100 1735
1840 1478 2140 2559 2001 3080 1065 1797 1939 3234 1881 2593 1472 2487 897 1945 1876 2923
2407 1688 1827 1431 2502 2577 1628 1298 1518 1943 1126 1868 2417 1228 2631 1823 1790 2376
2572 2760 1425 2586 2581 2308 1689 2634 2460 2198 1936 2543 2819 2577 1908 3263 2817 3058
1678 2494 1550 1995 2875 2305 1824 1704 1765 1976 1313 2216 2024 2855 990 1249 1757 3016
2935 2280 2522 2096 1634 2820 966 1718 2751 2501 2051 2211 1383 1896 1847 2156 1746 1249
1920 2069 3306 2940 1035 2316 1815 2029 1824 2654 1992 2608 2817 2213 2342 2614 2105 1674

10964 11690 10658 10549 11784 11554 11574 11187 11745 11446 11364 11692 11223 10393 11583 11264 11923 11229
11534 11448 12081 13610 10410 12132 9860 12010 11885 11443 11641 13201 11168 10773 11154 11857 11693 11392
12253 13367 11607 11723 10190 10306 11390 11944 13199 11705 11487 11827 12278 11553 11192 11998 12184 11494
11473 11662 10481 9980 11951 10802 11120 11243 11259 12378 11469 11311 10886 11532 11523 12120 11382 11901
11917 12714 12055 11149 10511 11812 11427 10884 10279 11430 12487 11308 12518 11155 12154 11112 10540 10496
11132 11289 11679 11419 11320 12059 11391 11405 10950 11677 10708 11762 11165 13076 11418 11211 11585 12174
12407 10819 11142 11350 11704 9929 9992 10647 13498 11187 12020 11570 13012 11241 11423 12571 10774 12089
11498 11621 11681 12199 11942 10428 11484 11724 11640 11696 12332 10912 11144 12501 12517 11302 12254 12406
10624 12242 10718 11346 11213 12891 11126 10856 10733 11548 11147 11677 10596 11551 10219 11390 11118 12000
12426 12301 11689 9913 11972 12693 11555 11599 11413 10903 11288 11918 11962 11665 10839 11864 10989 12599
10864 10771 12121 11131 11478 11586 11074 13314 11310 10656 11873 12130 11665 11085 11440 12961 10895 11486
11023 12084 11448 11216 11900 12608 11768 10929 11705 11304 10847 11661 12249 11817 11752 11497 12245 11202
11590 12755 11967 10466 11400 11887 12696 11192 10886 11422 11090 11432 11153 11550 10945 12237 12722 10997
12257 11631 10581 12602 10565 11464 11623 12187 11074 10592 11889 11019 11400 11904 11923 12301 12073 11431
11619 11168 11767 11313 13008 12041 11958 10873 11075 12639 11424 12657 11634 11902 11223 11803 10501 11831
11794 10726 10789 11179 11697 11359 12156 10494 11784 11444 11895 10914 11442 10451 12421 12352 12749 11619
11188 11493 10758 12008 11813 11229 11433 11314 10639 10088 11380 12195 12093 12296 12220 10670 11140 12213
11970 11815 11812 12044 11425 10633 12206 12211 11927 13146 10718 11838 12402 12184 11515 11400 11585 11229

8212 7342 7638 6709 8037 6505 7427 7112 7406 7767 6953 7386 6825 6811 6884 6875 7147 7173
7283 7637 7492 7115 7729 6422 7429 7095 7943 8092 7532 8755 8747 7716 6383 7151 7159 7284
8073 6983 7588 8625 6763 8321 6775 6374 7857 7124 6335 7580 7451 7858 8280 7379 7884 7438
8182 7571 7123 6859 7721 8243 7371 6915 6693 7727 9060 7380 7760 8087 7707 6761 6677 8179
8132 7700 7030 7025 7440 8175 8241 7783 7303 7205 6933 7021 8618 8171 7005 7625 7881 7866
8047 6356 5942 6630 6993 8228 7372 6912 8283 7171 7134 6831 6638 7327 7142 6842 7486 9802
7069 8110 8056 7451 6772 7684 7362 7108 7701 7563 8111 7393 7453 8310 7678 7906 7585 7847
6951 7472 7887 7287 7215 6620 6430 6973 8040 6749 8731 7282 8312 7966 8466 7484 7491 8362
7234 8089 7232 6455 8965 7885 7641 7762 9026 7958 7070 6667 7447 8169 8051 6988 8140 7178
7965 7671 7164 6713 7927 6691 7451 7384 7851 8148 7975 7864 6758 7666 7489 7270 7371 7398
8481 7147 6671 8029 7001 7155 7415 7681 7201 7992 8615 7636 6592 7163 6326 7362 8464 7249
6737 6700 7550 8243 6866 7737 6848 7032 9001 6418 7649 8240 8369 8147 7396 7702 7834 6503
7953 7380 7844 6963 7671 7140 6699 6291 8177 8196 7482 7963 6565 6878 6999 7137 6579 7935
7373 7649 6850 8298 8151 7443 6465 7351 6856 7334 7422 7182 7980 7465 7214 8080 6989 7452
7336 7313 7021 7524 6720 7578 7878 7554 7407 7276 7905 7016 7944 8757 7495 8521 7489 8059
7233 7643 6294 8058 8791 6886 6766 7494 7574 7814 6770 7826 8470 6639 7013 7311 7307 8308
8077 8609 7130 7549 6600 9173 6136 7392 7123 7265 7659 7102 8566 6959 6394 8294 6847 7585
7208 6937 7783 6777 6724 7854 7506 7396 7515 6838 6941 8391 9751 8519 7701 8853 7968 6907

0 0 0 0 0 0 0 0 0 0 0 0 0 0 0 0 0 0
0 0 0 0 0 0 0 0 0 0 0 0 0 0 0 0 0 0
0 0 0 0 0 0 0 0 0 0 0 0 0 0 0 0 0 0
0 0 0 0 0 0 0 0 0 0 0 0 0 0 0 0 0 0
0 0 0 0 0 0 0 0 0 0 0 0 0 0 0 0 0 0
0 0 0 0 0 0 0 0 0 0 0 0 0 0 0 0 0 0
0 0 0 0 0 0 0 0 0 0 0 0 0 0 0 0 0 0
0 0 0 0 0 0 0 0 0 0 0 0 0 0 0 0 0 0
0 0 0 0 0 0 0 0 0 0 0 0 0 0 0 0 0 0
0 0 0 0 0 0 0 0 0 0 0 0 0 0 0 0 0 0
0 0 0 0 0 0 0 0 0 0 0 0 0 0 0 0 0 0
0 0 0 0 0 0 0 0 0 0 0 0 0 0 0 0 0 0
0 0 0 0 0 0 0 0 0 0 0 0 0 0 0 0 0 0
0 0 0 0 0 0 0 0 0 0 0 0 0 0 0 0 0 0
0 0 0 0 0 0 0 0 0 0 0 0 0 0 0 0 0 0
0 0 0 0 0 0 0 0 0 0 0 0 0 0 0 0 0 0
0 0 0 0 0 0 0 0 0 0 0 0 0 0 0 0 0 0
0 0 0 0 0 0 0 0 0 0 0 0 0 0 0 0 0 0

176 2072 747 396 284 0 0 701 1124 634 820 0 520 235 284 1080 822 461
430 0 273 250 428 509 1230 185 227 0 0 600 0 364 11 616 0 543
646 0 224 0 943 1622 663 0 330 528 1472 977 948 444 494 0 1363 1494
703 885 0 0 657 0 0 0 0 434 0 945 0 1175 965 0 0 781
301 350 29 853 100 0 2510 723 353 602 2030 823 352 16 512 242 190 0
0 515 427 113 30 459 248 303 1267 0 209 230 0 137 0 0 4 0
1070 91 487 54 0 747 0 611 497 839 571 382 1160 0 1129 243 261 772
219 620 0 690 0 200 617 0 588 711 285 0 0 0 179 616 0 0
0 262 730 906 480 1253 1513 712 0 387 678 356 845 39 0 0 228 0
0 0 713 725 547 162 503 601 334 352 610 1373 473 21 2043 646 1524 0
610 305 0 315 0 183 588 0 0 219 34 792 223 412 0 0 349 442
656 0 586 759 86 820 783 862 462 1882 470 0 451 343 0 310 0 211
0 638 549 810 1101 617 1144 591 488 868 117 751 328 142 0 0 714 146
0 1068 255 317 1045 0 211 0 323 604 358 146 0 445 0 0 0 2209
1324 674 19 673 117 935 306 0 380 0 0 441 391 926 0 916 414 524
43 456 113 1056 839 778 0 500 729 17 700 69 330 0 101 470 182 201
251 323 0 0 206 397 0 0 0 692 62 304 0 581 0 483 519 469
0 0 0 93 0 1822 497 277 1051 1426 387 0 781 298 377 1786 0 0

3129 2425 2776 3188 3090 2542 3330 2709 3723 2478 3573 2827 3076 4282 2444 2920 2649 3561
1615 3778 2820 4144 2750 4076 2381 3880 2537 3613 3017 3382 3169 2415 3607 3730 4471 2582
3111 2202 3064 2919 2403 3192 2137 3663 2945 2737 3121 3042 2220 2511 3098 2774 2559 3200
1494 4224 2420 2957 3108 3053 2536 2645 2721 3504 2854 2749 3314 1887 2011 3151 2344 1906
2507 2611 2704 2933 2628 2231 2442 3091 2305 2220 3199 3365 2840 2101 2678 3401 2748 2082
2143 2090 3950 2778 3583 2340 2157 2704 2299 3407 3031 2681 4273 3471 3130 3356 2318 2978
3718 2808 3096 1960 5051 2848 4045 2796 3215 3430 2007 2619 3626 2522 3264 2995 2822 2363
3606 2524 2665 3139 2994 3323 2010 2882 1933 2476 3562 2651 3038 2932 2481 3622 2448 3193
2243 4011 1556 3294 2307 2696 3230 3238 1972 2843 2362 2755 2099 3363 2340 2979 2457 2659
2308 2850 3460 3031 3608 3500 2742 3077 2831 2358 2514 1627 2818 1972 2843 2329 3335 3105
2126 3058 2443 3486 2978 3122 2380 2489 2159 3333 3459 3809 3817 3019 3468 2555 3129 3396
3405 4030 3067 2026 2070 2056 4386 2445 1954 2248 2577 2373 2824 4615 1836 2239 2575 3598
2023 2410 1332 2899 2610 3228 3098 3062 2877 2404 2273 2073 2540 3119 3334 4059 4766 5416
2650 2351 3333 2401 3173 3613 2557 2295 2692 3985 3652 2756 3079 3218 3078 1911 2483 2472
3002 2193 2874 2958 2811 2789 2306 2755 2284 2139 2691 3155 2624 2882 2913 2405 2461 3155
2585 2986 2896 3169 3722 3333 2700 2578 2896 2490 4141 3234 2849 3433 2387 2347 2632 2439
3046 2225 2957 2794 3009 3429 3105 3480 4530 2760 2408 3729 2850 3201 2903 2262 2756 2375
3659 4047 2698 4048 2773 3515 1537 3940 2431 3819 2608 3549 2524 2377 2752 2874 2034 3395

0 0 0 0 2 0 0 157 0 0 0 0 0 90 0 0 0 562
261 0 0 1284 0 0 0 0 0 0 835 0 0 0 0 0 44 0
774 0 0 1329 0 0 450 0 0 0 0 0 0 0 0 0 0 0
0 0 0 0 0 165 0 9 0 0 0 508 0 0 1393 0 0 0
0 0 0 0 0 0 0 0 0 25 0 0 25 0 0 0 0 0
0 0 194 0 0 0 0 0 0 0 0 0 0 0 0 0 0 0
0 0 0 244 0 0 0 0 0 0 73 0 313 0 0 0 0 0
0 0 0 0 0 0 0 0 0 568 0 0 805 0 485 0 247 224
0 0 0 0 0 0 0 0 0 19 0 0 0 0 75 0 0 0
337 298 0 0 270 0 0 0 0 0 415 382 0 0 0 0 0 470
0 0 0 150 0 0 0 0 0 0 0 0 0 0 0 0 0 0
0 0 0 591 0 0 0 0 0 0 0 0 0 0 0 0 0 0
0 0 0 378 0 0 0 0 0 0 0 0 0 0 0 0 0 0
0 0 0 0 0 0 0 0 0 212 0 0 0 0 0 0 0 138
0 578 0 0 231 918 0 0 0 0 0 0 0 0 0 0 0 0
0 0 0 0 0 0 0 0 0 0 0 126 0 0 0 0 0 0
0 0 0 0 0 0 0 0 0 0 454 0 0 0 128 0 0 0
0 0 0 0 0 0 549 0 0 0 0 0 0 370 491 0 0 0

0 0 0 0 0 0 0 0 0 0 0 0 0 0 0 0 0 0
0 0 0 0 0 0 0 0 0 0 0 0 0 0 0 0 0 0
0 0 0 0 0 0 0 0 0 0 0 0 0 0 0 0 0 0
0 0 0 0 0 0 0 0 0 0 0 0 0 0 0 0 0 0
0 0 0 0 0 0 0 0 0 0 0 0 0 0 0 0 0 0
0 0 0 0 0 0 0 0 0 0 0 0 0 0 0 0 0 0
0 0 0 0 0 0 0 0 0 0 0 0 0 0 0 0 0 0
0 0 0 0 0 0 0 0 0 0 0 0 0 0 0 0 0 0
0 0 0 0 0 0 0 0 0 0 0 0 0 0 0 0 0 0
0 0 0 0 0 0 0 0 0 0 0 0 0 0 0 0 0 0
0 0 0 0 0 0 0 0 0 0 0 0 0 0 0 0 0 0
0 0 0 0 0 0 0 0 0 0 0 0 0 0 0 0 0 0
0 0 0 0 0 0 0 0 0 0 0 0 0 0 0 0 0 0
0 0 0 0 0 0 0 0 0 0 0 0 0 0 0 0 0 0
0 0 0 0 0 0 0 0 0 0 0 0 0 0 0 0 0 0
0 0 0 0 0 0 0 0 0 0 0 0 0 0 0 0 0 0
0 0 0 0 0 0 0 0 0 0 0 0 0 0 0 0 0 0
0 0 0 0 0 0 0 0 0 0 0 0 0 0 0 0 0 0

