0000000000000000000000000000000000000000000000110011010110110111 0000000000000000000000000000000000000000000000110001100000001001 0000000000000000000000000000000000000000000000110111010110111001 0000000000000000000000000000000000000000000000110111010110111001 0000000000000000000000000000000000000000000000110011100111100001 0000000000000000000000000000000000000000000000101010110100100011
0000000000000000000000000000000000000000000000110011010110110111 0000000000000000000000000000000000000000000000101111100011010100 0000000000000000000000000000000000000000000000110000001010110010 0000000000000000000000000000000000000000000000110000001010110010 0000000000000000000000000000000000000000000000101110111110011001 0000000000000000000000000000000000000000000000101110000101001100
0000000000000000000000000000000000000000000000110001011100111110 0000000000000000000000000000000000000000000000101101110011101010 0000000000000000000000000000000000000000000000110000001010110010 0000000000000000000000000000000000000000000000110000001010110010 0000000000000000000000000000000000000000000000101110111110011001 0000000000000000000000000000000000000000000000101110110011110001
0000000000000000000000000000000000000000000000110011000011100001 0000000000000000000000000000000000000000000000101110011100101000 0000000000000000000000000000000000000000000000110011001100001000 0000000000000000000000000000000000000000000000110011001100001000 0000000000000000000000000000000000000000000000110100101101000111 0000000000000000000000000000000000000000000000110100101101000111
0000000000000000000000000000000000000000000000110011000011100001 0000000000000000000000000000000000000000000000101111100000001111 0000000000000000000000000000000000000000000000110011001100001000 0000000000000000000000000000000000000000000000110011001100001000 0000000000000000000000000000000000000000000000110100101101000111 0000000000000000000000000000000000000000000000110100101101000111
0000000000000000000000000000000000000000000000110000011100000001 0000000000000000000000000000000000000000000000101111100000001111 0000000000000000000000000000000000000000000000101111100000001111 0000000000000000000000000000000000000000000000101110011111111011 0000000000000000000000000000000000000000000000101111001100001011 0000000000000000000000000000000000000000000000101111001100001011
0000000000000000000000000000000000000000000000010001110010001001 0000000000000000000000000000000000000000000000010010100010010110 0000000000000000000000000000000000000000000000010010100010010110 0000000000000000000000000000000000000000000000010100010001011010 0000000000000000000000000000000000000000000000010100010001011010 0000000000000000000000000000000000000000000000010001100010110110
0000000000000000000000000000000000000000000000010100111100110101 0000000000000000000000000000000000000000000000010010100010010110 0000000000000000000000000000000000000000000000010101111111111110 0000000000000000000000000000000000000000000000010101111111111110 0000000000000000000000000000000000000000000000010001100010110110 0000000000000000000000000000000000000000000000010001100010110110
0000000000000000000000000000000000000000000000010100111100110101 0000000000000000000000000000000000000000000000001101101010110100 0000000000000000000000000000000000000000000000010101111111111110 0000000000000000000000000000000000000000000000010101111111111110 0000000000000000000000000000000000000000000000010100100110010001 0000000000000000000000000000000000000000000000001101110001100001
0000000000000000000000000000000000000000000000010101100110100100 0000000000000000000000000000000000000000000000010101100110100100 0000000000000000000000000000000000000000000000010100011000100010 0000000000000000000000000000000000000000000000010100101011110001 0000000000000000000000000000000000000000000000010100101011110001 0000000000000000000000000000000000000000000000010011010100110110
0000000000000000000000000000000000000000000000011001011111101011 0000000000000000000000000000000000000000000000010101100110100100 0000000000000000000000000000000000000000000000010101011010011000 0000000000000000000000000000000000000000000000010101011010011000 0000000000000000000000000000000000000000000000010100101011110001 0000000000000000000000000000000000000000000000010011010100110110
0000000000000000000000000000000000000000000000011001011111101011 0000000000000000000000000000000000000000000000001110101000111000 0000000000000000000000000000000000000000000000010101011010011000 0000000000000000000000000000000000000000000000010101011010011000 0000000000000000000000000000000000000000000000001101010010011011 0000000000000000000000000000000000000000000000001101010010011011
0000000000000000000000000000000000000000000000110001010010000010 0000000000000000000000000000000000000000000000110010100010100111 0000000000000000000000000000000000000000000000110010100010100111 0000000000000000000000000000000000000000000000110011010101101101 0000000000000000000000000000000000000000000000110011010101101101 0000000000000000000000000000000000000000000000110001011001000010
0000000000000000000000000000000000000000000000110101111011000000 0000000000000000000000000000000000000000000000110101000101011000 0000000000000000000000000000000000000000000000110101000101011000 0000000000000000000000000000000000000000000000101100010001110110 0000000000000000000000000000000000000000000000110001011001000010 0000000000000000000000000000000000000000000000110001011001000010
0000000000000000000000000000000000000000000000110101111011000000 0000000000000000000000000000000000000000000000110101000101011000 0000000000000000000000000000000000000000000000110101000101011000 0000000000000000000000000000000000000000000000101110110011010001 0000000000000000000000000000000000000000000000110001000011000110 0000000000000000000000000000000000000000000000110001000011000110
0000000000000000000000000000000000000000000000110100100001001100 0000000000000000000000000000000000000000000000110100110111001000 0000000000000000000000000000000000000000000000110100110111001000 0000000000000000000000000000000000000000000000110011001000101110 0000000000000000000000000000000000000000000000110001000011000110 0000000000000000000000000000000000000000000000110001000011000110
0000000000000000000000000000000000000000000000110100100001001100 0000000000000000000000000000000000000000000000110001110100111111 0000000000000000000000000000000000000000000000110011001100000011 0000000000000000000000000000000000000000000000110011001100000011 0000000000000000000000000000000000000000000000110001111110110011 0000000000000000000000000000000000000000000000110000001110001011
0000000000000000000000000000000000000000000000101101101110110101 0000000000000000000000000000000000000000000000110001110100111111 0000000000000000000000000000000000000000000000110011001100000011 0000000000000000000000000000000000000000000000110011001100000011 0000000000000000000000000000000000000000000000110001111110110011 0000000000000000000000000000000000000000000000101010001001110111
0000000000000000000000000000000000000000000010011101101010101010 0000000000000000000000000000000000000000000010011110011001110010 0000000000000000000000000000000000000000000010100001010101101010 0000000000000000000000000000000000000000000010100001011001101110 0000000000000000000000000000000000000000000010100001011001101110 0000000000000000000000000000000000000000000010100001001001011100
0000000000000000000000000000000000000000000010011101101010101010 0000000000000000000000000000000000000000000010011011100101110001 0000000000000000000000000000000000000000000010100011100000000001 0000000000000000000000000000000000000000000010100011100000000001 0000000000000000000000000000000000000000000010100001001001011100 0000000000000000000000000000000000000000000010100001001001011100
0000000000000000000000000000000000000000000010011100000011100110 0000000000000000000000000000000000000000000010011100000011100110 0000000000000000000000000000000000000000000010100011100000000001 0000000000000000000000000000000000000000000010100011100000000001 0000000000000000000000000000000000000000000010011111110010101011 0000000000000000000000000000000000000000000010011110100000001001
0000000000000000000000000000000000000000000010011110000100101011 0000000000000000000000000000000000000000000010011100000011100110 0000000000000000000000000000000000000000000010100010101011001110 0000000000000000000000000000000000000000000010100010101011001110 0000000000000000000000000000000000000000000010011111110010101011 0000000000000000000000000000000000000000000010011101100110000101
0000000000000000000000000000000000000000000010011110000100101011 0000000000000000000000000000000000000000000010011011001011111011 0000000000000000000000000000000000000000000010100010101011001110 0000000000000000000000000000000000000000000010100011101000001111 0000000000000000000000000000000000000000000010100011101000001111 0000000000000000000000000000000000000000000010100000010101111101
0000000000000000000000000000000000000000000010011010000110010110 0000000000000000000000000000000000000000000010011011001011111011 0000000000000000000000000000000000000000000010011011001011111011 0000000000000000000000000000000000000000000010100011101000001111 0000000000000000000000000000000000000000000010100011101000001111 0000000000000000000000000000000000000000000010100000010101111101
0000000000000000000000000000000000000000000000011001000001110001 0000000000000000000000000000000000000000000000010100000000001111 0000000000000000000000000000000000000000000000010000011111001011 0000000000000000000000000000000000000000000000010110111111111110 0000000000000000000000000000000000000000000000010110111111111110 0000000000000000000000000000000000000000000000010100001010000110
0000000000000000000000000000000000000000000000011001010101001111 0000000000000000000000000000000000000000000000011001010101001111 0000000000000000000000000000000000000000000000001111111101100100 0000000000000000000000000000000000000000000000010110111111111110 0000000000000000000000000000000000000000000000010110111111111110 0000000000000000000000000000000000000000000000010000010110010000
0000000000000000000000000000000000000000000000011001010101001111 0000000000000000000000000000000000000000000000011001010101001111 0000000000000000000000000000000000000000000000010000011001011111 0000000000000000000000000000000000000000000000010001101100111010 0000000000000000000000000000000000000000000000010101001111011110 0000000000000000000000000000000000000000000000010101001111011110
0000000000000000000000000000000000000000000000010101010101001101 0000000000000000000000000000000000000000000000010101010101001101 0000000000000000000000000000000000000000000000010000011001011111 0000000000000000000000000000000000000000000000001110011101001100 0000000000000000000000000000000000000000000000010101001111011110 0000000000000000000000000000000000000000000000010101001111011110
0000000000000000000000000000000000000000000000010011000000100001 0000000000000000000000000000000000000000000000010011000000100001 0000000000000000000000000000000000000000000000010100110100111010 0000000000000000000000000000000000000000000000010100110100111010 0000000000000000000000000000000000000000000000010100001000011111 0000000000000000000000000000000000000000000000010100001000011111
0000000000000000000000000000000000000000000000001111111000101010 0000000000000000000000000000000000000000000000001110110111100111 0000000000000000000000000000000000000000000000010100110100111010 0000000000000000000000000000000000000000000000010100110100111010 0000000000000000000000000000000000000000000000010100001000011111 0000000000000000000000000000000000000000000000010100001000011111
0000000000000000000000000000000000000000000000010010100110111101 0000000000000000000000000000000000000000000000010011001001111110 0000000000000000000000000000000000000000000000010100010011010100 0000000000000000000000000000000000000000000000010100010011010100 0000000000000000000000000000000000000000000000010100001101110011 0000000000000000000000000000000000000000000000010010011000101011
0000000000000000000000000000000000000000000000010100101011000100 0000000000000000000000000000000000000000000000010110010111110010 0000000000000000000000000000000000000000000000010110010111110010 0000000000000000000000000000000000000000000000010100010011010100 0000000000000000000000000000000000000000000000010100101011000110 0000000000000000000000000000000000000000000000010100101011000110
0000000000000000000000000000000000000000000000010100101011000100 0000000000000000000000000000000000000000000000011001100000001000 0000000000000000000000000000000000000000000000011001100000001000 0000000000000000000000000000000000000000000000010110001110101111 0000000000000000000000000000000000000000000000010110001110101111 0000000000000000000000000000000000000000000000010100101011000110
0000000000000000000000000000000000000000000000010101100001001001 0000000000000000000000000000000000000000000000011001100000001000 0000000000000000000000000000000000000000000000011001100000001000 0000000000000000000000000000000000000000000000010110001110101111 0000000000000000000000000000000000000000000000010110001110101111 0000000000000000000000000000000000000000000000010001111110001001
0000000000000000000000000000000000000000000000010101100001001001 0000000000000000000000000000000000000000000000010101111001111010 0000000000000000000000000000000000000000000000010101111001111010 0000000000000000000000000000000000000000000000010011111111010001 0000000000000000000000000000000000000000000000010011111111010001 0000000000000000000000000000000000000000000000010001111110001001
0000000000000000000000000000000000000000000000010001111111101110 0000000000000000000000000000000000000000000000010010011100000111 0000000000000000000000000000000000000000000000010010011100000111 0000000000000000000000000000000000000000000000010010010101000001 0000000000000000000000000000000000000000000000010010010101000001 0000000000000000000000000000000000000000000000001100011100001010
0000000000000000000000000000000000000000000000011110110110010000 0000000000000000000000000000000000000000000000100000111000010111 0000000000000000000000000000000000000000000000100001000001100000 0000000000000000000000000000000000000000000000100001010110111100 0000000000000000000000000000000000000000000000100011111001001011 0000000000000000000000000000000000000000000000100011111001001011
0000000000000000000000000000000000000000000000011111010001111110 0000000000000000000000000000000000000000000000100000111000010111 0000000000000000000000000000000000000000000000100000111000010111 0000000000000000000000000000000000000000000000100101110011010111 0000000000000000000000000000000000000000000000100101110011010111 0000000000000000000000000000000000000000000000100011111001001011
0000000000000000000000000000000000000000000000100011010010001000 0000000000000000000000000000000000000000000000100011010010001000 0000000000000000000000000000000000000000000000011111010100010000 0000000000000000000000000000000000000000000000100111010110101001 0000000000000000000000000000000000000000000000100111010110101001 0000000000000000000000000000000000000000000000011110001100100000
0000000000000000000000000000000000000000000000100011010010001000 0000000000000000000000000000000000000000000000100011010010001000 0000000000000000000000000000000000000000000000100001010000100111 0000000000000000000000000000000000000000000000100111010110101001 0000000000000000000000000000000000000000000000100111010110101001 0000000000000000000000000000000000000000000000100010110000110000
0000000000000000000000000000000000000000000000100011110110110010 0000000000000000000000000000000000000000000000100010101001000000 0000000000000000000000000000000000000000000000100001010010001010 0000000000000000000000000000000000000000000000101000000001010010 0000000000000000000000000000000000000000000000101000000001010010 0000000000000000000000000000000000000000000000100010110000110000
0000000000000000000000000000000000000000000000100011110110110010 0000000000000000000000000000000000000000000000100001010010001010 0000000000000000000000000000000000000000000000100001010010001010 0000000000000000000000000000000000000000000000101000000001010010 0000000000000000000000000000000000000000000000101000000001010010 0000000000000000000000000000000000000000000000011100000101000110
0000000000000000000000000000000000000000000000000000000000000000 0000000000000000000000000000000000000000000000000000000000000000 0000000000000000000000000000000000000000000000000000000000000000 0000000000000000000000000000000000000000000000000000000000000000 0000000000000000000000000000000000000000000000000000000000000000 0000000000000000000000000000000000000000000000000000000000000000
0000000000000000000000000000000000000000000000000000000000000000 0000000000000000000000000000000000000000000000000000000000000000 0000000000000000000000000000000000000000000000000000000000000000 0000000000000000000000000000000000000000000000000000000000000000 0000000000000000000000000000000000000000000000000000000000000000 0000000000000000000000000000000000000000000000000000000000000000
0000000000000000000000000000000000000000000000000000000000000000 0000000000000000000000000000000000000000000000000000000000000000 0000000000000000000000000000000000000000000000000000000000000000 0000000000000000000000000000000000000000000000000000000000000000 0000000000000000000000000000000000000000000000000000000000000000 0000000000000000000000000000000000000000000000000000000000000000
0000000000000000000000000000000000000000000000000000000000000000 0000000000000000000000000000000000000000000000000000000000000000 0000000000000000000000000000000000000000000000000000000000000000 0000000000000000000000000000000000000000000000000000000000000000 0000000000000000000000000000000000000000000000000000000000000000 0000000000000000000000000000000000000000000000000000000000000000
0000000000000000000000000000000000000000000000000000000000000000 0000000000000000000000000000000000000000000000000000000000000000 0000000000000000000000000000000000000000000000000000000000000000 0000000000000000000000000000000000000000000000000000000000000000 0000000000000000000000000000000000000000000000000000000000000000 0000000000000000000000000000000000000000000000000000000000000000
0000000000000000000000000000000000000000000000000000000000000000 0000000000000000000000000000000000000000000000000000000000000000 0000000000000000000000000000000000000000000000000000000000000000 0000000000000000000000000000000000000000000000000000000000000000 0000000000000000000000000000000000000000000000000000000000000000 0000000000000000000000000000000000000000000000000000000000000000
0000000000000000000000000000000000000000000000000000000000000000 0000000000000000000000000000000000000000000000000000000000000000 0000000000000000000000000000000000000000000000000000000000000000 0000000000000000000000000000000000000000000000000000000000000000 0000000000000000000000000000000000000000000000000000000000000000 0000000000000000000000000000000000000000000000000000000000000000
0000000000000000000000000000000000000000000000000000000000000000 0000000000000000000000000000000000000000000000000000000000000000 0000000000000000000000000000000000000000000000000000000000000000 0000000000000000000000000000000000000000000000000000000000000000 0000000000000000000000000000000000000000000000000000000000000000 0000000000000000000000000000000000000000000000000000000000000000
0000000000000000000000000000000000000000000000000000000000000000 0000000000000000000000000000000000000000000000000000000000000000 0000000000000000000000000000000000000000000000000000000000000000 0000000000000000000000000000000000000000000000000000000000000000 0000000000000000000000000000000000000000000000000000000000000000 0000000000000000000000000000000000000000000000000000000000000000
0000000000000000000000000000000000000000000000000000000000000000 0000000000000000000000000000000000000000000000000000000000000000 0000000000000000000000000000000000000000000000000000000000000000 0000000000000000000000000000000000000000000000000000000000000000 0000000000000000000000000000000000000000000000000000000000000000 0000000000000000000000000000000000000000000000000000000000000000
0000000000000000000000000000000000000000000000000000000000000000 0000000000000000000000000000000000000000000000000000000000000000 0000000000000000000000000000000000000000000000000000000000000000 0000000000000000000000000000000000000000000000000000000000000000 0000000000000000000000000000000000000000000000000000000000000000 0000000000000000000000000000000000000000000000000000000000000000
0000000000000000000000000000000000000000000000000000000000000000 0000000000000000000000000000000000000000000000000000000000000000 0000000000000000000000000000000000000000000000000000000000000000 0000000000000000000000000000000000000000000000000000000000000000 0000000000000000000000000000000000000000000000000000000000000000 0000000000000000000000000000000000000000000000000000000000000000
0000000000000000000000000000000000000000000000001010001110000011 0000000000000000000000000000000000000000000000000100100011011011 0000000000000000000000000000000000000000000000001010111111111010 0000000000000000000000000000000000000000000000001010111111111010 0000000000000000000000000000000000000000000000000110111010010110 0000000000000000000000000000000000000000000000000110111010010110
0000000000000000000000000000000000000000000000001010001110000011 0000000000000000000000000000000000000000000000000110100101010001 0000000000000000000000000000000000000000000000000110001010100101 0000000000000000000000000000000000000000000000000110001000011110 0000000000000000000000000000000000000000000000000011111110011110 0000000000000000000000000000000000000000000000000011110101011010
0000000000000000000000000000000000000000000000001011100011110001 0000000000000000000000000000000000000000000000000110100101010001 0000000000000000000000000000000000000000000000000110001010100101 0000000000000000000000000000000000000000000000000011111110011110 0000000000000000000000000000000000000000000000000011111110011110 0000000000000000000000000000000000000000000000000011110101011010
0000000000000000000000000000000000000000000000001011100011110001 0000000000000000000000000000000000000000000000001000110000101011 0000000000000000000000000000000000000000000000001000110000101011 0000000000000000000000000000000000000000000000001001111010111100 0000000000000000000000000000000000000000000000001001111010111100 0000000000000000000000000000000000000000000000000110011001111000
0000000000000000000000000000000000000000000000001100011000111101 0000000000000000000000000000000000000000000000001100011000111101 0000000000000000000000000000000000000000000000001000110000101011 0000000000000000000000000000000000000000000000001001111010111100 0000000000000000000000000000000000000000000000001001111010111100 0000000000000000000000000000000000000000000000000111101110011011
0000000000000000000000000000000000000000000000001100011000111101 0000000000000000000000000000000000000000000000001100011000111101 0000000000000000000000000000000000000000000000000110011011010001 0000000000000000000000000000000000000000000000000101111100111010 0000000000000000000000000000000000000000000000000111101110011011 0000000000000000000000000000000000000000000000000111101110011011
0000000000000000000000000000000000000000000000000000000000000000 0000000000000000000000000000000000000000000000000000000000000000 0000000000000000000000000000000000000000000000000000000000000000 0000000000000000000000000000000000000000000000000000000000000000 0000000000000000000000000000000000000000000000000000000000000000 0000000000000000000000000000000000000000000000000000000000000000
0000000000000000000000000000000000000000000000000000000000000000 0000000000000000000000000000000000000000000000000000000000000000 0000000000000000000000000000000000000000000000000000000000000000 0000000000000000000000000000000000000000000000000000000000000000 0000000000000000000000000000000000000000000000000000000000000000 0000000000000000000000000000000000000000000000000000000000000000
0000000000000000000000000000000000000000000000000000000000000000 0000000000000000000000000000000000000000000000000000000000000000 0000000000000000000000000000000000000000000000000000000000000000 0000000000000000000000000000000000000000000000000000000000000000 0000000000000000000000000000000000000000000000000000000000000000 0000000000000000000000000000000000000000000000000000000000000000
0000000000000000000000000000000000000000000000000000000000000000 0000000000000000000000000000000000000000000000000000000000000000 0000000000000000000000000000000000000000000000000000000000000000 0000000000000000000000000000000000000000000000000000000000000000 0000000000000000000000000000000000000000000000000000000000000000 0000000000000000000000000000000000000000000000000000000000000000
0000000000000000000000000000000000000000000000000000000000000000 0000000000000000000000000000000000000000000000000000000000000000 0000000000000000000000000000000000000000000000000000000000000000 0000000000000000000000000000000000000000000000000000000000000000 0000000000000000000000000000000000000000000000000000000000000000 0000000000000000000000000000000000000000000000000000000000000000
0000000000000000000000000000000000000000000000000000000000000000 0000000000000000000000000000000000000000000000000000000000000000 0000000000000000000000000000000000000000000000000000000000000000 0000000000000000000000000000000000000000000000000000000000000000 0000000000000000000000000000000000000000000000000000000000000000 0000000000000000000000000000000000000000000000000000000000000000
0000000000000000000000000000000000000000000001100000100100000101 0000000000000000000000000000000000000000000001011111110011100111 0000000000000000000000000000000000000000000001100100010000001110 0000000000000000000000000000000000000000000001100100110101110110 0000000000000000000000000000000000000000000001101000110101001010 0000000000000000000000000000000000000000000001101000110101001010
0000000000000000000000000000000000000000000001100110111000001001 0000000000000000000000000000000000000000000001100110111000001001 0000000000000000000000000000000000000000000001100001011000101011 0000000000000000000000000000000000000000000001100100110101110110 0000000000000000000000000000000000000000000001101000110101001010 0000000000000000000000000000000000000000000001101000110101001010
0000000000000000000000000000000000000000000001100110111000001001 0000000000000000000000000000000000000000000001100110111000001001 0000000000000000000000000000000000000000000001100010111001111010 0000000000000000000000000000000000000000000001101000101010011011 0000000000000000000000000000000000000000000001101000101010011011 0000000000000000000000000000000000000000000001100001011111000101
0000000000000000000000000000000000000000000001100001111100010110 0000000000000000000000000000000000000000000001100001010110010111 0000000000000000000000000000000000000000000001100010111001111010 0000000000000000000000000000000000000000000001101000101010011011 0000000000000000000000000000000000000000000001101000101010011011 0000000000000000000000000000000000000000000001100001011111000101
0000000000000000000000000000000000000000000001100100111011110100 0000000000000000000000000000000000000000000001100011000010111001 0000000000000000000000000000000000000000000001101000010011110010 0000000000000000000000000000000000000000000001101000010011110010 0000000000000000000000000000000000000000000001100101100001100010 0000000000000000000000000000000000000000000001011100101011101110
0000000000000000000000000000000000000000000001100100111011110100 0000000000000000000000000000000000000000000001100011000010111001 0000000000000000000000000000000000000000000001101000010011110010 0000000000000000000000000000000000000000000001101000010011110010 0000000000000000000000000000000000000000000001100101100001100010 0000000000000000000000000000000000000000000001011100001111010000
0000000000000000000000000000000000000000000000010000110110111010 0000000000000000000000000000000000000000000000001111010001110101 0000000000000000000000000000000000000000000000001111010001110101 0000000000000000000000000000000000000000000000010000110100101001 0000000000000000000000000000000000000000000000010000110100101001 0000000000000000000000000000000000000000000000010000000000100001
0000000000000000000000000000000000000000000000010001110111111101 0000000000000000000000000000000000000000000000010001110111111101 0000000000000000000000000000000000000000000000010001100110001001 0000000000000000000000000000000000000000000000010000110100101001 0000000000000000000000000000000000000000000000010000110100101001 0000000000000000000000000000000000000000000000010000000000100001
0000000000000000000000000000000000000000000000010111000000111110 0000000000000000000000000000000000000000000000010001110111111101 0000000000000000000000000000000000000000000000010001100110001001 0000000000000000000000000000000000000000000000001101101100010110 0000000000000000000000000000000000000000000000011000000110110110 0000000000000000000000000000000000000000000000011000000110110110
0000000000000000000000000000000000000000000000010111000000111110 0000000000000000000000000000000000000000000000001110000100101110 0000000000000000000000000000000000000000000000001110000001110100 0000000000000000000000000000000000000000000000001011000001000110 0000000000000000000000000000000000000000000000011000000110110110 0000000000000000000000000000000000000000000000011000000110110110
0000000000000000000000000000000000000000000000010001111011000110 0000000000000000000000000000000000000000000000001110000100101110 0000000000000000000000000000000000000000000000010000000101111001 0000000000000000000000000000000000000000000000010101000000010011 0000000000000000000000000000000000000000000000010101000000010011 0000000000000000000000000000000000000000000000001111000010010000
0000000000000000000000000000000000000000000000010001111011000110 0000000000000000000000000000000000000000000000001011110100010010 0000000000000000000000000000000000000000000000010000000101111001 0000000000000000000000000000000000000000000000010101000000010011 0000000000000000000000000000000000000000000000010101000000010011 0000000000000000000000000000000000000000000000001010100011110101
0000000000000000000000000000000000000000000000010001101110101101 0000000000000000000000000000000000000000000000010001101110101101 0000000000000000000000000000000000000000000000010000101101100100 0000000000000000000000000000000000000000000000010000101101100100 0000000000000000000000000000000000000000000000010001111011101110 0000000000000000000000000000000000000000000000010001111011101110
0000000000000000000000000000000000000000000000010010010011011010 0000000000000000000000000000000000000000000000001110011101100111 0000000000000000000000000000000000000000000000001110001111011011 0000000000000000000000000000000000000000000000001101101011000100 0000000000000000000000000000000000000000000000010010010101011111 0000000000000000000000000000000000000000000000010010010101011111
0000000000000000000000000000000000000000000000010010010011011010 0000000000000000000000000000000000000000000000001110011101100111 0000000000000000000000000000000000000000000000001101110101100111 0000000000000000000000000000000000000000000000001101101011000100 0000000000000000000000000000000000000000000000010010010101011111 0000000000000000000000000000000000000000000000010010010101011111
0000000000000000000000000000000000000000000000010000000000111101 0000000000000000000000000000000000000000000000010000000000111101 0000000000000000000000000000000000000000000000001111101000010000 0000000000000000000000000000000000000000000000010010110110111010 0000000000000000000000000000000000000000000000010010110110111010 0000000000000000000000000000000000000000000000010001000011110011
0000000000000000000000000000000000000000000000010101011000110101 0000000000000000000000000000000000000000000000010101011000110101 0000000000000000000000000000000000000000000000001111101000010000 0000000000000000000000000000000000000000000000010011000110111101 0000000000000000000000000000000000000000000000010011000110111101 0000000000000000000000000000000000000000000000001101101101011101
0000000000000000000000000000000000000000000000010101011000110101 0000000000000000000000000000000000000000000000010101011000110101 0000000000000000000000000000000000000000000000001111010111101101 0000000000000000000000000000000000000000000000010011000110111101 0000000000000000000000000000000000000000000000010011000110111101 0000000000000000000000000000000000000000000000000111000000000100
0000000000000000000000000000000000000000000000101110100000110001 0000000000000000000000000000000000000000000000100110101011111111 0000000000000000000000000000000000000000000000101000001011111111 0000000000000000000000000000000000000000000000101000001011111111 0000000000000000000000000000000000000000000000101011000101111000 0000000000000000000000000000000000000000000000101011000101111000
0000000000000000000000000000000000000000000000101110100000110001 0000000000000000000000000000000000000000000000100110101011111111 0000000000000000000000000000000000000000000000100110011110011101 0000000000000000000000000000000000000000000000101000011100101100 0000000000000000000000000000000000000000000000101000011100101100 0000000000000000000000000000000000000000000000100101010001101100
0000000000000000000000000000000000000000000000101000100100010110 0000000000000000000000000000000000000000000000101000100100010110 0000000000000000000000000000000000000000000000100011010001110000 0000000000000000000000000000000000000000000000101000011100101100 0000000000000000000000000000000000000000000000101000011100101100 0000000000000000000000000000000000000000000000100100011111011101
0000000000000000000000000000000000000000000000101000100100010110 0000000000000000000000000000000000000000000000101000100100010110 0000000000000000000000000000000000000000000000101010011100100110 0000000000000000000000000000000000000000000000101010011100100110 0000000000000000000000000000000000000000000000101000100100111110 0000000000000000000000000000000000000000000000101000100100111110
0000000000000000000000000000000000000000000000100110000111010110 0000000000000000000000000000000000000000000000100110111010111000 0000000000000000000000000000000000000000000000101010011100100110 0000000000000000000000000000000000000000000000101010011100100110 0000000000000000000000000000000000000000000000101011011101000100 0000000000000000000000000000000000000000000000101011011101000100
0000000000000000000000000000000000000000000000100010110000001100 0000000000000000000000000000000000000000000000100110111010111000 0000000000000000000000000000000000000000000000100110111010111000 0000000000000000000000000000000000000000000000100101001100011001 0000000000000000000000000000000000000000000000101011011101000100 0000000000000000000000000000000000000000000000101011011101000100
0000000000000000000000000000000000000000000000000000000000000000 0000000000000000000000000000000000000000000000000000000000000000 0000000000000000000000000000000000000000000000000000000000000000 0000000000000000000000000000000000000000000000000000000000000000 0000000000000000000000000000000000000000000000000000000000000000 0000000000000000000000000000000000000000000000000000000000000000
0000000000000000000000000000000000000000000000000000000000000000 0000000000000000000000000000000000000000000000000000000000000000 0000000000000000000000000000000000000000000000000000000000000000 0000000000000000000000000000000000000000000000000000000000000000 0000000000000000000000000000000000000000000000000000000000000000 0000000000000000000000000000000000000000000000000000000000000000
0000000000000000000000000000000000000000000000000000000000000000 0000000000000000000000000000000000000000000000000000000000000000 0000000000000000000000000000000000000000000000000000000000000000 0000000000000000000000000000000000000000000000000000000000000000 0000000000000000000000000000000000000000000000000000000000000000 0000000000000000000000000000000000000000000000000000000000000000
0000000000000000000000000000000000000000000000000000000000000000 0000000000000000000000000000000000000000000000000000000000000000 0000000000000000000000000000000000000000000000000000000000000000 0000000000000000000000000000000000000000000000000000000000000000 0000000000000000000000000000000000000000000000000000000000000000 0000000000000000000000000000000000000000000000000000000000000000
0000000000000000000000000000000000000000000000000000000000000000 0000000000000000000000000000000000000000000000000000000000000000 0000000000000000000000000000000000000000000000000000000000000000 0000000000000000000000000000000000000000000000000000000000000000 0000000000000000000000000000000000000000000000000000000000000000 0000000000000000000000000000000000000000000000000000000000000000
0000000000000000000000000000000000000000000000000000000000000000 0000000000000000000000000000000000000000000000000000000000000000 0000000000000000000000000000000000000000000000000000000000000000 0000000000000000000000000000000000000000000000000000000000000000 0000000000000000000000000000000000000000000000000000000000000000 0000000000000000000000000000000000000000000000000000000000000000
