210359 202761 226745 226745 211425 175395
210359 194772 197298 197298 192409 188748
202558 187626 197298 197298 192409 191729
209121 190248 209672 209672 215879 215879
209121 194575 209672 209672 215879 215879
198401 194575 194575 190459 193291 193291

72841 75926 75926 83034 83034 71862
85813 75926 90110 90110 71862 71862
85813 55988 90110 90110 84369 56417
88484 88484 83490 84721 84721 79158
104427 88484 87704 87704 84721 79158
104427 59960 87704 87704 54427 54427

201858 207015 207015 210285 210285 202306
220864 217432 217432 181366 202306 202306
220864 217432 217432 191697 200902 200902
215116 216520 216520 209454 200902 200902
215116 204095 209667 209667 204723 197515
187317 204095 209667 209667 204723 172663

645802 648818 660842 661102 661102 660060
645802 637297 669697 669697 660060 660060
639206 639206 669697 669697 654507 649225
647467 639206 666318 666318 654507 645509
647467 635643 666318 670223 670223 656765
631190 635643 635643 670223 670223 656765

102513 81935 67531 94206 94206 82566
103759 103759 65380 94206 94206 66960
103759 103759 67167 72506 87006 87006
87373 87373 67167 59212 87006 87006
77857 77857 85306 85306 82463 82463
65066 60903 85306 85306 82463 82463

76221 78462 83156 83156 82803 75307
84676 91634 91634 83156 84678 84678
84676 104456 104456 91055 91055 84678
88137 104456 104456 91055 91055 73609
88137 89722 89722 81873 81873 73609
73710 75527 75527 75073 75073 50954

126352 134679 135264 136636 147019 147019
128126 134679 134679 154839 154839 147019
144520 144520 128272 161193 161193 123680
144520 144520 136231 161193 161193 142384
146866 141888 136330 163922 163922 142384
146866 136330 136330 163922 163922 115014

0 0 0 0 0 0
0 0 0 0 0 0
0 0 0 0 0 0
0 0 0 0 0 0
0 0 0 0 0 0
0 0 0 0 0 0

0 0 0 0 0 0
0 0 0 0 0 0
0 0 0 0 0 0
0 0 0 0 0 0
0 0 0 0 0 0
0 0 0 0 0 0

41859 18651 45050 45050 28310 28310
41859 26961 25253 25118 16286 15706
47345 26961 25253 16286 16286 15706
47345 35883 35883 40636 40636 26232
50749 50749 35883 40636 40636 31643
50749 50749 26321 24378 31643 31643

0 0 0 0 0 0
0 0 0 0 0 0
0 0 0 0 0 0
0 0 0 0 0 0
0 0 0 0 0 0
0 0 0 0 0 0

395525 392423 410638 413046 429386 429386
421385 421385 398891 413046 429386 429386
421385 421385 405114 428699 428699 399301
401174 398743 405114 428699 428699 399301
413428 405689 427250 427250 415842 379630
413428 405689 427250 427250 415842 377808

69050 62581 62581 68905 68905 65569
73213 73213 72073 68905 68905 65569
94270 73213 72073 56086 98742 98742
94270 57646 57460 45126 98742 98742
73414 57646 65913 86035 86035 61584
73414 48402 65913 86035 86035 43253

72621 72621 68452 68452 73454 73454
74970 59239 58331 56004 75103 75103
74970 59239 56679 56004 75103 75103
65597 65597 64016 77242 77242 69875
87605 87605 64016 78269 78269 56157
87605 87605 62957 78269 78269 28676

190513 158463 164607 164607 176504 176504
190513 158463 157597 165676 165676 152684
166166 166166 144496 165676 165676 149469
166166 166166 173862 173862 166206 166206
156118 159416 173862 173862 177988 177988
142348 159416 159416 152345 177988 177988

0 0 0 0 0 0
0 0 0 0 0 0
0 0 0 0 0 0
0 0 0 0 0 0
0 0 0 0 0 0
0 0 0 0 0 0

