0000000000000000000000000000000000000000000000000000000000000000 0000000000000000000000000000000000000000000000000000000000000000 0000000000000000000000000000000000000000000000000000000000000000 0000000000000000000000000000000000000000000000000000000000000000 0000000000000000000000000000000000000000000000000000000000000000 0000000000000000000000000000000000000000000000000000000000000000 0000000000000000000000000000000000000000000000000000000000000000 0000000000000000000000000000000000000000000000000000000000000000
0000000000000000000000000000000000000000000000000000000000000000 0000000000000000000000000000000000000000000000000000000000000000 0000000000000000000000000000000000000000000000000000000000000000 0000000000000000000000000000000000000000000000000000000000000000 0000000000000000000000000000000000000000000000000000000000000000 0000000000000000000000000000000000000000000000000000000000000000 0000000000000000000000000000000000000000000000000000000000000000 0000000000000000000000000000000000000000000000000000000000000000
0000000000000000000000000000000000000000000000000000000000000000 0000000000000000000000000000000000000000000000000000000000000000 0000000000000000000000000000000000000000000000000000000000000000 0000000000000000000000000000000000000000000000000000000000000000 0000000000000000000000000000000000000000000000000000000000000000 0000000000000000000000000000000000000000000000000000000000000000 0000000000000000000000000000000000000000000000000000000000000000 0000000000000000000000000000000000000000000000000000000000000000
0000000000000000000000000000000000000000000000000000000000000000 0000000000000000000000000000000000000000000000000000000000000000 0000000000000000000000000000000000000000000000000000000000000000 0000000000000000000000000000000000000000000000000000000000000000 0000000000000000000000000000000000000000000000000000000000000000 0000000000000000000000000000000000000000000000000000000000000000 0000000000000000000000000000000000000000000000000000000000000000 0000000000000000000000000000000000000000000000000000000000000000
0000000000000000000000000000000000000000000000000000000000000000 0000000000000000000000000000000000000000000000000000000000000000 0000000000000000000000000000000000000000000000000000000000000000 0000000000000000000000000000000000000000000000000000000000000000 0000000000000000000000000000000000000000000000000000000000000000 0000000000000000000000000000000000000000000000000000000000000000 0000000000000000000000000000000000000000000000000000000000000000 0000000000000000000000000000000000000000000000000000000000000000
0000000000000000000000000000000000000000000000000000000000000000 0000000000000000000000000000000000000000000000000000000000000000 0000000000000000000000000000000000000000000000000000000000000000 0000000000000000000000000000000000000000000000000000000000000000 0000000000000000000000000000000000000000000000000000000000000000 0000000000000000000000000000000000000000000000000000000000000000 0000000000000000000000000000000000000000000000000000000000000000 0000000000000000000000000000000000000000000000000000000000000000
0000000000000000000000000000000000000000000000000000000000000000 0000000000000000000000000000000000000000000000000000000000000000 0000000000000000000000000000000000000000000000000000000000000000 0000000000000000000000000000000000000000000000000000000000000000 0000000000000000000000000000000000000000000000000000000000000000 0000000000000000000000000000000000000000000000000000000000000000 0000000000000000000000000000000000000000000000000000000000000000 0000000000000000000000000000000000000000000000000000000000000000
0000000000000000000000000000000000000000000000000000000000000000 0000000000000000000000000000000000000000000000000000000000000000 0000000000000000000000000000000000000000000000000000000000000000 0000000000000000000000000000000000000000000000000000000000000000 0000000000000000000000000000000000000000000000000000000000000000 0000000000000000000000000000000000000000000000000000000000000000 0000000000000000000000000000000000000000000000000000000000000000 0000000000000000000000000000000000000000000000000000000000000000
0000000000000000000000000000000000000000000000001010010000011000 0000000000000000000000000000000000000000000000001000010111111101 0000000000000000000000000000000000000000000000001000100000100001 0000000000000000000000000000000000000000000000001001000110111101 0000000000000000000000000000000000000000000000001001000100011111 0000000000000000000000000000000000000000000000001000100011110111 0000000000000000000000000000000000000000000000000111111010101011 0000000000000000000000000000000000000000000000001000000110110110
0000000000000000000000000000000000000000000000001000111010111110 0000000000000000000000000000000000000000000000001000100011110001 0000000000000000000000000000000000000000000000000111111011001111 0000000000000000000000000000000000000000000000001000011100110100 0000000000000000000000000000000000000000000000001001000000100001 0000000000000000000000000000000000000000000000001000000000110011 0000000000000000000000000000000000000000000000001000110100100100 0000000000000000000000000000000000000000000000001000101001011000
0000000000000000000000000000000000000000000000000111000110000010 0000000000000000000000000000000000000000000000000111110001001100 0000000000000000000000000000000000000000000000000111111011010110 0000000000000000000000000000000000000000000000001000010010000010 0000000000000000000000000000000000000000000000001000011100110101 0000000000000000000000000000000000000000000000001000100111000100 0000000000000000000000000000000000000000000000000111101010011000 0000000000000000000000000000000000000000000000001000111100100011
0000000000000000000000000000000000000000000000001000100011101111 0000000000000000000000000000000000000000000000001000000101100101 0000000000000000000000000000000000000000000000000111101101001101 0000000000000000000000000000000000000000000000000111011100111110 0000000000000000000000000000000000000000000000001000001001101000 0000000000000000000000000000000000000000000000001000111101011100 0000000000000000000000000000000000000000000000001000101110100101 0000000000000000000000000000000000000000000000001000011011011101
0000000000000000000000000000000000000000000000001000000000000000 0000000000000000000000000000000000000000000000000111100010101000 0000000000000000000000000000000000000000000000001000011001000011 0000000000000000000000000000000000000000000000001001101010000010 0000000000000000000000000000000000000000000000001000011010111110 0000000000000000000000000000000000000000000000000111110010110010 0000000000000000000000000000000000000000000000001001011111111110 0000000000000000000000000000000000000000000000001000100010000101
0000000000000000000000000000000000000000000000001000000101010000 0000000000000000000000000000000000000000000000000111100100101010 0000000000000000000000000000000000000000000000001000011100100110 0000000000000000000000000000000000000000000000001001101110110111 0000000000000000000000000000000000000000000000000111111111010001 0000000000000000000000000000000000000000000000001000100000100010 0000000000000000000000000000000000000000000000001000000100010000 0000000000000000000000000000000000000000000000001000001110110001
0000000000000000000000000000000000000000000000000111101100011010 0000000000000000000000000000000000000000000000000111100000101000 0000000000000000000000000000000000000000000000001000101000111011 0000000000000000000000000000000000000000000000001000010011011101 0000000000000000000000000000000000000000000000001000010001101011 0000000000000000000000000000000000000000000000000110110010010111 0000000000000000000000000000000000000000000000001000100100100110 0000000000000000000000000000000000000000000000001000101100111111
0000000000000000000000000000000000000000000000000111000111110000 0000000000000000000000000000000000000000000000001000110001010101 0000000000000000000000000000000000000000000000000111101110010001 0000000000000000000000000000000000000000000000001000011010111000 0000000000000000000000000000000000000000000000000111110110101010 0000000000000000000000000000000000000000000000001000010011101111 0000000000000000000000000000000000000000000000001000110110111011 0000000000000000000000000000000000000000000000001001000110000100
0000000000000000000000000000000000000000000000000011110001001011 0000000000000000000000000000000000000000000000000010101101110110 0000000000000000000000000000000000000000000000000010100100101011 0000000000000000000000000000000000000000000000000011000010100110 0000000000000000000000000000000000000000000000000010101000011110 0000000000000000000000000000000000000000000000000001110011110111 0000000000000000000000000000000000000000000000000010011010101101 0000000000000000000000000000000000000000000000000010011001011011
0000000000000000000000000000000000000000000000000010111100000000 0000000000000000000000000000000000000000000000000001110011111001 0000000000000000000000000000000000000000000000000010011110010110 0000000000000000000000000000000000000000000000000010011101111111 0000000000000000000000000000000000000000000000000010110000011000 0000000000000000000000000000000000000000000000000010101011010000 0000000000000000000000000000000000000000000000000011001010111010 0000000000000000000000000000000000000000000000000010101110001100
0000000000000000000000000000000000000000000000000010101001111011 0000000000000000000000000000000000000000000000000010110010001000 0000000000000000000000000000000000000000000000000011000000011110 0000000000000000000000000000000000000000000000000010101011010100 0000000000000000000000000000000000000000000000000011101001000001 0000000000000000000000000000000000000000000000000011100001010110 0000000000000000000000000000000000000000000000000011011101110101 0000000000000000000000000000000000000000000000000010110111100100
0000000000000000000000000000000000000000000000000010111010010110 0000000000000000000000000000000000000000000000000010000011110001 0000000000000000000000000000000000000000000000000010101100110110 0000000000000000000000000000000000000000000000000011001011000011 0000000000000000000000000000000000000000000000000010100000110010 0000000000000000000000000000000000000000000000000011001011101001 0000000000000000000000000000000000000000000000000010111011101010 0000000000000000000000000000000000000000000000000010011000000010
0000000000000000000000000000000000000000000000000011011011000111 0000000000000000000000000000000000000000000000000010111100010110 0000000000000000000000000000000000000000000000000010001100001001 0000000000000000000000000000000000000000000000000010111110101010 0000000000000000000000000000000000000000000000000010111111110110 0000000000000000000000000000000000000000000000000011100101101100 0000000000000000000000000000000000000000000000000010111110010010 0000000000000000000000000000000000000000000000000010111010001010
0000000000000000000000000000000000000000000000000010111100101100 0000000000000000000000000000000000000000000000000011001010110001 0000000000000000000000000000000000000000000000000011000110100101 0000000000000000000000000000000000000000000000000001110100110110 0000000000000000000000000000000000000000000000000011000011101101 0000000000000000000000000000000000000000000000000010101010111001 0000000000000000000000000000000000000000000000000010111000000100 0000000000000000000000000000000000000000000000000011110000101001
0000000000000000000000000000000000000000000000000011011100100010 0000000000000000000000000000000000000000000000000010011100101100 0000000000000000000000000000000000000000000000000010010101111100 0000000000000000000000000000000000000000000000000010110101001100 0000000000000000000000000000000000000000000000000010111110100110 0000000000000000000000000000000000000000000000000010011000000010 0000000000000000000000000000000000000000000000000010010001000000 0000000000000000000000000000000000000000000000000010111100001001
0000000000000000000000000000000000000000000000000010100001011100 0000000000000000000000000000000000000000000000000010111110111110 0000000000000000000000000000000000000000000000000010101111010110 0000000000000000000000000000000000000000000000000011000011010011 0000000000000000000000000000000000000000000000000010011011101010 0000000000000000000000000000000000000000000000000011000101011011 0000000000000000000000000000000000000000000000000010100101001010 0000000000000000000000000000000000000000000000000011001011001001
0000000000000000000000000000000000000000000000000010010010010110 0000000000000000000000000000000000000000000000000100100010011101 0000000000000000000000000000000000000000000000000010101011010011 0000000000000000000000000000000000000000000000000011000111101111 0000000000000000000000000000000000000000000000000010110001010101 0000000000000000000000000000000000000000000000000011010100010010 0000000000000000000000000000000000000000000000000010111000101011 0000000000000000000000000000000000000000000000000010010001011001
0000000000000000000000000000000000000000000000000011100001011110 0000000000000000000000000000000000000000000000000010001100000000 0000000000000000000000000000000000000000000000000011010101101110 0000000000000000000000000000000000000000000000000010000010011101 0000000000000000000000000000000000000000000000000010111000000110 0000000000000000000000000000000000000000000000000011000111100000 0000000000000000000000000000000000000000000000000010111101000111 0000000000000000000000000000000000000000000000000010001100110010
0000000000000000000000000000000000000000000000000010100110010111 0000000000000000000000000000000000000000000000000011001110001101 0000000000000000000000000000000000000000000000000010010001000000 0000000000000000000000000000000000000000000000000010000110011000 0000000000000000000000000000000000000000000000000011011000110011 0000000000000000000000000000000000000000000000000011111000001010 0000000000000000000000000000000000000000000000000011000110000010 0000000000000000000000000000000000000000000000000010010110011011
0000000000000000000000000000000000000000000000000011000101111010 0000000000000000000000000000000000000000000000000011110101100011 0000000000000000000000000000000000000000000000000100011000000101 0000000000000000000000000000000000000000000000000010010101011000 0000000000000000000000000000000000000000000000000010111010110011 0000000000000000000000000000000000000000000000000010001100000000 0000000000000000000000000000000000000000000000000010001111010011 0000000000000000000000000000000000000000000000000010101001101110
0000000000000000000000000000000000000000000000000011011001101111 0000000000000000000000000000000000000000000000000010101010000110 0000000000000000000000000000000000000000000000000011110011100000 0000000000000000000000000000000000000000000000000010000101011100 0000000000000000000000000000000000000000000000000010111011001101 0000000000000000000000000000000000000000000000000010100100101000 0000000000000000000000000000000000000000000000000010110010000100 0000000000000000000000000000000000000000000000000010011111110101
0000000000000000000000000000000000000000000000000011000001111000 0000000000000000000000000000000000000000000000000100010111101001 0000000000000000000000000000000000000000000000000011100010111001 0000000000000000000000000000000000000000000000000010011011101111 0000000000000000000000000000000000000000000000000010000101100001 0000000000000000000000000000000000000000000000000010000000010010 0000000000000000000000000000000000000000000000000100000101010010 0000000000000000000000000000000000000000000000000100111010010111
0000000000000000000000000000000000000000000000000010111111100101 0000000000000000000000000000000000000000000000000011011000000111 0000000000000000000000000000000000000000000000000011101001010011 0000000000000000000000000000000000000000000000000011011101111001 0000000000000000000000000000000000000000000000000100000000001110 0000000000000000000000000000000000000000000000000011001110101001 0000000000000000000000000000000000000000000000000010100000000001 0000000000000000000000000000000000000000000000000011111110101001
0000000000000000000000000000000000000000000000000010100000001001 0000000000000000000000000000000000000000000000000010000011110110 0000000000000000000000000000000000000000000000000011100011100000 0000000000000000000000000000000000000000000000000011000110100111 0000000000000000000000000000000000000000000000000001111101111010 0000000000000000000000000000000000000000000000000100001001010010 0000000000000000000000000000000000000000000000000011001000000111 0000000000000000000000000000000000000000000000000010111011000100
0000000000000000000000000000000000000000000000010000001101000001 0000000000000000000000000000000000000000000000001111111101000101 0000000000000000000000000000000000000000000000001111011000000110 0000000000000000000000000000000000000000000000010000011000001101 0000000000000000000000000000000000000000000000010000010110111001 0000000000000000000000000000000000000000000000010000011000001011 0000000000000000000000000000000000000000000000001111101011100111 0000000000000000000000000000000000000000000000010000001111111000
0000000000000000000000000000000000000000000000010000110110011111 0000000000000000000000000000000000000000000000001110111111101000 0000000000000000000000000000000000000000000000001111011100010110 0000000000000000000000000000000000000000000000001111010101000100 0000000000000000000000000000000000000000000000010000011111001111 0000000000000000000000000000000000000000000000010000011010101110 0000000000000000000000000000000000000000000000001110100101011011 0000000000000000000000000000000000000000000000001111111110110100
0000000000000000000000000000000000000000000000001111001001011001 0000000000000000000000000000000000000000000000001111010111011100 0000000000000000000000000000000000000000000000010000001011110001 0000000000000000000000000000000000000000000000001111010101101011 0000000000000000000000000000000000000000000000001111101010101011 0000000000000000000000000000000000000000000000010000101011101011 0000000000000000000000000000000000000000000000010001111011011100 0000000000000000000000000000000000000000000000001111110110011010
0000000000000000000000000000000000000000000000010000001100100111 0000000000000000000000000000000000000000000000010000011001100010 0000000000000000000000000000000000000000000000001111001001110010 0000000000000000000000000000000000000000000000001111010000101010 0000000000000000000000000000000000000000000000001110111110111011 0000000000000000000000000000000000000000000000001111010111110001 0000000000000000000000000000000000000000000000001111011111111101 0000000000000000000000000000000000000000000000010000101100111001
0000000000000000000000000000000000000000000000001111100110111011 0000000000000000000000000000000000000000000000010000011000011110 0000000000000000000000000000000000000000000000010000100110001010 0000000000000000000000000000000000000000000000010000000111100001 0000000000000000000000000000000000000000000000001110000111011010 0000000000000000000000000000000000000000000000010000110001101101 0000000000000000000000000000000000000000000000001111010101000110 0000000000000000000000000000000000000000000000001111010100101100
0000000000000000000000000000000000000000000000010000000100101100 0000000000000000000000000000000000000000000000001110111110011011 0000000000000000000000000000000000000000000000001111110110110000 0000000000000000000000000000000000000000000000001110111001111001 0000000000000000000000000000000000000000000000001110101001100111 0000000000000000000000000000000000000000000000001110011011011011 0000000000000000000000000000000000000000000000010000101100101100 0000000000000000000000000000000000000000000000010000111000111101
0000000000000000000000000000000000000000000000001111000011101101 0000000000000000000000000000000000000000000000001111101101010011 0000000000000000000000000000000000000000000000010000001011011111 0000000000000000000000000000000000000000000000010000011001011011 0000000000000000000000000000000000000000000000010000000100000001 0000000000000000000000000000000000000000000000001110111010100101 0000000000000000000000000000000000000000000000001111010100001111 0000000000000000000000000000000000000000000000001111011011101010
0000000000000000000000000000000000000000000000001111100011011100 0000000000000000000000000000000000000000000000001111100011010111 0000000000000000000000000000000000000000000000010000110110011111 0000000000000000000000000000000000000000000000010000111000100111 0000000000000000000000000000000000000000000000010000001101000010 0000000000000000000000000000000000000000000000001111100011100011 0000000000000000000000000000000000000000000000010000000101011101 0000000000000000000000000000000000000000000000001111010101000111
0000000000000000000000000000000000000000000000000010000101001010 0000000000000000000000000000000000000000000000000010111100000000 0000000000000000000000000000000000000000000000000001001111000110 0000000000000000000000000000000000000000000000000000111010111011 0000000000000000000000000000000000000000000000000001000000001010 0000000000000000000000000000000000000000000000000000010110010111 0000000000000000000000000000000000000000000000000001001110110100 0000000000000000000000000000000000000000000000000000101110000101
0000000000000000000000000000000000000000000000000000000000000000 0000000000000000000000000000000000000000000000000001111100111001 0000000000000000000000000000000000000000000000000001011101010001 0000000000000000000000000000000000000000000000000000111011000011 0000000000000000000000000000000000000000000000000000000000000000 0000000000000000000000000000000000000000000000000001000010101100 0000000000000000000000000000000000000000000000000001000001100100 0000000000000000000000000000000000000000000000000001010001111111
0000000000000000000000000000000000000000000000000000101100110000 0000000000000000000000000000000000000000000000000001000010110100 0000000000000000000000000000000000000000000000000001010010001000 0000000000000000000000000000000000000000000000000001010110110110 0000000000000000000000000000000000000000000000000000101101011010 0000000000000000000000000000000000000000000000000001110100000110 0000000000000000000000000000000000000000000000000001011010011010 0000000000000000000000000000000000000000000000000001111010011011
0000000000000000000000000000000000000000000000000001010010010000 0000000000000000000000000000000000000000000000000000000000000000 0000000000000000000000000000000000000000000000000010010001010011 0000000000000000000000000000000000000000000000000001011001010011 0000000000000000000000000000000000000000000000000000110000000110 0000000000000000000000000000000000000000000000000001000110100111 0000000000000000000000000000000000000000000000000000001111010100 0000000000000000000000000000000000000000000000000001001010100010
0000000000000000000000000000000000000000000000000001010000100000 0000000000000000000000000000000000000000000000000001001110100010 0000000000000000000000000000000000000000000000000000100110101010 0000000000000000000000000000000000000000000000000001010110010101 0000000000000000000000000000000000000000000000000001101000110000 0000000000000000000000000000000000000000000000000001010100111010 0000000000000000000000000000000000000000000000000010110000110000 0000000000000000000000000000000000000000000000000001100001110110
0000000000000000000000000000000000000000000000000000110010001101 0000000000000000000000000000000000000000000000000001100011110001 0000000000000000000000000000000000000000000000000000000000000000 0000000000000000000000000000000000000000000000000010100001101100 0000000000000000000000000000000000000000000000000000101111101000 0000000000000000000000000000000000000000000000000000000000000000 0000000000000000000000000000000000000000000000000001100011010000 0000000000000000000000000000000000000000000000000000011010111111
0000000000000000000000000000000000000000000000000000000000000000 0000000000000000000000000000000000000000000000000010010011001110 0000000000000000000000000000000000000000000000000001101000000000 0000000000000000000000000000000000000000000000000000100100111011 0000000000000000000000000000000000000000000000000001101010000111 0000000000000000000000000000000000000000000000000001011110110101 0000000000000000000000000000000000000000000000000000110101110101 0000000000000000000000000000000000000000000000000000101100111001
0000000000000000000000000000000000000000000000000001000111001110 0000000000000000000000000000000000000000000000000000110100101101 0000000000000000000000000000000000000000000000000001001110010101 0000000000000000000000000000000000000000000000000001001000110000 0000000000000000000000000000000000000000000000000000100101011101 0000000000000000000000000000000000000000000000000001011001110010 0000000000000000000000000000000000000000000000000001001000110111 0000000000000000000000000000000000000000000000000010010000001011
0000000000000000000000000000000000000000000000000000000000000000 0000000000000000000000000000000000000000000000000000000000000000 0000000000000000000000000000000000000000000000000000000000000000 0000000000000000000000000000000000000000000000000000000000000000 0000000000000000000000000000000000000000000000000000000000000000 0000000000000000000000000000000000000000000000000000000000000000 0000000000000000000000000000000000000000000000000000000000000000 0000000000000000000000000000000000000000000000000000000000000000
0000000000000000000000000000000000000000000000000000000000000000 0000000000000000000000000000000000000000000000000000000000000000 0000000000000000000000000000000000000000000000000000000000000000 0000000000000000000000000000000000000000000000000000000000000000 0000000000000000000000000000000000000000000000000000000000000000 0000000000000000000000000000000000000000000000000000000000000000 0000000000000000000000000000000000000000000000000000000000000000 0000000000000000000000000000000000000000000000000000000000000000
0000000000000000000000000000000000000000000000000000000000000000 0000000000000000000000000000000000000000000000000000000000000000 0000000000000000000000000000000000000000000000000000000000000000 0000000000000000000000000000000000000000000000000000000000000000 0000000000000000000000000000000000000000000000000000000000000000 0000000000000000000000000000000000000000000000000000000000000000 0000000000000000000000000000000000000000000000000000000000000000 0000000000000000000000000000000000000000000000000000000000000000
0000000000000000000000000000000000000000000000000000000000000000 0000000000000000000000000000000000000000000000000000000000000000 0000000000000000000000000000000000000000000000000000000000000000 0000000000000000000000000000000000000000000000000000000000000000 0000000000000000000000000000000000000000000000000000000000000000 0000000000000000000000000000000000000000000000000000000000000000 0000000000000000000000000000000000000000000000000000000000000000 0000000000000000000000000000000000000000000000000000000000000000
0000000000000000000000000000000000000000000000000000000000000000 0000000000000000000000000000000000000000000000000000000000000000 0000000000000000000000000000000000000000000000000000000000000000 0000000000000000000000000000000000000000000000000000000000000000 0000000000000000000000000000000000000000000000000000000000000000 0000000000000000000000000000000000000000000000000000000000000000 0000000000000000000000000000000000000000000000000000000000000000 0000000000000000000000000000000000000000000000000000000000000000
0000000000000000000000000000000000000000000000000000000000000000 0000000000000000000000000000000000000000000000000000000000000000 0000000000000000000000000000000000000000000000000000000000000000 0000000000000000000000000000000000000000000000000000000000000000 0000000000000000000000000000000000000000000000000000000000000000 0000000000000000000000000000000000000000000000000000000000000000 0000000000000000000000000000000000000000000000000000000000000000 0000000000000000000000000000000000000000000000000000000000000000
0000000000000000000000000000000000000000000000000000000000000000 0000000000000000000000000000000000000000000000000000000000000000 0000000000000000000000000000000000000000000000000000000000000000 0000000000000000000000000000000000000000000000000000000000000000 0000000000000000000000000000000000000000000000000000000000000000 0000000000000000000000000000000000000000000000000000000000000000 0000000000000000000000000000000000000000000000000000000000000000 0000000000000000000000000000000000000000000000000000000000000000
0000000000000000000000000000000000000000000000000000000000000000 0000000000000000000000000000000000000000000000000000000000000000 0000000000000000000000000000000000000000000000000000000000000000 0000000000000000000000000000000000000000000000000000000000000000 0000000000000000000000000000000000000000000000000000000000000000 0000000000000000000000000000000000000000000000000000000000000000 0000000000000000000000000000000000000000000000000000000000000000 0000000000000000000000000000000000000000000000000000000000000000
0000000000000000000000000000000000000000000000000000000000000000 0000000000000000000000000000000000000000000000000000000000000000 0000000000000000000000000000000000000000000000000000000000000000 0000000000000000000000000000000000000000000000000000000000000000 0000000000000000000000000000000000000000000000000000000000000000 0000000000000000000000000000000000000000000000000000000000000000 0000000000000000000000000000000000000000000000000000000000000000 0000000000000000000000000000000000000000000000000000000000000000
0000000000000000000000000000000000000000000000000000000000000000 0000000000000000000000000000000000000000000000000000000000000000 0000000000000000000000000000000000000000000000000000000000000000 0000000000000000000000000000000000000000000000000000000000000000 0000000000000000000000000000000000000000000000000000000000000000 0000000000000000000000000000000000000000000000000000000000000000 0000000000000000000000000000000000000000000000000000000000000000 0000000000000000000000000000000000000000000000000000000000000000
0000000000000000000000000000000000000000000000000000000000000000 0000000000000000000000000000000000000000000000000000000000000000 0000000000000000000000000000000000000000000000000000000000000000 0000000000000000000000000000000000000000000000000000000000000000 0000000000000000000000000000000000000000000000000000000000000000 0000000000000000000000000000000000000000000000000000000000000000 0000000000000000000000000000000000000000000000000000000000000000 0000000000000000000000000000000000000000000000000000000000000000
0000000000000000000000000000000000000000000000000000000000000000 0000000000000000000000000000000000000000000000000000000000000000 0000000000000000000000000000000000000000000000000000000000000000 0000000000000000000000000000000000000000000000000000000000000000 0000000000000000000000000000000000000000000000000000000000000000 0000000000000000000000000000000000000000000000000000000000000000 0000000000000000000000000000000000000000000000000000000000000000 0000000000000000000000000000000000000000000000000000000000000000
0000000000000000000000000000000000000000000000000000000000000000 0000000000000000000000000000000000000000000000000000000000000000 0000000000000000000000000000000000000000000000000000000000000000 0000000000000000000000000000000000000000000000000000000000000000 0000000000000000000000000000000000000000000000000000000000000000 0000000000000000000000000000000000000000000000000000000000000000 0000000000000000000000000000000000000000000000000000000000000000 0000000000000000000000000000000000000000000000000000000000000000
0000000000000000000000000000000000000000000000000000000000000000 0000000000000000000000000000000000000000000000000000000000000000 0000000000000000000000000000000000000000000000000000000000000000 0000000000000000000000000000000000000000000000000000000000000000 0000000000000000000000000000000000000000000000000000000000000000 0000000000000000000000000000000000000000000000000000000000000000 0000000000000000000000000000000000000000000000000000000000000000 0000000000000000000000000000000000000000000000000000000000000000
0000000000000000000000000000000000000000000000000000000000000000 0000000000000000000000000000000000000000000000000000000000000000 0000000000000000000000000000000000000000000000000000000000000000 0000000000000000000000000000000000000000000000000000000000000000 0000000000000000000000000000000000000000000000000000000000000000 0000000000000000000000000000000000000000000000000000000000000000 0000000000000000000000000000000000000000000000000000000000000000 0000000000000000000000000000000000000000000000000000000000000000
0000000000000000000000000000000000000000000000000000000000000000 0000000000000000000000000000000000000000000000000000000000000000 0000000000000000000000000000000000000000000000000000000000000000 0000000000000000000000000000000000000000000000000000000000000000 0000000000000000000000000000000000000000000000000000000000000000 0000000000000000000000000000000000000000000000000000000000000000 0000000000000000000000000000000000000000000000000000000000000000 0000000000000000000000000000000000000000000000000000000000000000
0000000000000000000000000000000000000000000000000011010001010101 0000000000000000000000000000000000000000000000000011011010111111 0000000000000000000000000000000000000000000000000011010110001000 0000000000000000000000000000000000000000000000000011010000101101 0000000000000000000000000000000000000000000000000101110100111100 0000000000000000000000000000000000000000000000000100010010001101 0000000000000000000000000000000000000000000000000011100000001100 0000000000000000000000000000000000000000000000000010110001011101
0000000000000000000000000000000000000000000000000011011101010001 0000000000000000000000000000000000000000000000000011100101111000 0000000000000000000000000000000000000000000000000011111001000101 0000000000000000000000000000000000000000000000000011101001001110 0000000000000000000000000000000000000000000000000010110011011111 0000000000000000000000000000000000000000000000000011111101011101 0000000000000000000000000000000000000000000000000010111001110001 0000000000000000000000000000000000000000000000000010111100000100
0000000000000000000000000000000000000000000000000011010010011100 0000000000000000000000000000000000000000000000000010110101101110 0000000000000000000000000000000000000000000000000011110011000111 0000000000000000000000000000000000000000000000000011100101110111 0000000000000000000000000000000000000000000000000010111000000101 0000000000000000000000000000000000000000000000000011111100110110 0000000000000000000000000000000000000000000000000011101111110001 0000000000000000000000000000000000000000000000000011010110101111
0000000000000000000000000000000000000000000000000010100111100101 0000000000000000000000000000000000000000000000000101100101001101 0000000000000000000000000000000000000000000000000010110100110000 0000000000000000000000000000000000000000000000000010100001011101 0000000000000000000000000000000000000000000000000100100011111011 0000000000000000000000000000000000000000000000000011011011110011 0000000000000000000000000000000000000000000000000011001111001010 0000000000000000000000000000000000000000000000000011110111010001
0000000000000000000000000000000000000000000000000010111000001100 0000000000000000000000000000000000000000000000000011110011010101 0000000000000000000000000000000000000000000000000010101011110010 0000000000000000000000000000000000000000000000000011111011000010 0000000000000000000000000000000000000000000000000100011101110111 0000000000000000000000000000000000000000000000000010110000011101 0000000000000000000000000000000000000000000000000011010101001011 0000000000000000000000000000000000000000000000000011001101100111
0000000000000000000000000000000000000000000000000010111110100110 0000000000000000000000000000000000000000000000000011111000010010 0000000000000000000000000000000000000000000000000100000100110110 0000000000000000000000000000000000000000000000000011110101101110 0000000000000000000000000000000000000000000000000011111100001001 0000000000000000000000000000000000000000000000000010111011000000 0000000000000000000000000000000000000000000000000010101101111011 0000000000000000000000000000000000000000000000000011110100111010
0000000000000000000000000000000000000000000000000011011100100100 0000000000000000000000000000000000000000000000000011010111010011 0000000000000000000000000000000000000000000000000010101111010010 0000000000000000000000000000000000000000000000000011101011111111 0000000000000000000000000000000000000000000000000011010010111010 0000000000000000000000000000000000000000000000000011000011110010 0000000000000000000000000000000000000000000000000010111100011000 0000000000000000000000000000000000000000000000000100111011010101
0000000000000000000000000000000000000000000000000010111010100101 0000000000000000000000000000000000000000000000000010001011011100 0000000000000000000000000000000000000000000000000100000011001011 0000000000000000000000000000000000000000000000000010110100111101 0000000000000000000000000000000000000000000000000100010000111110 0000000000000000000000000000000000000000000000000011101000101010 0000000000000000000000000000000000000000000000000011001111100111 0000000000000000000000000000000000000000000000000011101101110000
0000000000000000000000000000000000000000000000000000000000000000 0000000000000000000000000000000000000000000000000000000000000000 0000000000000000000000000000000000000000000000000000000000000000 0000000000000000000000000000000000000000000000000000000000000000 0000000000000000000000000000000000000000000000000000000000000000 0000000000000000000000000000000000000000000000000000000000000000 0000000000000000000000000000000000000000000000000000000000000000 0000000000000000000000000000000000000000000000000000000000000000
0000000000000000000000000000000000000000000000000000000000000000 0000000000000000000000000000000000000000000000000000000000000000 0000000000000000000000000000000000000000000000000000000000000000 0000000000000000000000000000000000000000000000000000000000000000 0000000000000000000000000000000000000000000000000000000000000000 0000000000000000000000000000000000000000000000000000000000000000 0000000000000000000000000000000000000000000000000000000000000000 0000000000000000000000000000000000000000000000000000000000000000
0000000000000000000000000000000000000000000000000000000000000000 0000000000000000000000000000000000000000000000000000000000000000 0000000000000000000000000000000000000000000000000000000000000000 0000000000000000000000000000000000000000000000000000000000000000 0000000000000000000000000000000000000000000000000000000000000000 0000000000000000000000000000000000000000000000000000000000000000 0000000000000000000000000000000000000000000000000000000000000000 0000000000000000000000000000000000000000000000000000000000000000
0000000000000000000000000000000000000000000000000000000000000000 0000000000000000000000000000000000000000000000000000000000000000 0000000000000000000000000000000000000000000000000000000000000000 0000000000000000000000000000000000000000000000000000000000000000 0000000000000000000000000000000000000000000000000000000000000000 0000000000000000000000000000000000000000000000000000000000000000 0000000000000000000000000000000000000000000000000000000000000000 0000000000000000000000000000000000000000000000000000000000000000
0000000000000000000000000000000000000000000000000000000000000000 0000000000000000000000000000000000000000000000000000000000000000 0000000000000000000000000000000000000000000000000000000000000000 0000000000000000000000000000000000000000000000000000000000000000 0000000000000000000000000000000000000000000000000000000000000000 0000000000000000000000000000000000000000000000000000000000000000 0000000000000000000000000000000000000000000000000000000000000000 0000000000000000000000000000000000000000000000000000000000000000
0000000000000000000000000000000000000000000000000000000000000000 0000000000000000000000000000000000000000000000000000000000000000 0000000000000000000000000000000000000000000000000000000000000000 0000000000000000000000000000000000000000000000000000000000000000 0000000000000000000000000000000000000000000000000000000000000000 0000000000000000000000000000000000000000000000000000000000000000 0000000000000000000000000000000000000000000000000000000000000000 0000000000000000000000000000000000000000000000000000000110100110
0000000000000000000000000000000000000000000000000000000000000000 0000000000000000000000000000000000000000000000000000000000000000 0000000000000000000000000000000000000000000000000000000000000000 0000000000000000000000000000000000000000000000000000000000000000 0000000000000000000000000000000000000000000000000000000000000000 0000000000000000000000000000000000000000000000000000000000000000 0000000000000000000000000000000000000000000000000000000000000000 0000000000000000000000000000000000000000000000000000000000000000
0000000000000000000000000000000000000000000000000000000000000000 0000000000000000000000000000000000000000000000000000000000000000 0000000000000000000000000000000000000000000000000000000000000000 0000000000000000000000000000000000000000000000000000000000000000 0000000000000000000000000000000000000000000000000000000000000000 0000000000000000000000000000000000000000000000000000000000000000 0000000000000000000000000000000000000000000000000000000000000000 0000000000000000000000000000000000000000000000000000000000000000
0000000000000000000000000000000000000000000000000000000000000000 0000000000000000000000000000000000000000000000000000000000000000 0000000000000000000000000000000000000000000000000000000000000000 0000000000000000000000000000000000000000000000000000000000000000 0000000000000000000000000000000000000000000000000000011001101000 0000000000000000000000000000000000000000000000000000000000000000 0000000000000000000000000000000000000000000000000000000000000000 0000000000000000000000000000000000000000000000000000000000000000
0000000000000000000000000000000000000000000000000000000000000000 0000000000000000000000000000000000000000000000000000000000000000 0000000000000000000000000000000000000000000000000000000000000000 0000000000000000000000000000000000000000000000000000000000000000 0000000000000000000000000000000000000000000000000000000000000000 0000000000000000000000000000000000000000000000000000000000000000 0000000000000000000000000000000000000000000000000000000000000000 0000000000000000000000000000000000000000000000000000000000000000
0000000000000000000000000000000000000000000000000000000000000000 0000000000000000000000000000000000000000000000000000000000000000 0000000000000000000000000000000000000000000000000000000000000000 0000000000000000000000000000000000000000000000000000000000000000 0000000000000000000000000000000000000000000000000000000000000000 0000000000000000000000000000000000000000000000000000000000000000 0000000000000000000000000000000000000000000000000000000000000000 0000000000000000000000000000000000000000000000000000000000000000
0000000000000000000000000000000000000000000000000000000000000000 0000000000000000000000000000000000000000000000000000000000000000 0000000000000000000000000000000000000000000000000000000000000000 0000000000000000000000000000000000000000000000000000000000000000 0000000000000000000000000000000000000000000000000000000000000000 0000000000000000000000000000000000000000000000000000000000000000 0000000000000000000000000000000000000000000000000000000000000000 0000000000000000000000000000000000000000000000000000000000000000
0000000000000000000000000000000000000000000000000000000000000000 0000000000000000000000000000000000000000000000000000000000000000 0000000000000000000000000000000000000000000000000000000000000000 0000000000000000000000000000000000000000000000000000000000000000 0000000000000000000000000000000000000000000000000000000000000000 0000000000000000000000000000000000000000000000000000000000000000 0000000000000000000000000000000000000000000000000000000000000000 0000000000000000000000000000000000000000000000000000000000000000
0000000000000000000000000000000000000000000000000000000000000000 0000000000000000000000000000000000000000000000000000000000000000 0000000000000000000000000000000000000000000000000000000000000000 0000000000000000000000000000000000000000000000000000000000000000 0000000000000000000000000000000000000000000000000000000000000000 0000000000000000000000000000000000000000000000000000000000000000 0000000000000000000000000000000000000000000000000000000000000000 0000000000000000000000000000000000000000000000000000000000000000
0000000000000000000000000000000000000000000000000000000000000000 0000000000000000000000000000000000000000000000000000000000000000 0000000000000000000000000000000000000000000000000000000000000000 0000000000000000000000000000000000000000000000000000000000000000 0000000000000000000000000000000000000000000000000000000000000000 0000000000000000000000000000000000000000000000000000000000000000 0000000000000000000000000000000000000000000000000000000000000000 0000000000000000000000000000000000000000000000000000000000000000
0000000000000000000000000000000000000000000000000000000000000000 0000000000000000000000000000000000000000000000000000000000000000 0000000000000000000000000000000000000000000000000000000000000000 0000000000000000000000000000000000000000000000000000000000000000 0000000000000000000000000000000000000000000000000000000000000000 0000000000000000000000000000000000000000000000000000000000000000 0000000000000000000000000000000000000000000000000000000000000000 0000000000000000000000000000000000000000000000000000000000000000
0000000000000000000000000000000000000000000000010001000101100111 0000000000000000000000000000000000000000000000001111100001010001 0000000000000000000000000000000000000000000000001111101111110001 0000000000000000000000000000000000000000000000010000001101001101 0000000000000000000000000000000000000000000000010001000101001110 0000000000000000000000000000000000000000000000001111111101011011 0000000000000000000000000000000000000000000000001111111011010111 0000000000000000000000000000000000000000000000010000111010000001
0000000000000000000000000000000000000000000000010001010101100001 0000000000000000000000000000000000000000000000001111101111001101 0000000000000000000000000000000000000000000000001111000010010100 0000000000000000000000000000000000000000000000001111000111000011 0000000000000000000000000000000000000000000000010000000001101101 0000000000000000000000000000000000000000000000001111100111100111 0000000000000000000000000000000000000000000000001111110000110010 0000000000000000000000000000000000000000000000010000101001010111
0000000000000000000000000000000000000000000000001111010011110010 0000000000000000000000000000000000000000000000001111111010111010 0000000000000000000000000000000000000000000000010000001011000111 0000000000000000000000000000000000000000000000010000010011100011 0000000000000000000000000000000000000000000000001111101100000011 0000000000000000000000000000000000000000000000010000010110111000 0000000000000000000000000000000000000000000000010000010101111000 0000000000000000000000000000000000000000000000010000000011111000
0000000000000000000000000000000000000000000000010000011010010000 0000000000000000000000000000000000000000000000001111101000011000 0000000000000000000000000000000000000000000000001110111010100111 0000000000000000000000000000000000000000000000010000011001101100 0000000000000000000000000000000000000000000000001111001011101111 0000000000000000000000000000000000000000000000010000100010000111 0000000000000000000000000000000000000000000000001111001111001100 0000000000000000000000000000000000000000000000001111100011100011
0000000000000000000000000000000000000000000000001111111100101000 0000000000000000000000000000000000000000000000010000100111000001 0000000000000000000000000000000000000000000000001111101111100111 0000000000000000000000000000000000000000000000001111110001011000 0000000000000000000000000000000000000000000000001111011111100101 0000000000000000000000000000000000000000000000001111111000001111 0000000000000000000000000000000000000000000000001111111000010011 0000000000000000000000000000000000000000000000001111010110100010
0000000000000000000000000000000000000000000000010000101000001101 0000000000000000000000000000000000000000000000001111001001101101 0000000000000000000000000000000000000000000000001111010111111111 0000000000000000000000000000000000000000000000010000011100100010 0000000000000000000000000000000000000000000000001111000011111010 0000000000000000000000000000000000000000000000010000010110100011 0000000000000000000000000000000000000000000000001111111001001100 0000000000000000000000000000000000000000000000010000111110010100
0000000000000000000000000000000000000000000000001111111110001000 0000000000000000000000000000000000000000000000001111110101001111 0000000000000000000000000000000000000000000000001111011100110111 0000000000000000000000000000000000000000000000001111110110110010 0000000000000000000000000000000000000000000000001111111100001110 0000000000000000000000000000000000000000000000010000001111110110 0000000000000000000000000000000000000000000000001111011110001100 0000000000000000000000000000000000000000000000010000110111000110
0000000000000000000000000000000000000000000000010000011101101001 0000000000000000000000000000000000000000000000010001101111000101 0000000000000000000000000000000000000000000000001111111101101110 0000000000000000000000000000000000000000000000001111100110110001 0000000000000000000000000000000000000000000000010000001011101001 0000000000000000000000000000000000000000000000010001101100100111 0000000000000000000000000000000000000000000000001111001101111000 0000000000000000000000000000000000000000000000001111011011110100
0000000000000000000000000000000000000000000000000000000000000000 0000000000000000000000000000000000000000000000000000000000000000 0000000000000000000000000000000000000000000000000000000000000000 0000000000000000000000000000000000000000000000000000000000000000 0000000000000000000000000000000000000000000000000000000000000000 0000000000000000000000000000000000000000000000000000000000000000 0000000000000000000000000000000000000000000000000000000000000000 0000000000000000000000000000000000000000000000000000000000000000
0000000000000000000000000000000000000000000000000000000000000000 0000000000000000000000000000000000000000000000000000000000000000 0000000000000000000000000000000000000000000000000000000000000000 0000000000000000000000000000000000000000000000000000000000000000 0000000000000000000000000000000000000000000000000000000000000000 0000000000000000000000000000000000000000000000000000000000000000 0000000000000000000000000000000000000000000000000000000000000000 0000000000000000000000000000000000000000000000000000000000000000
0000000000000000000000000000000000000000000000000000000000000000 0000000000000000000000000000000000000000000000000000000000000000 0000000000000000000000000000000000000000000000000000000000000000 0000000000000000000000000000000000000000000000000000000000000000 0000000000000000000000000000000000000000000000000000000000000000 0000000000000000000000000000000000000000000000000000000000000000 0000000000000000000000000000000000000000000000000000000000000000 0000000000000000000000000000000000000000000000000000000000000000
0000000000000000000000000000000000000000000000000000000000000000 0000000000000000000000000000000000000000000000000000000000000000 0000000000000000000000000000000000000000000000000000000000000000 0000000000000000000000000000000000000000000000000000000000000000 0000000000000000000000000000000000000000000000000000000000000000 0000000000000000000000000000000000000000000000000000000000000000 0000000000000000000000000000000000000000000000000000000000000000 0000000000000000000000000000000000000000000000000000000000000000
0000000000000000000000000000000000000000000000000000000000000000 0000000000000000000000000000000000000000000000000000000000000000 0000000000000000000000000000000000000000000000000000000000000000 0000000000000000000000000000000000000000000000000000000000000000 0000000000000000000000000000000000000000000000000000000000000000 0000000000000000000000000000000000000000000000000000000000000000 0000000000000000000000000000000000000000000000000000000000000000 0000000000000000000000000000000000000000000000000000000000000000
0000000000000000000000000000000000000000000000000000000000000000 0000000000000000000000000000000000000000000000000000000000000000 0000000000000000000000000000000000000000000000000000000000000000 0000000000000000000000000000000000000000000000000000000000000000 0000000000000000000000000000000000000000000000000000000000000000 0000000000000000000000000000000000000000000000000000000000000000 0000000000000000000000000000000000000000000000000000000000000000 0000000000000000000000000000000000000000000000000000000000000000
0000000000000000000000000000000000000000000000000000000000000000 0000000000000000000000000000000000000000000000000000000000000000 0000000000000000000000000000000000000000000000000000000000000000 0000000000000000000000000000000000000000000000000000000000000000 0000000000000000000000000000000000000000000000000000000000000000 0000000000000000000000000000000000000000000000000000000000000000 0000000000000000000000000000000000000000000000000000000000000000 0000000000000000000000000000000000000000000000000000000000000000
0000000000000000000000000000000000000000000000000000000000000000 0000000000000000000000000000000000000000000000000000000000000000 0000000000000000000000000000000000000000000000000000000000000000 0000000000000000000000000000000000000000000000000000000000000000 0000000000000000000000000000000000000000000000000000000000000000 0000000000000000000000000000000000000000000000000000000000000000 0000000000000000000000000000000000000000000000000000000000000000 0000000000000000000000000000000000000000000000000000000000000000
0000000000000000000000000000000000000000000000001000011101000001 0000000000000000000000000000000000000000000000001000101101000001 0000000000000000000000000000000000000000000000001000011110111000 0000000000000000000000000000000000000000000000001000011011010000 0000000000000000000000000000000000000000000000001000111110110010 0000000000000000000000000000000000000000000000000111110011100111 0000000000000000000000000000000000000000000000000111011110111100 0000000000000000000000000000000000000000000000000111111110110011
0000000000000000000000000000000000000000000000000111100101101101 0000000000000000000000000000000000000000000000000111110110001011 0000000000000000000000000000000000000000000000000111001100010000 0000000000000000000000000000000000000000000000001000001000100000 0000000000000000000000000000000000000000000000001000001110001001 0000000000000000000000000000000000000000000000001001011000011011 0000000000000000000000000000000000000000000000000111110010110110 0000000000000000000000000000000000000000000000001000110001011111
0000000000000000000000000000000000000000000000001001101010011100 0000000000000000000000000000000000000000000000000111111001110101 0000000000000000000000000000000000000000000000001000110010001011 0000000000000000000000000000000000000000000000000111110100001010 0000000000000000000000000000000000000000000000001000011011010001 0000000000000000000000000000000000000000000000001001001110011111 0000000000000000000000000000000000000000000000001000101101111011 0000000000000000000000000000000000000000000000001001001000100110
0000000000000000000000000000000000000000000000001000000010110001 0000000000000000000000000000000000000000000000000111100101000110 0000000000000000000000000000000000000000000000000111100111111111 0000000000000000000000000000000000000000000000001000001101000100 0000000000000000000000000000000000000000000000001000101100001010 0000000000000000000000000000000000000000000000000111011100100010 0000000000000000000000000000000000000000000000000111111010000000 0000000000000000000000000000000000000000000000001000010101110000
0000000000000000000000000000000000000000000000001000011010000111 0000000000000000000000000000000000000000000000001000110000010000 0000000000000000000000000000000000000000000000000111100001110010 0000000000000000000000000000000000000000000000001001010001111101 0000000000000000000000000000000000000000000000001000100011100101 0000000000000000000000000000000000000000000000000111111110001101 0000000000000000000000000000000000000000000000001000101010011010 0000000000000000000000000000000000000000000000001000000100110100
0000000000000000000000000000000000000000000000001000010010001101 0000000000000000000000000000000000000000000000001000011001010001 0000000000000000000000000000000000000000000000001000101101011010 0000000000000000000000000000000000000000000000000111110010110011 0000000000000000000000000000000000000000000000001000101110100001 0000000000000000000000000000000000000000000000000111111110101100 0000000000000000000000000000000000000000000000001001011001111111 0000000000000000000000000000000000000000000000001000110011001011
0000000000000000000000000000000000000000000000001000100010010000 0000000000000000000000000000000000000000000000001000001101010000 0000000000000000000000000000000000000000000000001000001000011110 0000000000000000000000000000000000000000000000001000111010100001 0000000000000000000000000000000000000000000000000111101011011000 0000000000000000000000000000000000000000000000000111000010111110 0000000000000000000000000000000000000000000000000111011001101111 0000000000000000000000000000000000000000000000000111101000001010
0000000000000000000000000000000000000000000000000111100110111000 0000000000000000000000000000000000000000000000000111111000111110 0000000000000000000000000000000000000000000000001001011000111111 0000000000000000000000000000000000000000000000001000011110011011 0000000000000000000000000000000000000000000000001000100100111111 0000000000000000000000000000000000000000000000001001000001111111 0000000000000000000000000000000000000000000000000111100011111101 0000000000000000000000000000000000000000000000001001100101111101
0000000000000000000000000000000000000000000000000000000000000000 0000000000000000000000000000000000000000000000000000000000000000 0000000000000000000000000000000000000000000000000000000000000000 0000000000000000000000000000000000000000000000000000000000000000 0000000000000000000000000000000000000000000000000000000000000000 0000000000000000000000000000000000000000000000000000000000000000 0000000000000000000000000000000000000000000000000000000000000000 0000000000000000000000000000000000000000000000000000000000000000
0000000000000000000000000000000000000000000000000000000000000000 0000000000000000000000000000000000000000000000000000000000000000 0000000000000000000000000000000000000000000000000000000000000000 0000000000000000000000000000000000000000000000000000000000000000 0000000000000000000000000000000000000000000000000000000000000000 0000000000000000000000000000000000000000000000000000000000000000 0000000000000000000000000000000000000000000000000000000000000000 0000000000000000000000000000000000000000000000000000000000000000
0000000000000000000000000000000000000000000000000000000000000000 0000000000000000000000000000000000000000000000000000000000000000 0000000000000000000000000000000000000000000000000000000000000000 0000000000000000000000000000000000000000000000000000000000000000 0000000000000000000000000000000000000000000000000000000000000000 0000000000000000000000000000000000000000000000000000000000000000 0000000000000000000000000000000000000000000000000000000000000000 0000000000000000000000000000000000000000000000000000000000000000
0000000000000000000000000000000000000000000000000000000000000000 0000000000000000000000000000000000000000000000000000000000000000 0000000000000000000000000000000000000000000000000000000000000000 0000000000000000000000000000000000000000000000000000000000000000 0000000000000000000000000000000000000000000000000000000000000000 0000000000000000000000000000000000000000000000000000000000000000 0000000000000000000000000000000000000000000000000000000000000000 0000000000000000000000000000000000000000000000000000000000000000
0000000000000000000000000000000000000000000000000000000000000000 0000000000000000000000000000000000000000000000000000000000000000 0000000000000000000000000000000000000000000000000000000000000000 0000000000000000000000000000000000000000000000000000000000000000 0000000000000000000000000000000000000000000000000000000000000000 0000000000000000000000000000000000000000000000000000000000000000 0000000000000000000000000000000000000000000000000000000000000000 0000000000000000000000000000000000000000000000000000000000000000
0000000000000000000000000000000000000000000000000000000000000000 0000000000000000000000000000000000000000000000000000000000000000 0000000000000000000000000000000000000000000000000000000000000000 0000000000000000000000000000000000000000000000000000000000000000 0000000000000000000000000000000000000000000000000000000000000000 0000000000000000000000000000000000000000000000000000000000000000 0000000000000000000000000000000000000000000000000000000000000000 0000000000000000000000000000000000000000000000000000000000000000
0000000000000000000000000000000000000000000000000000000000000000 0000000000000000000000000000000000000000000000000000000000000000 0000000000000000000000000000000000000000000000000000000000000000 0000000000000000000000000000000000000000000000000000000000000000 0000000000000000000000000000000000000000000000000000000000000000 0000000000000000000000000000000000000000000000000000000000000000 0000000000000000000000000000000000000000000000000000000000000000 0000000000000000000000000000000000000000000000000000000000000000
0000000000000000000000000000000000000000000000000000000000000000 0000000000000000000000000000000000000000000000000000000000000000 0000000000000000000000000000000000000000000000000000000000000000 0000000000000000000000000000000000000000000000000000000000000000 0000000000000000000000000000000000000000000000000000000000000000 0000000000000000000000000000000000000000000000000000000000000000 0000000000000000000000000000000000000000000000000000000000000000 0000000000000000000000000000000000000000000000000000000000000000
0000000000000000000000000000000000000000000000000000000000000000 0000000000000000000000000000000000000000000000000000000000000000 0000000000000000000000000000000000000000000000000000000000000000 0000000000000000000000000000000000000000000000000000000000000000 0000000000000000000000000000000000000000000000000000000000000000 0000000000000000000000000000000000000000000000000000000000000000 0000000000000000000000000000000000000000000000000000000000000000 0000000000000000000000000000000000000000000000000000000000000000
0000000000000000000000000000000000000000000000000000000000000000 0000000000000000000000000000000000000000000000000000000000000000 0000000000000000000000000000000000000000000000000000000000000000 0000000000000000000000000000000000000000000000000000000000000000 0000000000000000000000000000000000000000000000000000000000000000 0000000000000000000000000000000000000000000000000000000000000000 0000000000000000000000000000000000000000000000000000000000000000 0000000000000000000000000000000000000000000000000000000000000000
0000000000000000000000000000000000000000000000000000000000000000 0000000000000000000000000000000000000000000000000000000000000000 0000000000000000000000000000000000000000000000000000000000000000 0000000000000000000000000000000000000000000000000000000000000000 0000000000000000000000000000000000000000000000000000000000000000 0000000000000000000000000000000000000000000000000000000000000000 0000000000000000000000000000000000000000000000000000000000000000 0000000000000000000000000000000000000000000000000000000000000000
0000000000000000000000000000000000000000000000000000000000000000 0000000000000000000000000000000000000000000000000000000000000000 0000000000000000000000000000000000000000000000000000000000000000 0000000000000000000000000000000000000000000000000000000000000000 0000000000000000000000000000000000000000000000000000000000000000 0000000000000000000000000000000000000000000000000000000000000000 0000000000000000000000000000000000000000000000000000000000000000 0000000000000000000000000000000000000000000000000000000000000000
0000000000000000000000000000000000000000000000000000000000000000 0000000000000000000000000000000000000000000000000000000000000000 0000000000000000000000000000000000000000000000000000000000000000 0000000000000000000000000000000000000000000000000000000000000000 0000000000000000000000000000000000000000000000000000000000000000 0000000000000000000000000000000000000000000000000000000000000000 0000000000000000000000000000000000000000000000000000000000000000 0000000000000000000000000000000000000000000000000000000000000000
0000000000000000000000000000000000000000000000000000000000000000 0000000000000000000000000000000000000000000000000000000000000000 0000000000000000000000000000000000000000000000000000000000000000 0000000000000000000000000000000000000000000000000000000000000000 0000000000000000000000000000000000000000000000000000000000000000 0000000000000000000000000000000000000000000000000000000000000000 0000000000000000000000000000000000000000000000000000000000000000 0000000000000000000000000000000000000000000000000000000000000000
0000000000000000000000000000000000000000000000000000000000000000 0000000000000000000000000000000000000000000000000000000000000000 0000000000000000000000000000000000000000000000000000000000000000 0000000000000000000000000000000000000000000000000000000000000000 0000000000000000000000000000000000000000000000000000000000000000 0000000000000000000000000000000000000000000000000000000000000000 0000000000000000000000000000000000000000000000000000000000000000 0000000000000000000000000000000000000000000000000000000000000000
0000000000000000000000000000000000000000000000000000000000000000 0000000000000000000000000000000000000000000000000000000000000000 0000000000000000000000000000000000000000000000000000000000000000 0000000000000000000000000000000000000000000000000000000000000000 0000000000000000000000000000000000000000000000000000000000000000 0000000000000000000000000000000000000000000000000000000000000000 0000000000000000000000000000000000000000000000000000000000000000 0000000000000000000000000000000000000000000000000000000000000000
