281563 470495 400943 307632
398590 509068 412085 360139
411696 357126 483703 531791
339781 312471 447710 558054

732350 725569 784062 724850
772769 694951 736060 616327
636251 673245 627411 541084
551789 721314 769186 679708

0 0 0 0
0 0 0 0
0 0 0 0
0 0 0 0

1112969 1133092 1302592 1203274
1052246 1156361 1204645 1194222
1038796 1180103 1262115 1340091
976994 1132642 1183871 1276456

0 0 0 0
0 0 0 0
0 0 0 0
0 0 0 0

0 0 0 0
0 0 0 0
0 0 0 0
0 0 0 0

1957226 2023741 2056158 2097146
2037991 2162110 2102315 2029123
2102945 2129969 2226167 2038023
2006642 1974155 2066590 2071285

0 0 0 0
0 0 0 0
0 0 0 0
0 0 0 0

0 0 0 0
0 0 0 0
0 0 0 0
0 0 0 0

1960490 2013795 2034391 2104219
1976781 1955538 2022820 1985516
1994798 2044189 1998103 1870293
1967442 2019784 2032361 1922908

0 0 0 0
0 0 0 0
0 0 0 0
0 0 0 0

0 0 0 0
0 0 0 0
0 0 0 0
0 0 0 0

0 0 0 0
0 0 0 0
0 0 0 0
0 0 0 0

2139121 2255968 2210490 2278208
2226393 2341664 2385628 2273145
2305994 2277256 2486769 2318891
2210805 2161057 2281267 2217251

0 0 0 52301
0 0 82659 101106
0 0 75553 19448
0 0 13492 0

0 0 0 0
0 0 0 0
0 0 0 0
0 0 0 0

