0000000000000000000000000000000000000000000001000100101111011011 0000000000000000000000000000000000000000000001110010110111011111 0000000000000000000000000000000000000000000001100001111000101111 0000000000000000000000000000000000000000000001001011000110110000
0000000000000000000000000000000000000000000001100001010011111110 0000000000000000000000000000000000000000000001111100010010001100 0000000000000000000000000000000000000000000001100100100110110101 0000000000000000000000000000000000000000000001010111111011001011
0000000000000000000000000000000000000000000001100100100000110000 0000000000000000000000000000000000000000000001010111001100000110 0000000000000000000000000000000000000000000001110110000101110111 0000000000000000000000000000000000000000000010000001110101001111
0000000000000000000000000000000000000000000001010010111101000101 0000000000000000000000000000000000000000000001001100010010010111 0000000000000000000000000000000000000000000001101101010011011110 0000000000000000000000000000000000000000000010001000001111100110
0000000000000000000000000000000000000000000010110010110010111110 0000000000000000000000000000000000000000000010110001001001000001 0000000000000000000000000000000000000000000010111111011010111110 0000000000000000000000000000000000000000000010110000111101110010
0000000000000000000000000000000000000000000010111100101010100001 0000000000000000000000000000000000000000000010101001101010100111 0000000000000000000000000000000000000000000010110011101100111100 0000000000000000000000000000000000000000000010010110011110000111
0000000000000000000000000000000000000000000010011011010101011011 0000000000000000000000000000000000000000000010100100010111011101 0000000000000000000000000000000000000000000010011001001011010011 0000000000000000000000000000000000000000000010000100000110011100
0000000000000000000000000000000000000000000010000110101101101101 0000000000000000000000000000000000000000000010110000000110100010 0000000000000000000000000000000000000000000010111011110010100010 0000000000000000000000000000000000000000000010100101111100011100
0000000000000000000000000000000000000000000000000000000000000000 0000000000000000000000000000000000000000000000000000000000000000 0000000000000000000000000000000000000000000000000000000000000000 0000000000000000000000000000000000000000000000000000000000000000
0000000000000000000000000000000000000000000000000000000000000000 0000000000000000000000000000000000000000000000000000000000000000 0000000000000000000000000000000000000000000000000000000000000000 0000000000000000000000000000000000000000000000000000000000000000
0000000000000000000000000000000000000000000000000000000000000000 0000000000000000000000000000000000000000000000000000000000000000 0000000000000000000000000000000000000000000000000000000000000000 0000000000000000000000000000000000000000000000000000000000000000
0000000000000000000000000000000000000000000000000000000000000000 0000000000000000000000000000000000000000000000000000000000000000 0000000000000000000000000000000000000000000000000000000000000000 0000000000000000000000000000000000000000000000000000000000000000
0000000000000000000000000000000000000000000100001111101110001001 0000000000000000000000000000000000000000000100010100101000100100 0000000000000000000000000000000000000000000100111110000001000000 0000000000000000000000000000000000000000000100100101110001001010
0000000000000000000000000000000000000000000100000000111001010110 0000000000000000000000000000000000000000000100011010010100001001 0000000000000000000000000000000000000000000100100110000110100101 0000000000000000000000000000000000000000000100100011100011101110
0000000000000000000000000000000000000000000011111101100111001100 0000000000000000000000000000000000000000000100100000000111000111 0000000000000000000000000000000000000000000100110100001000100011 0000000000000000000000000000000000000000000101000111001010111011
0000000000000000000000000000000000000000000011101110100001100010 0000000000000000000000000000000000000000000100010100100001100010 0000000000000000000000000000000000000000000100100001000001111111 0000000000000000000000000000000000000000000100110111101000101000
0000000000000000000000000000000000000000000000000000000000000000 0000000000000000000000000000000000000000000000000000000000000000 0000000000000000000000000000000000000000000000000000000000000000 0000000000000000000000000000000000000000000000000000000000000000
0000000000000000000000000000000000000000000000000000000000000000 0000000000000000000000000000000000000000000000000000000000000000 0000000000000000000000000000000000000000000000000000000000000000 0000000000000000000000000000000000000000000000000000000000000000
0000000000000000000000000000000000000000000000000000000000000000 0000000000000000000000000000000000000000000000000000000000000000 0000000000000000000000000000000000000000000000000000000000000000 0000000000000000000000000000000000000000000000000000000000000000
0000000000000000000000000000000000000000000000000000000000000000 0000000000000000000000000000000000000000000000000000000000000000 0000000000000000000000000000000000000000000000000000000000000000 0000000000000000000000000000000000000000000000000000000000000000
0000000000000000000000000000000000000000000000000000000000000000 0000000000000000000000000000000000000000000000000000000000000000 0000000000000000000000000000000000000000000000000000000000000000 0000000000000000000000000000000000000000000000000000000000000000
0000000000000000000000000000000000000000000000000000000000000000 0000000000000000000000000000000000000000000000000000000000000000 0000000000000000000000000000000000000000000000000000000000000000 0000000000000000000000000000000000000000000000000000000000000000
0000000000000000000000000000000000000000000000000000000000000000 0000000000000000000000000000000000000000000000000000000000000000 0000000000000000000000000000000000000000000000000000000000000000 0000000000000000000000000000000000000000000000000000000000000000
0000000000000000000000000000000000000000000000000000000000000000 0000000000000000000000000000000000000000000000000000000000000000 0000000000000000000000000000000000000000000000000000000000000000 0000000000000000000000000000000000000000000000000000000000000000
0000000000000000000000000000000000000000000111011101110101101010 0000000000000000000000000000000000000000000111101110000100111101 0000000000000000000000000000000000000000000111110101111111011110 0000000000000000000000000000000000000000000111111111111111111010
0000000000000000000000000000000000000000000111110001100011100111 0000000000000000000000000000000000000000001000001111110110111110 0000000000000000000000000000000000000000001000000001010000101011 0000000000000000000000000000000000000000000111101111011001000011
0000000000000000000000000000000000000000001000000001011010100001 0000000000000000000000000000000000000000001000001000000000110001 0000000000000000000000000000000000000000001000011111011111110111 0000000000000000000000000000000000000000000111110001100100000111
0000000000000000000000000000000000000000000111101001111001110010 0000000000000000000000000000000000000000000111100001111110001011 0000000000000000000000000000000000000000000111111000100010011110 0000000000000000000000000000000000000000000111111001101011110101
0000000000000000000000000000000000000000000000000000000000000000 0000000000000000000000000000000000000000000000000000000000000000 0000000000000000000000000000000000000000000000000000000000000000 0000000000000000000000000000000000000000000000000000000000000000
0000000000000000000000000000000000000000000000000000000000000000 0000000000000000000000000000000000000000000000000000000000000000 0000000000000000000000000000000000000000000000000000000000000000 0000000000000000000000000000000000000000000000000000000000000000
0000000000000000000000000000000000000000000000000000000000000000 0000000000000000000000000000000000000000000000000000000000000000 0000000000000000000000000000000000000000000000000000000000000000 0000000000000000000000000000000000000000000000000000000000000000
0000000000000000000000000000000000000000000000000000000000000000 0000000000000000000000000000000000000000000000000000000000000000 0000000000000000000000000000000000000000000000000000000000000000 0000000000000000000000000000000000000000000000000000000000000000
0000000000000000000000000000000000000000000000000000000000000000 0000000000000000000000000000000000000000000000000000000000000000 0000000000000000000000000000000000000000000000000000000000000000 0000000000000000000000000000000000000000000000000000000000000000
0000000000000000000000000000000000000000000000000000000000000000 0000000000000000000000000000000000000000000000000000000000000000 0000000000000000000000000000000000000000000000000000000000000000 0000000000000000000000000000000000000000000000000000000000000000
0000000000000000000000000000000000000000000000000000000000000000 0000000000000000000000000000000000000000000000000000000000000000 0000000000000000000000000000000000000000000000000000000000000000 0000000000000000000000000000000000000000000000000000000000000000
0000000000000000000000000000000000000000000000000000000000000000 0000000000000000000000000000000000000000000000000000000000000000 0000000000000000000000000000000000000000000000000000000000000000 0000000000000000000000000000000000000000000000000000000000000000
0000000000000000000000000000000000000000000111011110101000101010 0000000000000000000000000000000000000000000111101011101001100011 0000000000000000000000000000000000000000000111110000101011010111 0000000000000000000000000000000000000000001000000001101110011011
0000000000000000000000000000000000000000000111100010100111001101 0000000000000000000000000000000000000000000111011101011011010010 0000000000000000000000000000000000000000000111101101110110100100 0000000000000000000000000000000000000000000111100100101111101100
0000000000000000000000000000000000000000000111100111000000101110 0000000000000000000000000000000000000000000111110011000100011101 0000000000000000000000000000000000000000000111100111110100010111 0000000000000000000000000000000000000000000111001000100111010101
0000000000000000000000000000000000000000000111100000010101010010 0000000000000000000000000000000000000000000111101101000111001000 0000000000000000000000000000000000000000000111110000001011101001 0000000000000000000000000000000000000000000111010101011101011100
0000000000000000000000000000000000000000000000000000000000000000 0000000000000000000000000000000000000000000000000000000000000000 0000000000000000000000000000000000000000000000000000000000000000 0000000000000000000000000000000000000000000000000000000000000000
0000000000000000000000000000000000000000000000000000000000000000 0000000000000000000000000000000000000000000000000000000000000000 0000000000000000000000000000000000000000000000000000000000000000 0000000000000000000000000000000000000000000000000000000000000000
0000000000000000000000000000000000000000000000000000000000000000 0000000000000000000000000000000000000000000000000000000000000000 0000000000000000000000000000000000000000000000000000000000000000 0000000000000000000000000000000000000000000000000000000000000000
0000000000000000000000000000000000000000000000000000000000000000 0000000000000000000000000000000000000000000000000000000000000000 0000000000000000000000000000000000000000000000000000000000000000 0000000000000000000000000000000000000000000000000000000000000000
0000000000000000000000000000000000000000000000000000000000000000 0000000000000000000000000000000000000000000000000000000000000000 0000000000000000000000000000000000000000000000000000000000000000 0000000000000000000000000000000000000000000000000000000000000000
0000000000000000000000000000000000000000000000000000000000000000 0000000000000000000000000000000000000000000000000000000000000000 0000000000000000000000000000000000000000000000000000000000000000 0000000000000000000000000000000000000000000000000000000000000000
0000000000000000000000000000000000000000000000000000000000000000 0000000000000000000000000000000000000000000000000000000000000000 0000000000000000000000000000000000000000000000000000000000000000 0000000000000000000000000000000000000000000000000000000000000000
0000000000000000000000000000000000000000000000000000000000000000 0000000000000000000000000000000000000000000000000000000000000000 0000000000000000000000000000000000000000000000000000000000000000 0000000000000000000000000000000000000000000000000000000000000000
0000000000000000000000000000000000000000000000000000000000000000 0000000000000000000000000000000000000000000000000000000000000000 0000000000000000000000000000000000000000000000000000000000000000 0000000000000000000000000000000000000000000000000000000000000000
0000000000000000000000000000000000000000000000000000000000000000 0000000000000000000000000000000000000000000000000000000000000000 0000000000000000000000000000000000000000000000000000000000000000 0000000000000000000000000000000000000000000000000000000000000000
0000000000000000000000000000000000000000000000000000000000000000 0000000000000000000000000000000000000000000000000000000000000000 0000000000000000000000000000000000000000000000000000000000000000 0000000000000000000000000000000000000000000000000000000000000000
0000000000000000000000000000000000000000000000000000000000000000 0000000000000000000000000000000000000000000000000000000000000000 0000000000000000000000000000000000000000000000000000000000000000 0000000000000000000000000000000000000000000000000000000000000000
0000000000000000000000000000000000000000001000001010001111110001 0000000000000000000000000000000000000000001000100110110001100000 0000000000000000000000000000000000000000001000011011101010111010 0000000000000000000000000000000000000000001000101100001101000000
0000000000000000000000000000000000000000001000011111100011011001 0000000000000000000000000000000000000000001000111011101100100000 0000000000000000000000000000000000000000001001000110011011011100 0000000000000000000000000000000000000000001000101010111101111001
0000000000000000000000000000000000000000001000110010111111001010 0000000000000000000000000000000000000000001000101011111110001000 0000000000000000000000000000000000000000001001011111000111110001 0000000000000000000000000000000000000000001000110110001000101011
0000000000000000000000000000000000000000001000011011101111110101 0000000000000000000000000000000000000000001000001111100110100001 0000000000000000000000000000000000000000001000101100111100110011 0000000000000000000000000000000000000000001000011101010100100011
0000000000000000000000000000000000000000000000000000000000000000 0000000000000000000000000000000000000000000000000000000000000000 0000000000000000000000000000000000000000000000000000000000000000 0000000000000000000000000000000000000000000000001100110001001101
0000000000000000000000000000000000000000000000000000000000000000 0000000000000000000000000000000000000000000000000000000000000000 0000000000000000000000000000000000000000000000010100001011100011 0000000000000000000000000000000000000000000000011000101011110010
0000000000000000000000000000000000000000000000000000000000000000 0000000000000000000000000000000000000000000000000000000000000000 0000000000000000000000000000000000000000000000010010011100100001 0000000000000000000000000000000000000000000000000100101111111000
0000000000000000000000000000000000000000000000000000000000000000 0000000000000000000000000000000000000000000000000000000000000000 0000000000000000000000000000000000000000000000000011010010110100 0000000000000000000000000000000000000000000000000000000000000000
0000000000000000000000000000000000000000000000000000000000000000 0000000000000000000000000000000000000000000000000000000000000000 0000000000000000000000000000000000000000000000000000000000000000 0000000000000000000000000000000000000000000000000000000000000000
0000000000000000000000000000000000000000000000000000000000000000 0000000000000000000000000000000000000000000000000000000000000000 0000000000000000000000000000000000000000000000000000000000000000 0000000000000000000000000000000000000000000000000000000000000000
0000000000000000000000000000000000000000000000000000000000000000 0000000000000000000000000000000000000000000000000000000000000000 0000000000000000000000000000000000000000000000000000000000000000 0000000000000000000000000000000000000000000000000000000000000000
0000000000000000000000000000000000000000000000000000000000000000 0000000000000000000000000000000000000000000000000000000000000000 0000000000000000000000000000000000000000000000000000000000000000 0000000000000000000000000000000000000000000000000000000000000000
