0 0 0 0 0 0 0 0
0 0 0 0 0 0 0 0
0 0 0 0 0 0 0 0
0 0 0 0 0 0 0 0
0 0 0 0 0 0 0 0
0 0 0 0 0 0 0 0
0 0 0 0 0 0 0 0
0 0 0 0 0 0 0 0

42008 34301 34849 37309 37151 35063 32427 33206
36542 35057 32463 34612 36897 32819 36132 35416
29058 31820 32470 33922 34613 35268 31384 36643
35055 33125 31565 30526 33384 36700 35749 34525
32768 30888 34371 39554 34494 31922 38910 34949
33104 31018 34598 39863 32721 34850 33040 33713
31514 30760 35387 34013 33899 27799 35110 35647
29168 35925 31633 34488 32170 34031 36283 37252

15435 11126 10539 12454 10782 7415 9901 9819
12032 7417 10134 10111 11288 10960 12986 11148
10875 11400 12318 10964 14913 14422 14197 11748
11926 8433 11062 12995 10290 13033 12010 9730
14023 12054 8969 12202 12278 14700 12178 11914
12076 12977 12709 7478 12525 10937 11780 15401
14114 10028 9596 11596 12198 9730 9280 12041
10332 12222 11222 12499 9962 12635 10570 13001

9366 18589 10963 12783 11349 13586 11819 9305
14430 8960 13678 8349 11782 12768 12103 9010
10647 13197 9280 8600 13875 15882 12674 9627
12666 15715 17925 9560 11955 8960 9171 10862
13935 10886 15584 8540 11981 10536 11396 10229
12408 17897 14521 9967 8545 8210 16722 20119
12261 13831 14931 14201 16398 13225 10241 16297
10249 8438 14560 12711 8058 16978 12807 11972

66369 65349 62982 67085 67001 67083 64231 66552
69023 61416 63254 62788 67535 67246 59739 65460
62041 62940 66289 62827 64171 68331 73436 64922
66343 67170 62066 62506 61371 62961 63485 68409
63931 67102 67978 66017 57818 68717 62790 62764
65836 61339 64944 61049 60007 59099 68396 69181
61677 64339 66271 67163 65793 61093 62735 63210
63708 63703 69023 69159 66370 63715 65885 62791

8522 12032 5062 3771 4106 1431 5044 2949
0 7993 5969 3779 0 4268 4196 5247
2864 4276 5256 5558 2906 7430 5786 7835
5264 0 9299 5715 3078 4519 980 4770
5152 5026 2474 5525 6704 5434 11312 6262
3213 6385 0 10348 3048 0 6352 1727
0 9422 6656 2363 6791 6069 3445 2873
4558 3373 5013 4656 2397 5746 4663 9227

0 0 0 0 0 0 0 0
0 0 0 0 0 0 0 0
0 0 0 0 0 0 0 0
0 0 0 0 0 0 0 0
0 0 0 0 0 0 0 0
0 0 0 0 0 0 0 0
0 0 0 0 0 0 0 0
0 0 0 0 0 0 0 0

0 0 0 0 0 0 0 0
0 0 0 0 0 0 0 0
0 0 0 0 0 0 0 0
0 0 0 0 0 0 0 0
0 0 0 0 0 0 0 0
0 0 0 0 0 0 0 0
0 0 0 0 0 0 0 0
0 0 0 0 0 0 0 0

13397 14015 13704 13357 23868 17549 14348 11357
14161 14712 15941 14926 11487 16221 11889 12036
13468 11630 15559 14711 11781 16182 15345 13743
10725 22861 11568 10333 18683 14067 13258 15825
11788 15573 10994 16066 18295 11293 13643 13159
12198 15890 16694 15726 16137 11968 11131 15674
14116 13779 11218 15103 13498 12530 12056 20181
11941 8924 16587 11581 17470 14890 13287 15216

0 0 0 0 0 0 0 0
0 0 0 0 0 0 0 0
0 0 0 0 0 0 0 0
0 0 0 0 0 0 0 0
0 0 0 0 0 0 0 0
0 0 0 0 0 0 0 422
0 0 0 0 0 0 0 0
0 0 0 0 0 0 0 0

0 0 0 0 1640 0 0 0
0 0 0 0 0 0 0 0
0 0 0 0 0 0 0 0
0 0 0 0 0 0 0 0
0 0 0 0 0 0 0 0
0 0 0 0 0 0 0 0
0 0 0 0 0 0 0 0
0 0 0 0 0 0 0 0

69991 63569 64497 66381 69966 65371 65239 69249
71009 64461 61588 61891 65645 63975 64562 68183
62706 65210 66247 66787 64259 67000 66936 65784
67216 64024 61095 67180 62191 67719 62412 63715
65320 68033 64487 64600 63461 65039 65043 62882
68109 62061 62975 67362 61690 66979 65100 69524
65416 64847 63287 64946 65294 66550 63372 69062
67433 72645 65390 63921 66281 72487 62328 63220

0 0 0 0 0 0 0 0
0 0 0 0 0 0 0 0
0 0 0 0 0 0 0 0
0 0 0 0 0 0 0 0
0 0 0 0 0 0 0 0
0 0 0 0 0 0 0 0
0 0 0 0 0 0 0 0
0 0 0 0 0 0 0 0

34625 35649 34744 34512 36786 31975 30652 32691
31085 32139 29456 33312 33673 38427 31926 35935
39580 32373 35979 32010 34513 37791 35707 37414
32945 31046 31231 33604 35594 30498 32384 34160
34439 35856 30834 38013 35045 32653 35482 33076
33933 34385 35674 31923 35745 32684 38527 36043
34960 33616 33310 36513 31448 28862 30319 31242
31160 32318 38463 34715 35135 36991 30973 39293

0 0 0 0 0 0 0 0
0 0 0 0 0 0 0 0
0 0 0 0 0 0 0 0
0 0 0 0 0 0 0 0
0 0 0 0 0 0 0 0
0 0 0 0 0 0 0 0
0 0 0 0 0 0 0 0
0 0 0 0 0 0 0 0

0 0 0 0 0 0 0 0
0 0 0 0 0 0 0 0
0 0 0 0 0 0 0 0
0 0 0 0 0 0 0 0
0 0 0 0 0 0 0 0
0 0 0 0 0 0 0 0
0 0 0 0 0 0 0 0
0 0 0 0 0 0 0 0

