0 0 0 0 0 0 0 0 0 0 0 0 0 0 0 0
0 0 0 0 0 0 0 0 0 0 0 0 0 0 0 0
0 0 0 0 0 0 0 0 0 0 0 0 0 0 0 0
0 0 0 0 0 0 0 0 0 0 0 0 0 0 0 0
0 0 0 0 0 0 0 0 0 0 0 0 0 0 0 0
0 0 0 0 0 0 0 0 0 0 0 0 0 0 0 0
0 0 0 0 0 0 0 0 0 0 0 0 0 0 0 0
0 0 0 0 0 0 0 0 0 0 0 0 0 0 0 0
0 0 0 0 0 0 0 0 0 0 0 0 0 0 0 0
0 0 0 0 0 0 0 0 0 0 0 0 0 0 0 0
0 0 0 0 0 0 0 0 0 0 0 0 0 0 0 0
0 0 0 0 0 0 0 0 0 0 0 0 0 0 0 0
0 0 0 0 0 0 0 0 0 0 0 0 0 0 0 0
0 0 0 0 0 0 0 0 0 0 0 0 0 0 0 0
0 0 0 0 0 0 0 0 0 0 0 0 0 0 0 0
0 0 0 0 0 0 0 0 0 0 0 0 0 0 0 0

31564 25202 34301 24963 31976 34849 33873 37309 37151 34567 35063 33874 24216 22875 28881 23816
34635 42008 28674 31934 27894 27597 35251 34936 23169 31841 28323 29694 29635 32427 33206 30791
28904 35576 27802 30809 28192 24826 32517 34612 36897 31211 26074 32819 33469 28061 32762 35416
33447 36542 34418 35057 32463 30504 27951 24185 27919 34960 29049 31295 36132 31383 32612 21483
27891 29058 31080 28584 30270 31547 30297 33647 29550 34613 29206 35268 31384 23008 29794 36643
25511 26294 29916 31820 32470 27082 33922 31829 29731 27820 28019 31381 28276 30650 27465 34459
35055 30857 31536 27405 30567 31565 29062 30224 33384 29427 36700 30421 33667 29736 32814 34525
32058 29168 29681 33125 27700 29902 28618 30526 25197 28489 30474 32197 35749 28945 33729 28829
30008 26957 30888 26607 28693 31221 32435 26399 25935 27390 25410 31922 28897 28222 27328 31962
32768 31600 28735 29484 32635 34371 31514 39554 31306 34494 26975 26377 28769 38910 28290 34949
31817 31040 28269 30802 31084 31934 31601 29125 32721 30180 34850 30711 31874 27612 33713 32986
33104 32068 31018 26525 30334 34598 39863 26984 26507 30315 29538 31468 26095 33040 32618 30449
30842 29367 23883 29465 26077 30154 34013 31927 33899 33031 26842 23491 28725 28257 22858 28778
26188 31514 29076 30760 30783 35387 32792 28779 33155 26992 27255 27799 30403 35110 35647 34600
27895 24678 35925 26530 31545 30625 30382 29701 31508 32170 32743 34031 28740 36283 37252 33763
24714 29168 31039 35017 29259 31633 34488 33264 31676 26294 33000 23968 29180 27397 22354 31282

6857 13074 2047 11126 2366 10539 1209 12454 10782 1462 7415 6030 9901 9194 9819 2161
15435 4541 8512 0 7359 8876 7591 8759 7840 3428 6162 1163 5481 6920 192 3773
9019 6647 3398 7417 10134 9394 8725 10111 7514 9140 6752 3537 9932 12986 11148 6347
12032 5282 6292 2777 168 6530 2496 2024 11288 7913 0 10960 10850 11540 2607 8283
10875 8943 9802 3246 12318 10667 10313 4217 11977 14913 13251 11630 5081 14197 4417 5851
4642 9737 11400 1987 8524 4482 3213 10964 11087 0 5118 14422 9103 3237 11748 8509
562 6145 4524 8433 6544 9264 5241 12995 5839 9198 2651 13033 4253 12010 5557 9730
10888 11926 5588 1924 4671 11062 6904 4031 6228 10290 0 7890 4794 6601 6085 8907
14023 5080 11549 12054 8969 5493 5280 4227 5590 7330 14700 3283 12136 521 8615 8526
6061 3986 0 7867 8255 4974 12202 2985 12278 7996 8881 13830 12178 6343 11914 10538
5171 7676 8891 5861 12095 6168 7478 5826 7173 2002 10662 6973 4802 7362 14465 15401
12076 8226 502 12977 9880 12709 1238 6653 9288 12525 10937 8689 11780 2674 9681 5050
14114 2023 10028 8345 8696 8420 10664 11596 3340 8873 9730 7561 9280 1986 12041 5016
7694 4499 8689 5783 9596 1677 7533 4572 12198 9775 317 6736 5426 1484 3866 7980
10332 9299 9392 10406 8158 11222 6144 8335 9962 2537 4825 12635 10570 5775 13001 2456
9300 7662 12222 6108 6369 6763 6660 12499 6209 9104 10784 11206 5738 7387 10390 9588

5102 9366 9199 18589 8990 8574 7525 12783 11349 4602 7077 7270 5074 11084 9305 8438
5448 1510 12743 12278 5502 10963 11086 8437 10431 8894 13586 10022 11819 9587 9290 3593
14430 1993 7426 1038 13678 10503 7700 5025 11782 6492 0 5264 6152 10849 9010 5642
11231 10850 5203 8960 6776 7170 8349 7662 10294 5954 9268 12768 12103 9364 1441 8215
10647 10270 7482 4590 6582 9280 5517 8600 3935 4036 5027 10696 6925 11487 3867 8248
9723 10451 13197 6828 4434 6553 6431 7240 13523 13875 5178 15882 10009 12674 9627 8747
6465 10125 7431 12411 17925 3416 3304 9560 5219 9993 2585 8960 5912 4373 8415 5384
7845 12666 2837 15715 10946 10395 6845 7145 5982 11955 7754 2170 9171 6657 7666 10862
10159 7346 2869 9879 5832 9603 5028 3237 11981 10399 10536 2174 5978 4193 10229 5183
9881 13935 6536 10886 15584 8897 5260 8540 4517 5897 5030 10062 11396 0 9168 10207
12408 6663 11290 17897 14521 4167 0 9967 5015 6789 8123 7344 16722 11726 20119 11169
12152 5459 5142 0 10856 3105 2716 4148 3748 8545 8133 8210 6807 8171 9403 3836
3623 4240 9681 13831 14931 11886 7059 4341 5569 4964 5486 10972 10139 4653 16297 9230
12261 8384 7109 8039 7657 8904 6827 14201 14875 16398 7726 13225 7562 10241 8961 0
9845 8562 7458 7691 14560 6636 3998 4943 8058 3686 5962 11494 7270 9286 2011 2486
4115 10249 8438 0 9604 4109 12711 10328 7865 7762 14736 16978 9509 12807 11972 6926

66095 66369 65029 60539 57495 60207 65250 67085 67001 60557 67083 66251 58265 64231 64821 66552
55619 51360 65349 52768 62982 58957 58405 65879 58910 57890 54423 64006 60901 61132 61586 61829
63678 69023 57722 61416 63254 58895 54449 62121 66323 67535 61154 56880 59646 58815 56118 55984
55885 64796 58001 60186 58048 59063 62788 61359 53991 63000 66094 67246 59739 55075 65460 63154
57308 58797 61132 59015 59930 52889 57277 58336 61483 59922 61169 68331 69318 61194 63371 53823
61823 62041 62940 57359 66289 63541 62827 57911 63329 64171 56329 59510 73436 58578 64922 63423
61949 59478 60476 67170 62056 52941 56123 57068 57922 61371 62144 56418 60567 63485 56335 68409
66343 55685 49016 64954 62066 62027 55835 62506 57696 58924 62961 60045 57581 61557 57197 61099
60310 63931 56965 62294 58824 62644 61583 60584 54547 55944 62345 57322 60161 62577 56979 62764
57376 61576 67102 61429 67851 67978 58209 66017 57818 57441 61802 68717 62790 59974 59949 61668
65836 60361 57676 52284 60350 61052 58621 60557 53169 60007 55413 59099 68396 60481 57736 59347
55904 61085 56491 61339 59138 64944 61049 60867 59631 59904 56106 56486 57495 67973 65496 69181
59148 58368 62537 64339 66271 63125 67163 58626 58151 62051 61093 59541 58054 60908 60345 60097
61677 56694 59136 60267 63229 59445 66944 58336 61402 65793 57971 59194 62735 62341 63042 63210
60015 55097 57477 63703 62646 59296 59896 52155 55584 58635 62056 62758 65885 56318 62791 57439
63708 60515 58719 57438 69023 59930 69159 63339 66370 57390 63715 63316 58731 62477 61887 54809

7839 2919 0 12032 0 3783 0 588 0 2235 59 1025 3906 0 1272 1957
0 8522 2206 0 5062 0 3771 0 0 4106 1431 513 16 5044 2949 1394
0 0 7993 155 1829 5969 0 998 0 0 835 116 3017 0 3041 1639
0 0 1931 3908 1933 1494 0 3779 0 0 4268 0 4196 0 0 5247
0 0 3522 4276 2827 0 604 5558 0 2755 0 7430 1196 5786 0 7835
2864 0 1188 0 5256 0 111 0 1498 2906 2282 0 2865 934 0 1010
5264 3996 0 0 3471 9299 5715 459 3078 0 0 4519 427 980 4770 1595
0 1834 0 0 0 2162 0 2608 0 3078 1550 3442 0 0 0 0
0 0 1674 319 0 1279 5525 2937 1141 2062 2468 0 1371 0 0 6262
0 5152 5026 0 2474 211 0 0 6704 0 5434 586 0 11312 4395 0
0 3213 0 264 0 0 10348 0 3048 0 0 0 0 0 0 0
2227 0 4465 6385 0 0 1887 4265 0 461 0 0 0 6352 1727 0
0 0 0 0 982 5093 1329 2363 6791 1082 6069 0 3445 2707 99 0
0 0 9422 0 6656 0 0 0 0 394 3911 5362 0 2723 0 2873
3207 484 0 1 841 0 25 4656 405 0 407 0 1284 0 9227 0
0 4558 0 3373 2306 5013 0 0 2397 0 5392 5746 4663 4656 0 0

0 0 0 0 0 0 0 0 0 0 0 0 0 0 0 0
0 0 0 0 0 0 0 0 0 0 0 0 0 0 0 0
0 0 0 0 0 0 0 0 0 0 0 0 0 0 0 0
0 0 0 0 0 0 0 0 0 0 0 0 0 0 0 0
0 0 0 0 0 0 0 0 0 0 0 0 0 0 0 0
0 0 0 0 0 0 0 0 0 0 0 0 0 0 0 0
0 0 0 0 0 0 0 0 0 0 0 0 0 0 0 0
0 0 0 0 0 0 0 0 0 0 0 0 0 0 0 0
0 0 0 0 0 0 0 0 0 0 0 0 0 0 0 0
0 0 0 0 0 0 0 0 0 0 0 0 0 0 0 0
0 0 0 0 0 0 0 0 0 0 0 0 0 0 0 0
0 0 0 0 0 0 0 0 0 0 0 0 0 0 0 0
0 0 0 0 0 0 0 0 0 0 0 0 0 0 0 0
0 0 0 0 0 0 0 0 0 0 0 0 0 0 0 0
0 0 0 0 0 0 0 0 0 0 0 0 0 0 0 0
0 0 0 0 0 0 0 0 0 0 0 0 0 0 0 0

0 0 0 0 0 0 0 0 0 0 0 0 0 0 0 0
0 0 0 0 0 0 0 0 0 0 0 0 0 0 0 0
0 0 0 0 0 0 0 0 0 0 0 0 0 0 0 0
0 0 0 0 0 0 0 0 0 0 0 0 0 0 0 0
0 0 0 0 0 0 0 0 0 0 0 0 0 0 0 0
0 0 0 0 0 0 0 0 0 0 0 0 0 0 0 0
0 0 0 0 0 0 0 0 0 0 0 0 0 0 0 0
0 0 0 0 0 0 0 0 0 0 0 0 0 0 0 0
0 0 0 0 0 0 0 0 0 0 0 0 0 0 0 0
0 0 0 0 0 0 0 0 0 0 0 0 0 0 0 0
0 0 0 0 0 0 0 0 0 0 0 0 0 0 0 0
0 0 0 0 0 0 0 0 0 0 0 0 0 0 0 0
0 0 0 0 0 0 0 0 0 0 0 0 0 0 0 0
0 0 0 0 0 0 0 0 0 0 0 0 0 0 0 0
0 0 0 0 0 0 0 0 0 0 0 0 0 0 0 0
0 0 0 0 0 0 0 0 0 0 0 0 0 0 0 0

4598 7512 10907 10818 11779 13704 7564 13357 7842 9018 15584 17549 14348 7848 7029 4692
13397 8534 10417 14015 10036 10392 8257 6884 23868 10791 7272 10440 7801 10063 6659 11357
10625 10869 3094 14712 15941 5705 13219 12249 10945 6229 16221 13900 8993 11889 12036 6064
14161 10350 8826 7829 9054 9242 9887 14926 11487 69 4051 12046 11359 3735 5658 11301
12028 8104 8557 8525 15559 9748 8013 14711 7919 10563 7040 8360 11351 15345 13743 4407
9228 13468 11630 6914 5539 12505 13100 9800 9179 11781 6218 16182 8682 7726 4353 9797
7488 10725 9749 22861 11568 11410 10231 9744 7797 13478 14067 9023 10971 8433 9418 11802
9700 7338 6103 7883 9610 10196 10333 6203 14015 18683 13943 13060 13258 8900 15825 8082
11788 7163 15573 8981 10994 10378 10581 6691 11394 8521 8231 5935 7729 2956 13159 8548
10268 8130 11362 9757 10132 7444 13716 16066 12460 18295 11293 7646 13643 4128 6585 12533
12198 10537 15890 7373 12648 9997 2239 15726 16137 12363 11968 9116 8784 11131 15105 3821
8041 8684 10887 12425 16694 11721 8683 0 8190 7589 9385 11278 10415 9723 15674 10733
14116 10249 8525 11040 8876 5127 10744 15103 13498 6168 6253 12530 8804 7697 20181 8299
5363 13869 10483 13779 11218 9212 4673 13294 9251 5096 10349 10430 5021 12056 6507 11649
7029 8885 5643 6343 12141 5029 8853 6491 10136 17470 11088 12189 3655 13177 14145 9331
11941 11544 8924 6690 14331 16587 11581 8733 4261 14473 13006 14890 13287 8117 15216 12402

0 0 0 0 0 0 0 0 0 0 0 0 0 0 0 0
0 0 0 0 0 0 0 0 0 0 0 0 0 0 0 0
0 0 0 0 0 0 0 0 0 0 0 0 0 0 0 0
0 0 0 0 0 0 0 0 0 0 0 0 0 0 0 0
0 0 0 0 0 0 0 0 0 0 0 0 0 0 0 0
0 0 0 0 0 0 0 0 0 0 0 0 0 0 0 0
0 0 0 0 0 0 0 0 0 0 0 0 0 0 0 0
0 0 0 0 0 0 0 0 0 0 0 0 0 0 0 0
0 0 0 0 0 0 0 0 0 0 0 0 0 0 0 0
0 0 0 0 0 0 0 0 0 0 0 0 0 0 0 0
0 0 0 0 0 0 0 0 0 0 0 0 0 0 0 422
0 0 0 0 0 0 0 0 0 0 0 0 0 0 0 0
0 0 0 0 0 0 0 0 0 0 0 0 0 0 0 0
0 0 0 0 0 0 0 0 0 0 0 0 0 0 0 0
0 0 0 0 0 0 0 0 0 0 0 0 0 0 0 0
0 0 0 0 0 0 0 0 0 0 0 0 0 0 0 0

0 0 0 0 0 0 0 0 1640 0 0 0 0 0 0 0
0 0 0 0 0 0 0 0 0 0 0 0 0 0 0 0
0 0 0 0 0 0 0 0 0 0 0 0 0 0 0 0
0 0 0 0 0 0 0 0 0 0 0 0 0 0 0 0
0 0 0 0 0 0 0 0 0 0 0 0 0 0 0 0
0 0 0 0 0 0 0 0 0 0 0 0 0 0 0 0
0 0 0 0 0 0 0 0 0 0 0 0 0 0 0 0
0 0 0 0 0 0 0 0 0 0 0 0 0 0 0 0
0 0 0 0 0 0 0 0 0 0 0 0 0 0 0 0
0 0 0 0 0 0 0 0 0 0 0 0 0 0 0 0
0 0 0 0 0 0 0 0 0 0 0 0 0 0 0 0
0 0 0 0 0 0 0 0 0 0 0 0 0 0 0 0
0 0 0 0 0 0 0 0 0 0 0 0 0 0 0 0
0 0 0 0 0 0 0 0 0 0 0 0 0 0 0 0
0 0 0 0 0 0 0 0 0 0 0 0 0 0 0 0
0 0 0 0 0 0 0 0 0 0 0 0 0 0 0 0

69991 66547 56145 63569 51923 61711 63666 66381 69966 60286 60872 65371 65239 57565 65465 69249
59011 61812 55623 55461 64497 59031 55338 63954 62762 58906 62387 60246 53695 57328 60581 59072
64346 71009 64461 62963 56726 57625 57736 60952 58232 65645 63930 60493 57239 55772 61135 60832
54257 52174 59059 58721 61588 54033 61891 60744 58599 60887 62403 63975 64562 57214 68183 67404
62706 60426 61808 65210 63455 60443 49390 62140 58817 64259 66081 67000 65043 62291 58965 61184
59781 61401 63163 62332 66247 64181 66787 63091 59855 61908 57248 56022 66936 62103 62998 65784
67216 55928 60831 60237 55634 56698 55785 60411 60858 62191 62060 67719 62412 58604 63715 62037
59400 63196 56261 64024 61095 60340 63561 67180 59640 61082 52318 58038 59094 61915 60542 63022
56717 60535 65242 68033 64487 59512 64600 61890 57848 60230 64706 64003 63516 55860 60590 62882
65320 60648 62369 55868 60306 62784 59347 62908 62396 63461 65039 59635 65043 61566 61208 60411
56428 68109 55554 59478 62975 61694 65944 60763 54415 57167 62885 66979 64154 58766 61735 67678
60155 56142 58231 62061 55063 58098 58820 67362 61690 59405 58781 61168 62165 65100 67933 69524
61934 65416 64650 63827 63287 58864 57119 55529 57933 62121 66550 63047 63162 63372 61474 57669
57761 54354 64847 58770 54185 60910 59598 64946 60480 65294 63066 60599 59129 58125 56908 69062
59664 57155 63441 72645 65390 58750 63921 61307 58272 59924 64782 72487 62328 62322 63220 57856
67433 61889 59444 61454 60958 62071 58247 62604 66281 66270 60735 65400 59528 58853 59760 57317

0 0 0 0 0 0 0 0 0 0 0 0 0 0 0 0
0 0 0 0 0 0 0 0 0 0 0 0 0 0 0 0
0 0 0 0 0 0 0 0 0 0 0 0 0 0 0 0
0 0 0 0 0 0 0 0 0 0 0 0 0 0 0 0
0 0 0 0 0 0 0 0 0 0 0 0 0 0 0 0
0 0 0 0 0 0 0 0 0 0 0 0 0 0 0 0
0 0 0 0 0 0 0 0 0 0 0 0 0 0 0 0
0 0 0 0 0 0 0 0 0 0 0 0 0 0 0 0
0 0 0 0 0 0 0 0 0 0 0 0 0 0 0 0
0 0 0 0 0 0 0 0 0 0 0 0 0 0 0 0
0 0 0 0 0 0 0 0 0 0 0 0 0 0 0 0
0 0 0 0 0 0 0 0 0 0 0 0 0 0 0 0
0 0 0 0 0 0 0 0 0 0 0 0 0 0 0 0
0 0 0 0 0 0 0 0 0 0 0 0 0 0 0 0
0 0 0 0 0 0 0 0 0 0 0 0 0 0 0 0
0 0 0 0 0 0 0 0 0 0 0 0 0 0 0 0

24782 33848 22419 34539 26474 34744 25939 30411 33934 26380 31888 31025 30652 29027 25780 21074
34625 32520 33148 35649 27565 30712 30715 34512 36786 28094 31975 27411 29371 21907 29163 32691
28491 28877 29506 28252 29456 25843 27947 33312 28619 22681 38427 27248 28919 31926 23541 35935
26775 31085 27414 32139 27934 29412 27512 27133 33673 27245 27044 34264 29126 27629 29466 31368
39580 30236 31490 32373 34278 34453 25984 32010 30865 26304 34543 37791 30368 35707 24961 34370
22384 28332 29070 24992 35979 27516 31263 29539 34513 29197 27033 36175 31706 25701 27080 37414
24082 29854 31046 30263 31231 28125 32417 32469 29540 32835 30250 30498 30492 32384 34160 31163
27608 32945 29522 31026 29325 30723 30100 33604 25687 35594 30159 30057 27969 30386 31420 31762
34439 26738 29354 35856 26169 30834 27865 28910 33555 24410 28965 31209 32203 23378 30444 33076
25660 30175 26847 28392 27574 30011 30728 38013 30166 35045 30648 32653 35482 27841 29666 30551
28075 27315 34385 25934 35674 28219 31923 29568 35745 28150 32121 32684 33755 31256 36043 27512
32052 33933 34037 30357 31620 27629 30643 26918 25560 26631 32291 30836 29357 38527 33585 29457
34960 27745 24473 33616 22774 25605 33014 36513 31448 23822 28026 26666 25730 23888 31242 28882
26867 27896 30032 31854 33310 27178 28836 28801 30998 30853 28862 28396 30319 30005 28632 24860
27543 27051 32318 28662 34767 31235 34715 27942 35135 31812 33909 32097 26966 30973 39293 32333
31160 24610 29704 30575 38463 28990 30295 26922 24825 30347 36991 34430 29979 29316 34696 29102

0 0 0 0 0 0 0 0 0 0 0 0 0 0 0 0
0 0 0 0 0 0 0 0 0 0 0 0 0 0 0 0
0 0 0 0 0 0 0 0 0 0 0 0 0 0 0 0
0 0 0 0 0 0 0 0 0 0 0 0 0 0 0 0
0 0 0 0 0 0 0 0 0 0 0 0 0 0 0 0
0 0 0 0 0 0 0 0 0 0 0 0 0 0 0 0
0 0 0 0 0 0 0 0 0 0 0 0 0 0 0 0
0 0 0 0 0 0 0 0 0 0 0 0 0 0 0 0
0 0 0 0 0 0 0 0 0 0 0 0 0 0 0 0
0 0 0 0 0 0 0 0 0 0 0 0 0 0 0 0
0 0 0 0 0 0 0 0 0 0 0 0 0 0 0 0
0 0 0 0 0 0 0 0 0 0 0 0 0 0 0 0
0 0 0 0 0 0 0 0 0 0 0 0 0 0 0 0
0 0 0 0 0 0 0 0 0 0 0 0 0 0 0 0
0 0 0 0 0 0 0 0 0 0 0 0 0 0 0 0
0 0 0 0 0 0 0 0 0 0 0 0 0 0 0 0

0 0 0 0 0 0 0 0 0 0 0 0 0 0 0 0
0 0 0 0 0 0 0 0 0 0 0 0 0 0 0 0
0 0 0 0 0 0 0 0 0 0 0 0 0 0 0 0
0 0 0 0 0 0 0 0 0 0 0 0 0 0 0 0
0 0 0 0 0 0 0 0 0 0 0 0 0 0 0 0
0 0 0 0 0 0 0 0 0 0 0 0 0 0 0 0
0 0 0 0 0 0 0 0 0 0 0 0 0 0 0 0
0 0 0 0 0 0 0 0 0 0 0 0 0 0 0 0
0 0 0 0 0 0 0 0 0 0 0 0 0 0 0 0
0 0 0 0 0 0 0 0 0 0 0 0 0 0 0 0
0 0 0 0 0 0 0 0 0 0 0 0 0 0 0 0
0 0 0 0 0 0 0 0 0 0 0 0 0 0 0 0
0 0 0 0 0 0 0 0 0 0 0 0 0 0 0 0
0 0 0 0 0 0 0 0 0 0 0 0 0 0 0 0
0 0 0 0 0 0 0 0 0 0 0 0 0 0 0 0
0 0 0 0 0 0 0 0 0 0 0 0 0 0 0 0

