0000000000000000000000000000000000000000000000000000000000000000 0000000000000000000000000000000000000000000000000000000000000000 0000000000000000000000000000000000000000000000000000000000000000 0000000000000000000000000000000000000000000000000000000000000000
0000000000000000000000000000000000000000000000000000000000000000 0000000000000000000000000000000000000000000000000000000000000000 0000000000000000000000000000000000000000000000000000000000000000 0000000000000000000000000000000000000000000000000000000000000000
0000000000000000000000000000000000000000000000000000000000000000 0000000000000000000000000000000000000000000000000000000000000000 0000000000000000000000000000000000000000000000000000000000000000 0000000000000000000000000000000000000000000000000000000000000000
0000000000000000000000000000000000000000000000000000000000000000 0000000000000000000000000000000000000000000000000000000000000000 0000000000000000000000000000000000000000000000000000000000000000 0000000000000000000000000000000000000000000000000000000000000000
0000000000000000000000000000000000000000001001100111001010111100 0000000000000000000000000000000000000000001010001010010001000011 0000000000000000000000000000000000000000001010011010010000111100 0000000000000000000000000000000000000000001010101101110001100101
0000000000000000000000000000000000000000001001100011110010001110 0000000000000000000000000000000000000000001010101100010110000010 0000000000000000000000000000000000000000001011001101000000101000 0000000000000000000000000000000000000000001011010000101111010010
0000000000000000000000000000000000000000001010010101010000111011 0000000000000000000000000000000000000000001010100111101101110010 0000000000000000000000000000000000000000001100001100100001100010 0000000000000000000000000000000000000000001011111101111101000010
0000000000000000000000000000000000000000001010000011100011101010 0000000000000000000000000000000000000000001001110100000001100001 0000000000000000000000000000000000000000001010010101011111000100 0000000000000000000000000000000000000000001010101111000000101111
0000000000000000000000000000000000000000000000000000000000000000 0000000000000000000000000000000000000000000000000000000000000000 0000000000000000000000000000000000000000000000000000000000000000 0000000000000000000000000000000000000000000000000000000000000000
0000000000000000000000000000000000000000000000000000000000000000 0000000000000000000000000000000000000000000000000000000000000000 0000000000000000000000000000000000000000000000000000000000000000 0000000000000000000000000000000000000000000000000000000000000000
0000000000000000000000000000000000000000000000000000000000000000 0000000000000000000000000000000000000000000000000000000000000000 0000000000000000000000000000000000000000000000000000000000000000 0000000000000000000000000000000000000000000000000000000000000000
0000000000000000000000000000000000000000000000000000000000000000 0000000000000000000000000000000000000000000000000000000000000000 0000000000000000000000000000000000000000000000000000000000000000 0000000000000000000000000000000000000000000000000000000000000000
0000000000000000000000000000000000000000001100001001101011010110 0000000000000000000000000000000000000000001100101000100101011111 0000000000000000000000000000000000000000001100100111001111110111 0000000000000000000000000000000000000000001101011101100001110000
0000000000000000000000000000000000000000001100010111100000010011 0000000000000000000000000000000000000000001101000011100111101001 0000000000000000000000000000000000000000001101001111100101110110 0000000000000000000000000000000000000000001101010110010110011010
0000000000000000000000000000000000000000001101001101000101110100 0000000000000000000000000000000000000000001101010110101101110001 0000000000000000000000000000000000000000001110000000100101011100 0000000000000000000000000000000000000000001100111010110100111000
0000000000000000000000000000000000000000001101000011100001010111 0000000000000000000000000000000000000000001100011110111110110001 0000000000000000000000000000000000000000001100110000001110011001 0000000000000000000000000000000000000000001100101001001100110101
0000000000000000000000000000000000000000000000000000000000000000 0000000000000000000000000000000000000000000000000000000000000000 0000000000000000000000000000000000000000000000000000000000000000 0000000000000000000000000000000000000000000000000000000000000000
0000000000000000000000000000000000000000000000000000000000000000 0000000000000000000000000000000000000000000000000000000000000000 0000000000000000000000000000000000000000000000000000000000000000 0000000000000000000000000000000000000000000000000000000000000000
0000000000000000000000000000000000000000000000000000000000000000 0000000000000000000000000000000000000000000000000000000000000000 0000000000000000000000000000000000000000000000000000000000000000 0000000000000000000000000000000000000000000000000000000000000000
0000000000000000000000000000000000000000000000000000000000000000 0000000000000000000000000000000000000000000000000000000000000000 0000000000000000000000000000000000000000000000000000000000000000 0000000000000000000000000000000000000000000000000000000000000000
0000000000000000000000000000000000000000000000000000000000000000 0000000000000000000000000000000000000000000000000000000000000000 0000000000000000000000000000000000000000000000000000000000000000 0000000000000000000000000000000000000000000000000000000000000000
0000000000000000000000000000000000000000000000000000000000000000 0000000000000000000000000000000000000000000000000000000000000000 0000000000000000000000000000000000000000000000000000000000000000 0000000000000000000000000000000000000000000000000000000000000000
0000000000000000000000000000000000000000000000000000000000000000 0000000000000000000000000000000000000000000000000000000000000000 0000000000000000000000000000000000000000000000000000000000000000 0000000000000000000000000000000000000000000000000000000000000000
0000000000000000000000000000000000000000000000000000000000000000 0000000000000000000000000000000000000000000000000000000000000000 0000000000000000000000000000000000000000000000000000000000000000 0000000000000000000000000000000000000000000000000000000000000000
0000000000000000000000000000000000000000000000000000000000000000 0000000000000000000000000000000000000000000000000000000000000000 0000000000000000000000000000000000000000000000000000000000000000 0000000000000000000000000000000000000000000000000000000000000000
0000000000000000000000000000000000000000000000000000000000000000 0000000000000000000000000000000000000000000000000000000000000000 0000000000000000000000000000000000000000000000000000000000000000 0000000000000000000000000000000000000000000000000000000000000000
0000000000000000000000000000000000000000000000000000000000000000 0000000000000000000000000000000000000000000000000000000000000000 0000000000000000000000000000000000000000000000000000000000000000 0000000000000000000000000000000000000000000000000000000000000000
0000000000000000000000000000000000000000000000000000000000000000 0000000000000000000000000000000000000000000000000000000000000000 0000000000000000000000000000000000000000000000000000000000000000 0000000000000000000000000000000000000000000000000000000000000000
0000000000000000000000000000000000000000000111011010110110011011 0000000000000000000000000000000000000000000111111111111100100001 0000000000000000000000000000000000000000001000111001101001010001 0000000000000000000000000000000000000000001000000010011001110011
0000000000000000000000000000000000000000000111110000111000000011 0000000000000000000000000000000000000000001000010100011011011010 0000000000000000000000000000000000000000001000001101011011001000 0000000000000000000000000000000000000000000111101111000011111100
0000000000000000000000000000000000000000000111001011111000101110 0000000000000000000000000000000000000000000111110111101101010011 0000000000000000000000000000000000000000001000010110001110010100 0000000000000000000000000000000000000000001000001101010001111010
0000000000000000000000000000000000000000000110010110010110010001 0000000000000000000000000000000000000000000111100011010010000101 0000000000000000000000000000000000000000001000011001000000011110 0000000000000000000000000000000000000000001001000010001011111100
0000000000000000000000000000000000000000000000000000000000000000 0000000000000000000000000000000000000000000000000000000000000000 0000000000000000000000000000000000000000000000000000000000000000 0000000000000000000000000000000000000000000000000000000000000000
0000000000000000000000000000000000000000000000000000000000000000 0000000000000000000000000000000000000000000000000000000000000000 0000000000000000000000000000000000000000000000000000000000000000 0000000000000000000000000000000000000000000000000000000000000000
0000000000000000000000000000000000000000000000000000000000000000 0000000000000000000000000000000000000000000000000000000000000000 0000000000000000000000000000000000000000000000000000000000000000 0000000000000000000000000000000000000000000000000000000000000000
0000000000000000000000000000000000000000000000000000000000000000 0000000000000000000000000000000000000000000000000000000000000000 0000000000000000000000000000000000000000000000000000000000000000 0000000000000000000000000000000000000000000000000000000000000000
0000000000000000000000000000000000000000010101111110111111011011 0000000000000000000000000000000000000000010110011111100000000101 0000000000000000000000000000000000000000010111100100000110110011 0000000000000000000000000000000000000000010111011000011101010001
0000000000000000000000000000000000000000010110010001101110101011 0000000000000000000000000000000000000000010110110001010001000000 0000000000000000000000000000000000000000010111001000111010110000 0000000000000000000000000000000000000000010110001110001010100100
0000000000000000000000000000000000000000010110000001010111110110 0000000000000000000000000000000000000000010110111111100011110010 0000000000000000000000000000000000000000010111010100101000000100 0000000000000000000000000000000000000000010110000101011100110011
0000000000000000000000000000000000000000010100111111011110010011 0000000000000000000000000000000000000000010110010011101101010111 0000000000000000000000000000000000000000010111000101100010101000 0000000000000000000000000000000000000000010110101100101110010101
0000000000000000000000000000000000000000000100001111101110001001 0000000000000000000000000000000000000000000100010100101000100100 0000000000000000000000000000000000000000000100111110000001000000 0000000000000000000000000000000000000000000100100101110001001010
0000000000000000000000000000000000000000000100000000111001010110 0000000000000000000000000000000000000000000100011010010100001001 0000000000000000000000000000000000000000000100100110000110100101 0000000000000000000000000000000000000000000100100011100011101110
0000000000000000000000000000000000000000000011111101100111001100 0000000000000000000000000000000000000000000100100000000111000111 0000000000000000000000000000000000000000000100110100001000100011 0000000000000000000000000000000000000000000101000111001010111011
0000000000000000000000000000000000000000000011101110100001100010 0000000000000000000000000000000000000000000100010100100001100010 0000000000000000000000000000000000000000000100100001000001111111 0000000000000000000000000000000000000000000100110111101000101000
0000000000000000000000000000000000000000000000101100011010000111 0000000000000000000000000000000000000000000000111000101100100011 0000000000000000000000000000000000000000000000100101101011011100 0000000000000000000000000000000000000000000000101100001101000110
0000000000000000000000000000000000000000000000101101111111110010 0000000000000000000000000000000000000000000000101011110101100010 0000000000000000000000000000000000000000000001000101001010110001 0000000000000000000000000000000000000000000000111011100100110110
0000000000000000000000000000000000000000000000110001100100101001 0000000000000000000000000000000000000000000000100011111101010111 0000000000000000000000000000000000000000000000111111100111111010 0000000000000000000000000000000000000000000001000100100100100100
0000000000000000000000000000000000000000000000110001110110000011 0000000000000000000000000000000000000000000000101101101000010110 0000000000000000000000000000000000000000000000110100011010010101 0000000000000000000000000000000000000000000000100011101000101110
0000000000000000000000000000000000000000000000000000000000000000 0000000000000000000000000000000000000000000000000000000000000000 0000000000000000000000000000000000000000000000000000000000000000 0000000000000000000000000000000000000000000000000000000000000000
0000000000000000000000000000000000000000000000000000000000000000 0000000000000000000000000000000000000000000000000000000000000000 0000000000000000000000000000000000000000000000000000000000000000 0000000000000000000000000000000000000000000000000000000000000000
0000000000000000000000000000000000000000000000000000000000000000 0000000000000000000000000000000000000000000000000000000000000000 0000000000000000000000000000000000000000000000000000000000000000 0000000000000000000000000000000000000000000000000000000000000000
0000000000000000000000000000000000000000000000000000000000000000 0000000000000000000000000000000000000000000000000000000000000000 0000000000000000000000000000000000000000000000000000000000000000 0000000000000000000000000000000000000000000000000000000000000000
0000000000000000000000000000000000000000001101110111101110111001 0000000000000000000000000000000000000000001101100110110111000001 0000000000000000000000000000000000000000001110000100110010000110 0000000000000000000000000000000000000000001110110110100111100101
0000000000000000000000000000000000000000001101110010110110110110 0000000000000000000000000000000000000000001101110001000000000100 0000000000000000000000000000000000000000001110001010100000011010 0000000000000000000000000000000000000000001101111100001101100100
0000000000000000000000000000000000000000001110000011111010011111 0000000000000000000000000000000000000000001110100011111001001000 0000000000000000000000000000000000000000001110010001001110010111 0000000000000000000000000000000000000000001100111000010110001101
0000000000000000000000000000000000000000001101110111010001111111 0000000000000000000000000000000000000000001110000010110010111100 0000000000000000000000000000000000000000001101111011011010101001 0000000000000000000000000000000000000000001101000110111001101011
0000000000000000000000000000000000000000000101010011101010100100 0000000000000000000000000000000000000000000110001001111011011101 0000000000000000000000000000000000000000000110100101001101110110 0000000000000000000000000000000000000000000101101111001001011001
0000000000000000000000000000000000000000000101110001001001101110 0000000000000000000000000000000000000000000111001001000010000001 0000000000000000000000000000000000000000000110011110000111100001 0000000000000000000000000000000000000000000110000110001000010000
0000000000000000000000000000000000000000000101111100100001101111 0000000000000000000000000000000000000000000110001100001111100001 0000000000000000000000000000000000000000000111100001111001111010 0000000000000000000000000000000000000000000111110001111100111100
0000000000000000000000000000000000000000000101001011000011000111 0000000000000000000000000000000000000000000101010101101010111100 0000000000000000000000000000000000000000000110010110101100010010 0000000000000000000000000000000000000000000111100100000110100111
0000000000000000000000000000000000000000000000000000000000000000 0000000000000000000000000000000000000000000000000000000000000000 0000000000000000000000000000000000000000000000000000000000000000 0000000000000000000000000000000000000000000000000000000000000000
0000000000000000000000000000000000000000000000000000000000000000 0000000000000000000000000000000000000000000000000000000000000000 0000000000000000000000000000000000000000000000000000000000000000 0000000000000000000000000000000000000000000000000000000000000000
0000000000000000000000000000000000000000000000000000000000000000 0000000000000000000000000000000000000000000000000000000000000000 0000000000000000000000000000000000000000000000000000000000000000 0000000000000000000000000000000000000000000000000000000000000000
0000000000000000000000000000000000000000000000000000000000000000 0000000000000000000000000000000000000000000000000000000000000000 0000000000000000000000000000000000000000000000000000000000000000 0000000000000000000000000000000000000000000000000000000000000000
