186439 202761 193749 226745 211425 175395
210359 194772 189469 192308 192215 167694
179265 162816 179093 197298 192409 188748
202558 181002 187626 175509 160234 191729
209121 174924 190248 209672 192744 215879
198401 192151 194575 190459 164604 193291

72841 35644 71227 49162 83034 54535
31502 60105 75926 74391 71284 71862
85813 55988 35855 90110 63590 56417
83617 40747 52504 83490 84369 56283
53392 88484 41938 52325 84721 79158
104427 32273 59960 87704 47045 54427

185751 201858 157006 178091 210285 199411
201194 182914 207015 181366 172112 202306
220864 182897 217432 171260 167502 171015
178039 179811 216520 191697 180477 200902
215116 194414 190861 209454 171451 197515
187317 162628 204095 209667 204723 172663

632509 637593 648818 660842 661102 654684
645802 615926 616856 654585 643455 660060
633199 625068 637297 669697 653567 649225
625595 639206 622243 621460 654507 645509
647467 627765 619137 666318 623779 621831
631190 628089 635643 608453 670223 656765

102513 38272 67531 63750 73485 82566
78155 81935 35817 58031 94206 48865
24181 103759 65380 56712 72506 66960
72330 87373 67167 43511 49916 87006
60207 77857 64816 59212 48644 82103
65066 49372 60903 85306 54158 82463

27106 76221 76212 78783 76982 75307
54986 66883 78462 83156 82803 71744
84676 81288 91634 48133 77922 84678
67892 68686 104456 58884 91055 71865
88137 85175 89722 59836 81873 73609
73710 71915 75527 62893 75073 50954

105952 118450 125205 135264 136636 133583
126352 115849 134679 123605 135041 147019
128126 117237 123213 128272 154839 104950
110800 144520 103979 119902 161193 123680
134671 141888 122192 136231 135849 142384
146866 129108 136330 105739 163922 115014

0 0 0 0 0 0
0 0 0 0 0 0
0 0 0 0 0 0
0 0 0 0 0 0
0 0 0 0 0 0
0 0 0 0 0 0

0 0 0 0 0 0
0 0 0 0 0 0
0 0 0 0 0 0
0 0 0 0 0 0
0 0 0 0 0 0
0 0 0 0 0 0

1589 16766 10180 45050 12162 28310
41859 7251 18651 25118 2684 5769
24231 26961 25253 614 16286 15706
47345 13212 0 14602 0 9605
31908 0 35883 12833 40636 26232
9205 50749 26321 5168 24378 31643

0 0 0 0 0 0
0 0 0 0 0 0
0 0 0 0 0 0
0 0 0 0 0 0
0 0 0 0 0 0
0 0 0 0 0 0

395525 366891 392423 410638 399693 419181
387596 381656 386798 369301 413046 429386
380548 421385 398891 383681 385179 384579
401174 391634 370595 405114 428699 399301
397083 398743 378958 386742 398017 379630
413428 405689 404602 427250 415842 377808

69050 51748 34636 41763 49777 45962
58025 42824 62581 61086 68905 65569
54553 73213 72073 22887 56086 43471
94270 52633 57460 45126 33197 98742
70076 57646 36693 15746 16830 61584
73414 48132 48402 65913 86035 43253

36683 72621 67606 68452 52784 42961
62910 52117 58331 50362 44251 73454
74970 59239 50949 53365 56004 75103
57494 12758 56679 52526 54239 69875
55026 65597 56820 64016 77242 56157
63520 87605 62957 45322 78269 28676

141850 132334 156268 164607 155119 176504
190513 158463 152596 157597 130348 152684
138461 155441 129556 144496 165676 125000
149838 166166 112687 141587 139883 149469
145630 156118 140602 173862 125465 166206
142348 125875 159416 152345 130804 177988

0 0 0 0 0 0
0 0 0 0 0 0
0 0 0 0 0 0
0 0 0 0 0 0
0 0 0 0 0 0
0 0 0 0 0 0

