1937 1628 1722 1842 1992 1685 1592 1501 1628 1697 1747 1850 1702 1891 1924 1771 1793 1920 1816 1645 1938 1807 1969 2069 1774 1547 1771 1842 1529 1916 1702 1745 1749 1660 1695 1618 1656 1728
1783 1636 1597 1780 1753 1761 1728 1718 1801 1548 1732 1793 1812 1694 1856 1829 1682 1769 1981 1619 1709 1704 1707 1828 1816 1726 1727 1679 1690 1831 1804 1767 1634 1783 1705 1936 1685 1853
1573 1710 1975 1703 1845 1934 1833 1868 1801 1551 1741 1918 1811 1710 1582 1706 1699 1567 1876 1645 1529 1602 1761 1832 1791 1666 1760 1638 1899 1609 1835 1812 1920 1750 1622 1604 1788 1939
1719 1729 1753 1778 1677 1919 1712 1866 1972 1672 1676 1515 1866 1643 1837 1436 2106 1771 1942 1941 1633 1796 1700 1661 1843 1688 1632 1805 1748 1630 1760 1758 1928 1700 1853 1854 1677 1816
1734 1675 1830 1867 1879 1782 1715 1910 1727 1842 1476 1661 1645 1780 1593 1717 1566 1915 1774 1816 1926 1631 1830 1716 1960 2037 1881 1807 1981 1819 1845 1671 1825 2011 1872 1863 1668 1806
1713 1910 1897 1963 1853 1850 1697 1798 1726 1959 1582 1602 1796 1760 1737 1927 1793 1799 1918 1842 1664 1706 1771 1422 1891 1736 1868 1914 1652 1772 1710 2009 1678 1834 1804 1766 1756 1624
1794 1810 1711 1742 1577 1824 1767 1559 1947 1694 1532 1689 1680 1637 1714 1552 1625 1814 1692 1601 1834 1834 1600 1726 1647 1682 1789 1664 1685 1805 1812 1878 1535 1765 1765 1822 1698 1628
1812 1906 2078 1810 1795 1757 1829 1812 1921 1725 1765 1868 1721 1633 1707 1736 1675 1766 1743 1617 1899 1706 1625 1736 1527 1770 1879 1785 1819 1728 1762 1792 1486 1493 1963 1695 1836 1645
1946 1812 1782 1849 1784 2012 1785 1767 1745 1548 1749 1980 1866 1818 1831 1753 1753 1713 1581 1971 1814 1825 2000 1651 1601 1749 1828 1548 1826 2152 1688 1909 1638 1677 1680 1695 1687 1933
1687 1748 2006 1749 1806 1919 1800 1696 1782 1785 1627 1881 1753 1709 1795 1899 1805 1783 1750 1556 1968 1871 1682 1927 1625 2068 1823 1582 1647 1797 1678 1875 1674 1705 1869 1630 1603 1728
1782 2088 1704 1869 1818 1612 1665 1953 1713 1699 1911 1425 1921 1840 1765 1707 1731 1744 1846 1876 1747 1778 1841 1840 1501 1854 1696 1934 1643 1769 1768 2027 1924 1823 1648 1819 1752 2124
1704 1850 1700 1593 1763 1654 1783 1745 1725 1975 1694 1659 1990 1843 1721 1890 2093 1609 1803 1659 1786 1924 1722 1675 2018 2005 1890 1741 1673 2004 1731 1961 1990 1907 1890 1884 1787 1853
1899 1802 1678 1753 1495 1941 1663 1738 1711 1825 1812 1879 1735 1617 1712 1797 1908 1793 1592 1884 1546 1771 1925 1836 2154 1704 1949 1673 1759 1893 1754 1898 1909 1992 1963 1987 2012 1753
1849 1598 1624 1771 1776 1626 1752 1814 1856 1824 1797 1672 1588 1571 1848 1704 1907 1557 1867 1759 1873 1511 1872 1772 1850 1915 1799 1755 1906 1786 1597 1817 1846 1848 1761 1797 1905 1828
1725 1938 1595 1665 1601 1580 1738 1853 1739 1683 1891 1953 1661 1924 1717 1787 1729 1833 1834 1909 1964 1682 1725 1881 1781 1590 1736 1901 1699 1703 1762 1650 1889 1930 1855 1918 1632 1674
1794 1553 1717 1558 1703 1865 1775 1842 1926 1748 1719 1809 1700 1702 1663 1685 1629 1810 1778 1822 1772 1826 1719 1877 1868 1725 1584 1878 1717 1738 2032 1913 1761 1715 1924 1737 1711 1864
1711 1794 1952 1752 1896 1812 1854 1745 1588 1642 1855 1806 1939 1774 1752 1823 1593 1708 1734 1615 1632 2001 1654 1817 1780 1900 1695 1850 1928 1728 1813 1606 1871 1970 1833 1861 1686 1856
1805 1717 1802 1602 1757 1745 1719 1852 1904 2064 1745 1988 1939 1774 1457 1822 1783 1578 1660 1813 2051 1584 1701 1657 1668 1680 1928 2017 1772 1732 1773 1751 1946 1867 1916 1847 1655 2107
1779 1580 1853 1894 1821 1772 1681 1742 1881 2013 2006 1729 1837 1988 1938 1793 2131 1816 1663 1852 1942 1604 1627 1632 1804 1751 1713 1851 1884 1610 1695 1652 1749 2005 1754 1834 1720 1649
1638 1868 1559 1957 1579 1724 1997 1729 1722 1707 1691 2049 1819 1892 1942 1736 1748 1830 1891 1662 1986 1736 1644 1914 1601 1801 1784 1669 1700 1691 1686 1785 1742 2036 1739 1815 1809 2130
1557 1843 1754 1774 1853 1759 1652 1829 1845 1646 1885 1708 1797 1609 1809 1831 2142 1712 1701 1659 1781 1755 1897 1693 1842 1859 1877 2018 1624 1731 1942 1723 1507 1783 1704 1800 1696 1697
1782 2016 1737 1687 1841 1637 1655 1677 1853 1677 1736 1640 1811 1827 1814 1947 1761 1820 1651 1743 1623 1916 1844 2025 1904 1813 1713 1649 1630 1823 1836 1857 1657 1891 1799 1891 1826 1761
1597 1815 1754 1776 1702 1803 1842 1787 1700 1881 1901 1839 1848 1562 1756 1629 1800 1962 1593 1754 1771 1889 1887 1641 1930 1791 1674 1926 1689 1865 1757 1664 1819 2014 1733 2116 1701 2035
1624 1904 1861 2020 1889 1636 1586 1607 1782 1875 1929 1726 1884 1798 1869 1651 1817 1763 2065 1911 1731 1815 1853 1783 1635 2000 1695 2057 1968 1837 1779 1795 1862 1808 1881 1892 2045 2060
1540 1759 1676 1762 1776 1688 1602 1977 1674 1899 1721 1862 1952 2091 1735 1663 1745 1872 1855 1646 1557 1781 1976 1624 1952 1713 2004 1847 1769 1687 1505 1769 1827 1785 1761 1717 1856 1679
1832 1713 1688 1756 1776 1826 1930 1539 1550 1877 1920 1584 1644 1738 1897 1771 1887 1667 1832 1613 1696 1715 1677 1793 1850 1972 1993 1841 1914 1848 1748 1547 1768 2149 2092 1686 1586 1894
1911 1894 1941 1858 1711 1592 1549 1545 1692 1856 1528 1863 1936 1873 1464 1874 1886 1811 1591 1776 1773 1853 1754 1850 1621 1752 1735 1756 1630 1651 1851 2056 1898 2144 1933 1896 1954 1605
1593 1873 1995 1886 1788 1604 1598 1627 1716 2057 1667 1681 1679 1571 1689 1792 1871 1699 1803 1955 1671 1735 1929 2064 1817 1738 1731 2000 1800 1629 1807 1756 1690 1761 1864 1898 1666 1655
1792 1995 1667 1649 1625 1805 1807 1988 1750 1610 1998 1971 1722 1864 1819 1591 1736 1760 1677 1744 1933 1865 1752 1821 1769 2152 1926 1640 1767 1789 1859 1821 1719 1763 1712 1714 1744 1763
1971 1817 1661 1610 1857 1717 1784 1769 1798 1708 1713 1789 1705 1797 1796 1722 1804 1703 1648 1612 1720 1669 1776 1882 1838 1763 1751 1748 1656 1693 1759 1652 1866 2055 1721 1920 2106 1761
1708 1834 1841 1784 1788 1780 1774 1847 1635 1729 1691 2010 1752 1793 1911 1760 1841 2001 1733 2129 2150 1991 1783 1695 1715 1948 1891 1647 1816 1781 1834 1695 1759 1784 1819 1561 1865 1850
1750 1796 1950 1758 1727 1709 1774 1829 1712 1646 1779 1538 1952 1650 1650 1931 1588 1669 1808 1729 1959 2023 1769 1608 1846 1737 1803 1886 1758 1591 1798 1732 1798 1863 1822 1895 1573 1885
1606 1727 1768 1991 1615 1610 1792 1604 1897 1855 2029 1750 1511 1736 1920 1369 1682 1782 1540 1820 1645 1598 1801 1999 1751 1851 1784 1680 1815 1637 1607 1701 1943 1837 1891 1798 1836 1654
1613 1780 1782 1786 1634 1818 1739 1659 1907 1832 1583 1459 1703 1830 1790 1533 2041 1719 1674 1736 1559 1488 1705 1817 1825 1652 1812 2051 1672 1856 1845 1796 1710 1606 1536 1656 1960 1780
2020 1866 1717 1630 1889 1606 1779 1987 1954 1764 1693 1832 1545 1780 1786 1798 1734 1856 1642 1695 1865 1803 1702 1833 2039 1733 1985 2013 1905 1755 1580 1871 1658 1826 1799 1672 1600 1928
1883 1953 1833 1767 2002 1681 1790 1623 1539 1655 1784 1899 1858 1556 1844 1843 1935 1778 2020 1940 2058 1496 1900 1854 1924 1784 1752 1731 1598 2091 1857 1767 1773 1800 1715 1894 1738 1778
1644 1944 2005 1949 1778 2156 2028 1938 2012 1639 1755 1878 1634 1866 1970 1565 1704 1737 1901 1783 1825 1753 1896 1840 1657 1891 1627 1632 2065 1996 1853 1924 1653 1689 1596 1868 1763 1776
1980 1749 1884 1851 1748 1778 1753 2034 1657 1716 1963 1976 1903 1935 1771 1667 2066 1982 1622 1785 1795 1604 1622 1808 1821 2053 1652 1809 1685 1976 1989 1760 1664 1680 1833 1744 1690 1752

456 647 556 537 238 343 482 207 401 728 457 464 327 467 623 360 411 349 390 608 338 573 454 470 621 599 466 427 637 292 511 210 446 317 622 432 532 506
422 334 441 377 443 257 349 465 272 537 433 338 439 260 448 641 607 351 530 455 616 292 513 500 279 679 289 298 182 461 464 514 306 629 260 546 294 397
367 431 476 385 533 478 313 335 369 379 603 702 328 286 603 599 305 528 643 361 261 289 299 473 448 416 365 401 276 274 348 405 281 312 415 359 432 269
367 350 590 492 633 366 552 560 420 404 320 458 638 516 296 381 553 471 577 518 386 347 393 353 521 281 613 272 486 404 267 442 319 539 286 347 366 606
422 465 367 270 603 535 351 807 347 298 505 290 645 547 371 420 364 609 123 508 506 374 482 523 485 257 478 529 495 382 282 305 533 347 511 449 455 363
238 407 474 697 597 350 241 229 595 507 226 301 640 172 339 417 400 666 601 339 265 468 332 377 565 409 536 379 563 356 427 433 446 419 667 579 593 365
639 564 465 411 641 480 468 441 293 523 420 475 241 627 490 322 484 190 582 819 570 387 279 636 261 416 542 469 467 526 229 372 472 193 367 591 590 373
609 733 461 195 160 477 263 189 685 232 629 301 534 400 462 463 373 633 279 360 462 260 465 289 491 467 454 235 626 205 640 553 421 485 464 601 507 423
685 432 241 553 562 402 274 532 313 130 427 653 405 557 312 237 396 478 226 504 225 739 301 328 296 602 330 436 425 612 373 508 213 354 447 623 378 435
431 510 372 261 461 751 413 448 296 275 585 789 304 476 397 493 427 368 275 277 505 498 495 290 720 359 675 606 266 526 387 224 462 470 457 284 555 417
422 376 486 394 657 389 419 377 493 223 394 439 405 237 202 548 608 444 456 605 375 412 257 463 380 458 636 273 429 391 343 413 381 497 481 375 325 502
527 378 315 649 284 146 332 604 319 462 628 371 749 707 538 407 350 455 646 280 466 410 538 600 264 389 615 479 373 236 334 605 398 325 631 866 275 542
565 456 372 638 508 296 486 426 330 294 408 435 469 385 560 446 528 364 411 306 561 527 274 435 559 544 420 437 573 580 547 165 128 695 536 366 437 720
513 569 358 297 422 389 189 297 448 416 450 259 559 361 325 367 338 685 483 394 404 463 580 346 298 512 556 203 420 340 499 510 532 508 379 358 327 327
390 279 415 641 642 550 443 537 443 353 287 403 376 518 584 457 397 322 534 626 285 395 524 304 528 380 273 415 598 394 345 271 631 488 580 130 344 480
166 590 354 260 343 233 358 677 357 370 499 434 418 618 311 547 481 367 511 462 204 571 615 538 516 426 377 503 300 345 670 261 575 697 393 590 351 525
504 346 483 515 388 474 404 486 478 612 547 354 412 444 464 301 332 550 268 466 496 598 538 554 293 432 547 430 415 446 272 569 422 324 602 645 344 327
513 434 404 536 545 499 573 364 369 593 565 685 396 370 350 375 605 423 541 474 681 429 351 717 386 274 541 677 363 681 426 269 606 414 412 499 710 332
642 587 369 342 401 395 386 458 464 567 271 434 246 454 340 533 472 439 390 375 334 462 251 475 485 545 377 422 698 356 404 479 344 566 329 582 484 541
428 388 487 506 438 392 392 270 359 605 435 582 684 381 535 384 855 642 377 423 604 657 514 548 464 373 423 315 452 305 578 338 540 494 286 437 299 439
508 346 446 571 504 323 476 419 234 254 608 728 310 459 542 282 519 510 570 211 292 387 230 215 596 169 581 527 369 449 383 464 354 332 541 539 633 507
541 551 410 476 595 419 358 522 537 396 466 438 460 345 374 510 644 226 582 316 950 394 533 443 502 302 311 507 273 277 398 237 301 421 444 469 275 448
450 512 633 424 212 457 478 288 618 501 356 525 435 409 480 396 357 522 296 456 281 441 530 637 407 456 388 497 426 215 557 681 580 654 236 356 495 591
381 336 559 350 287 389 605 414 603 425 351 464 220 324 477 559 395 351 469 313 537 263 640 280 444 384 416 408 620 515 561 501 321 380 387 456 350 434
350 605 573 590 422 252 404 546 410 625 464 473 633 607 381 328 444 409 666 442 219 320 390 640 381 381 396 588 349 505 436 392 440 243 353 549 455 551
556 393 547 340 468 615 572 516 342 646 525 376 296 492 540 485 360 331 493 305 307 372 496 472 568 502 386 492 537 479 328 451 330 413 343 399 552 627
664 355 374 544 179 245 502 272 164 500 553 512 476 402 451 360 371 341 381 359 514 572 245 377 534 347 461 447 516 296 280 399 430 495 305 440 433 515
424 389 640 432 722 294 321 298 725 301 530 337 287 336 429 866 321 567 652 378 421 282 343 381 418 445 503 155 299 669 451 481 326 559 487 440 538 324
479 218 409 297 679 434 412 515 175 661 512 532 313 586 382 475 427 388 272 569 297 471 296 549 366 616 299 382 670 460 408 321 653 438 451 441 456 457
278 336 359 512 487 519 410 336 480 651 435 144 715 338 466 381 306 546 452 604 358 458 465 368 452 554 619 464 412 168 694 389 567 465 327 460 579 234
602 467 676 238 324 740 306 304 560 384 605 484 434 544 460 553 528 515 499 266 444 578 439 555 749 465 369 376 694 297 309 261 400 212 550 323 649 472
484 470 381 489 375 402 652 433 604 528 321 361 568 416 527 635 318 482 577 442 573 597 368 271 234 509 506 485 375 646 478 573 441 652 252 425 588 372
407 653 567 458 372 497 514 336 397 514 621 251 492 274 79 424 267 298 586 483 376 501 609 478 352 157 463 360 306 327 487 263 426 487 738 582 605 390
109 241 557 510 396 365 284 555 207 262 509 576 450 429 327 305 376 393 289 367 519 377 443 264 408 311 433 516 326 342 560 223 366 483 683 467 440 298
299 352 273 366 362 580 599 495 338 500 303 239 343 767 498 180 443 241 531 435 494 362 486 567 472 587 570 641 473 421 478 520 456 531 324 400 271 543
626 538 282 214 579 566 58 564 611 284 366 315 657 592 612 364 522 576 287 330 486 268 424 457 428 253 570 384 266 544 428 382 409 561 608 244 270 484
431 336 519 305 461 397 683 489 384 250 301 357 269 145 232 338 503 255 342 442 701 576 466 444 550 388 557 508 536 545 312 460 572 405 348 482 583 394
607 485 428 579 258 660 371 561 441 405 486 231 362 537 483 317 543 414 275 354 361 324 567 314 642 495 296 96 401 544 509 316 609 432 295 549 381 392

1203 1180 1008 1132 1093 873 876 914 869 981 1133 1047 1069 1230 1214 1078 1136 1136 1185 862 1271 1103 1185 1292 1121 970 1037 953 1056 1129 1055 1068 949 1093 1226 919 1070 1087
1166 1186 1170 1031 992 1205 1005 1094 1127 1147 1071 1150 937 1048 1103 1145 1100 1075 1180 1146 1244 1054 1320 859 1093 1332 1180 1087 998 865 1104 1168 1022 850 839 1377 1089 1099
836 1072 966 1005 1173 1109 1038 1278 1387 1112 1104 1104 1123 1188 1181 1062 1072 909 1365 1050 1045 1055 1138 1078 1300 1054 996 1310 1172 997 1198 884 1332 1219 1042 1089 905 1062
1058 1037 1033 1141 1113 974 1388 896 1059 1049 1047 902 1116 1204 992 838 953 1029 1096 1103 1070 1039 1209 1199 1137 1110 855 1163 1096 1223 1061 1121 1119 1215 1171 1161 920 1098
1150 1040 1061 1177 1139 1120 1141 1042 1070 1078 994 1249 1065 1168 936 977 989 1379 1158 1423 937 956 1215 1284 1064 1052 936 1174 1003 1070 1007 1158 1082 1257 1312 1240 1083 1153
1153 1243 817 1196 921 1253 1234 1054 1192 999 953 1002 1229 1012 1042 1059 1307 1052 1018 1221 1219 1022 1165 998 1067 1248 955 1207 1053 1029 1102 1046 1040 1108 846 1222 1128 1229
1040 900 1083 964 1156 1029 1153 860 1264 1185 1137 1046 1280 1040 989 1053 988 1300 1060 766 1068 1231 1140 989 995 1022 1042 1124 994 977 897 1246 955 1197 1271 1278 1021 1106
942 1050 964 1127 1179 1086 1117 1124 1070 1021 1048 1161 1168 1033 1181 1163 1005 1227 923 1164 1015 1229 1155 1033 1015 1062 1118 1123 1046 1105 886 909 1154 916 1265 1006 1179 1144
1083 1056 1114 989 1402 1180 1197 1238 1063 932 1110 1142 1238 988 1374 1172 1217 871 1027 979 1393 1077 1105 1043 1030 962 1029 1196 927 1194 1020 1434 1134 932 1074 1063 1079 818
1129 1304 1128 991 1444 954 976 1215 902 1140 1075 1027 1074 1190 903 1155 1052 1049 1117 848 1035 1268 1050 1061 971 1032 1113 1048 980 914 874 1164 1065 924 1051 1024 1076 973
1130 1125 1007 1326 1063 980 1224 1012 1049 1217 1053 1028 1161 1006 1033 1190 1093 1254 1110 963 1020 1066 875 1086 979 931 1102 1208 1164 1094 1007 1075 1058 1004 972 1335 1177 1070
1093 992 1250 982 1164 1175 1199 1263 1205 1114 1072 1037 1159 1003 1084 999 1107 991 910 949 1018 1060 1021 1081 1177 1467 1134 1298 1058 1177 1233 1064 1121 1370 1016 1026 1121 1094
1122 1152 1290 1030 1103 1041 993 1148 1059 1154 1269 1153 727 877 1048 936 1093 1018 1054 1471 1055 1190 1151 1095 1358 1131 1236 1275 1053 1025 1151 1199 1257 1179 1197 1188 1216 1121
1273 1207 979 1017 1217 929 1115 1047 1431 1044 1072 998 1047 1026 1067 929 1159 1041 1481 1233 1179 1055 1062 979 1007 1106 996 932 1179 1236 1129 1118 1284 1039 1149 1065 1264 1181
1216 1043 1195 1001 991 935 1037 1014 1211 1080 1401 1243 1081 1278 1090 1200 942 1243 1110 1038 1183 1159 1053 1219 1027 1027 1256 1341 1223 1048 1146 1139 950 1114 1025 1225 1000 1129
1151 885 1001 1202 1200 973 1103 1295 1047 1251 1382 1106 1023 1273 1012 1102 1001 1175 1311 1020 1105 1118 962 1019 1039 1153 959 1030 1236 1054 1173 1040 1110 1240 1234 963 1035 1111
1232 954 846 1160 1196 1090 1091 1060 990 1073 1058 1053 1141 973 969 1164 1185 1268 988 1075 1139 982 1032 1159 1000 1034 957 955 1122 1052 1176 1011 1161 998 1081 1098 1119 1226
981 1049 996 1023 1073 1020 947 1008 1183 1024 1192 994 1042 1111 1007 984 892 1125 1270 1164 1058 895 1127 1278 889 1143 961 968 1273 829 903 1085 1129 959 1088 1218 1004 976
1066 972 899 1190 1185 1094 1017 1034 1203 1265 1168 988 1167 1041 1082 1074 1075 1077 1023 1001 1073 1189 1099 869 969 1078 1115 1247 969 1289 1083 920 1066 1038 1238 1140 1131 1174
1052 1033 979 1164 972 1235 1058 1109 1140 1054 1137 915 1384 1342 1118 963 940 1090 1033 1053 1031 1195 1034 836 1184 974 931 1262 1198 941 911 868 947 1095 1041 1037 1139 1316
1047 1053 972 962 1220 1091 1135 1363 1058 1078 1238 818 1288 1268 1183 1126 990 1148 974 1046 1090 1079 1237 989 1154 911 1252 909 1050 1004 1091 1014 918 1194 1030 956 1039 1041
927 1025 1021 1232 1024 1019 1048 1289 1095 1029 987 1053 1104 1075 1044 1208 1052 1116 905 1149 1071 1086 1131 1143 1062 1161 1113 1143 1172 1088 1520 1309 1128 1103 1046 986 896 1270
991 1017 1188 1074 1126 1085 1038 1118 1062 1085 1166 1068 1069 1238 1088 911 1081 946 987 1056 1154 1122 964 988 1301 1223 1152 1089 1143 1163 1302 886 976 1039 1185 1221 978 1340
1027 960 1153 995 1126 1200 1201 1015 1033 917 1157 1104 1324 1312 826 1130 1171 1100 1375 1145 1072 916 1146 1170 1163 965 1261 999 1075 992 1115 1137 996 1366 1092 1099 1169 1153
1082 1096 1140 1196 1305 1125 1175 1041 1047 1018 1137 1160 1140 1195 1188 1127 942 1093 1113 1089 1077 1158 1177 955 1217 952 1008 1063 1297 1088 1095 1067 1264 1131 1323 1074 1046 1181
1102 1274 1058 1051 1128 1156 1143 876 995 1118 1109 1021 1030 932 1034 1209 973 1037 1039 1140 893 1046 1079 810 1072 1192 1166 1074 1096 915 1220 1045 1235 1299 1080 1063 1127 1114
988 1155 1267 1074 1158 1217 959 950 947 1121 778 885 1107 1085 1147 1015 1095 1123 959 1087 1014 1038 1129 1092 965 1079 1133 1454 1057 962 1195 948 935 1167 1255 1281 1043 957
1015 1035 1208 1102 1125 1149 999 1001 1088 1173 1032 1100 1029 1149 1158 1128 1251 1094 1064 963 1093 980 1154 1236 1032 1123 1297 1175 1249 927 1283 999 1133 1121 1124 1215 1103 1143
938 1107 1060 1191 919 1085 1062 1144 1134 1112 1148 1104 1135 1083 1013 986 1083 1089 1102 953 1252 1081 1083 1147 1102 1138 966 977 1115 1153 1098 1121 978 1102 1205 922 1039 1164
1158 1180 1229 1279 1081 1071 1272 970 1039 1038 1142 1143 1170 1037 1143 976 1116 1152 1022 979 1264 1177 997 1131 1177 1143 982 1085 1230 1062 1087 971 1120 1111 1098 1009 939 1230
1051 1233 1138 1332 1040 1118 1096 1282 953 1114 1153 1108 1225 918 1260 980 1061 1003 1099 1082 1279 1288 1198 1124 1050 1160 999 1117 1327 1062 1256 1163 1104 1121 1107 1000 1122 1204
1114 1067 1183 1198 1052 1005 1121 1013 743 881 1144 1150 1194 1217 1110 1066 896 1021 979 1270 1046 1184 887 939 1085 1196 1089 1190 1170 889 1157 1041 936 1193 1246 872 1014 990
1096 901 990 1123 866 1035 1202 1126 1169 984 999 1263 857 1231 1217 1222 1034 1108 1099 1011 965 1024 1094 1018 1032 1224 1122 1203 1153 1103 1128 1194 1026 1136 1121 1024 972 1044
1042 1037 1034 966 1032 997 1113 1045 1113 1058 1173 1056 924 968 1167 1053 1182 1197 1201 983 930 1001 1079 1146 1257 1089 1092 1376 1261 1229 981 1237 1031 1041 959 967 1205 1230
1117 1203 1307 991 1183 1043 1128 1056 1251 1141 1007 1107 994 1030 1115 1119 1079 1175 1186 1047 1038 897 929 933 1270 1293 1189 1060 1070 1235 1071 1169 1297 1131 988 1163 1345 1147
1169 1198 1170 1285 1140 1193 1265 1029 1094 1093 1080 1112 1023 755 1188 1021 1045 1208 1250 962 1142 1062 1039 1313 1250 1170 1125 948 1067 1065 1126 1020 902 1057 1075 1108 1108 1209
1030 1146 1113 1368 1233 1186 1020 1084 1156 1021 1140 1107 1420 1075 1171 1205 995 1270 1299 1240 1159 1151 1099 1386 903 1091 1037 1069 1126 1369 1050 1215 1078 1085 985 1128 1150 1026
1100 1191 1347 1148 1240 1093 1098 1037 1425 952 1042 1291 1283 1088 1079 926 1285 1220 1082 1101 1051 990 995 1005 1071 1127 1121 1064 960 1139 1192 1078 1100 1136 960 1063 1164 1070

0 0 0 0 0 0 0 0 0 0 0 0 0 0 0 0 0 0 0 0 0 0 0 0 0 0 0 0 0 0 0 0 0 0 0 0 0 0
0 0 0 0 0 0 0 0 0 0 0 0 0 0 0 0 0 0 0 0 0 0 0 0 0 0 0 0 0 0 0 0 0 0 0 0 0 0
0 0 0 0 0 0 0 0 0 0 0 0 0 0 0 0 0 0 0 0 0 0 0 0 0 0 0 0 0 0 0 0 0 0 0 0 0 0
0 0 0 0 0 0 0 0 0 0 0 0 0 0 0 0 0 0 0 0 0 0 0 0 0 0 0 0 0 0 0 0 0 0 0 0 0 0
0 0 0 0 0 0 0 0 0 0 0 0 0 0 0 0 0 0 0 0 0 0 0 0 0 0 0 0 0 0 0 0 0 0 0 0 0 0
0 0 0 0 0 0 0 0 0 0 0 0 0 0 0 0 0 0 0 0 0 0 0 0 0 0 0 0 0 0 0 0 0 0 0 0 0 0
0 0 0 0 0 0 0 0 0 0 0 0 0 0 0 0 0 0 0 0 0 0 0 0 0 0 0 0 0 0 0 0 0 0 0 0 0 0
0 0 0 0 0 0 0 0 0 0 0 0 0 0 0 0 0 0 0 0 0 0 0 0 0 0 0 0 0 0 0 0 0 0 0 0 0 0
0 0 0 0 0 0 0 0 0 0 0 0 0 0 0 0 0 0 0 0 0 0 0 0 0 0 0 0 0 0 0 0 0 0 0 0 0 0
0 0 0 0 0 0 0 0 0 0 0 0 0 0 0 0 0 0 0 0 0 0 0 0 0 0 0 0 0 0 0 0 0 0 0 0 0 0
0 0 0 0 0 0 0 0 0 0 0 0 0 0 0 0 0 0 0 0 0 0 0 0 0 0 0 0 0 0 0 0 0 0 0 0 0 0
0 0 0 0 0 0 0 0 0 0 0 0 0 0 0 0 0 0 0 0 0 0 0 0 0 0 0 0 0 0 0 0 0 0 0 0 0 0
0 0 0 0 0 0 0 0 0 0 0 0 0 0 0 0 0 0 0 0 0 0 0 0 0 0 0 0 0 0 0 0 0 0 0 0 0 0
0 0 0 0 0 0 0 0 0 0 0 0 0 0 0 0 0 0 0 0 0 0 0 0 0 0 0 0 0 0 0 0 0 0 0 0 0 0
0 0 0 0 0 0 0 0 0 0 0 0 0 0 0 0 0 0 0 0 0 0 0 0 0 0 0 0 0 0 0 0 0 0 0 0 0 0
0 0 0 0 0 0 0 0 0 0 0 0 0 0 0 0 0 0 0 0 0 0 0 0 0 0 0 0 0 0 0 0 0 0 0 0 0 0
0 0 0 0 0 0 0 0 0 0 0 0 0 0 0 0 0 0 0 0 0 0 0 0 0 0 0 0 0 0 0 0 0 0 0 0 0 0
0 0 0 0 0 0 0 0 0 0 0 0 0 0 0 0 0 0 0 0 0 0 0 0 0 0 0 0 0 0 0 0 0 0 0 0 0 0
0 0 0 0 0 0 0 0 0 0 0 0 0 0 0 0 0 0 0 0 0 0 0 0 0 0 0 0 0 0 0 0 0 0 0 0 0 0
0 0 0 0 0 0 0 0 0 0 0 0 0 0 0 0 0 0 0 0 0 0 0 0 0 0 0 0 0 0 0 0 0 0 0 0 0 0
0 0 0 0 0 0 0 0 0 0 0 0 0 0 0 0 0 0 0 0 0 0 0 0 0 0 0 0 0 0 0 0 0 0 0 0 0 0
0 0 0 0 0 0 0 0 0 0 0 0 0 0 0 0 0 0 0 0 0 0 0 0 0 0 0 0 0 0 0 0 0 0 0 0 0 0
0 0 0 0 0 0 0 0 0 0 0 0 0 0 0 0 0 0 0 0 0 0 0 0 0 0 0 0 0 0 0 0 0 0 0 0 0 0
0 0 0 0 0 0 0 0 0 0 0 0 0 0 0 0 0 0 0 0 0 0 0 0 0 0 0 0 0 0 0 0 0 0 0 0 0 0
0 0 0 0 0 0 0 0 0 0 0 0 0 0 0 0 0 0 0 0 0 0 0 0 0 0 0 0 0 0 0 0 0 0 0 0 0 0
0 0 0 0 0 0 0 0 0 0 0 0 0 0 0 0 0 0 0 0 0 0 0 0 0 0 0 0 0 0 0 0 0 0 0 0 0 0
0 0 0 0 0 0 0 0 0 0 0 0 0 0 0 0 0 0 0 0 0 0 0 0 0 0 0 0 0 0 0 0 0 0 0 0 0 0
0 0 0 0 0 0 0 0 0 0 0 0 0 0 0 0 0 0 0 0 0 0 0 0 0 0 0 0 0 0 0 0 0 0 0 0 0 0
0 0 0 0 0 0 0 0 0 0 0 0 0 0 0 0 0 0 0 0 0 0 0 0 0 0 0 0 0 0 0 0 0 0 0 0 0 0
0 0 0 0 0 0 0 0 0 0 0 0 0 0 0 0 0 0 0 0 0 0 0 0 0 0 0 0 0 0 0 0 0 0 0 0 0 0
0 0 0 0 0 0 0 0 0 0 0 0 0 0 0 0 0 0 0 0 0 0 0 0 0 0 0 0 0 0 0 0 0 0 0 0 0 0
0 0 0 0 0 0 0 0 0 0 0 0 0 0 0 0 0 0 0 0 0 0 0 0 0 0 0 0 0 0 0 0 0 0 0 0 0 0
0 0 0 0 0 0 0 0 0 0 0 0 0 0 0 0 0 0 0 0 0 0 0 0 0 0 0 0 0 0 0 0 0 0 0 0 0 0
0 0 0 0 0 0 0 0 0 0 0 0 0 0 0 0 0 0 0 0 0 0 0 0 0 0 0 0 0 0 0 0 0 0 0 0 0 0
0 0 0 0 0 0 0 0 0 0 0 0 0 0 0 0 0 0 0 0 0 0 0 0 0 0 0 0 0 0 0 0 0 0 0 0 0 0
0 0 0 0 0 0 0 0 0 0 0 0 0 0 0 0 0 0 0 0 0 0 0 0 0 0 0 0 0 0 0 0 0 0 0 0 0 0
0 0 0 0 0 0 0 0 0 0 0 0 0 0 0 0 0 0 0 0 0 0 0 0 0 0 0 0 0 0 0 0 0 0 0 0 0 0
0 0 0 0 0 0 0 0 0 0 0 0 0 0 0 0 0 0 0 0 0 0 0 0 0 0 0 0 0 0 0 0 0 0 0 0 0 0

0 0 0 0 0 0 0 0 0 0 0 0 0 0 0 0 0 0 0 0 0 0 0 0 0 0 0 0 0 0 0 0 0 0 0 0 0 0
0 0 0 0 0 0 0 0 0 0 0 0 0 0 0 0 0 0 0 0 0 0 0 0 0 0 0 0 0 0 0 0 0 0 0 0 0 0
0 0 0 0 0 0 0 0 0 0 0 0 0 0 0 0 0 0 0 0 0 0 0 0 0 0 0 0 0 0 0 0 0 0 0 0 0 0
0 0 0 0 0 0 0 0 0 0 0 0 0 0 0 0 0 0 0 0 0 0 0 0 0 0 0 0 0 0 0 0 0 0 0 0 0 0
0 0 0 0 0 0 0 0 0 0 0 0 0 0 0 0 0 0 0 0 0 0 0 0 0 0 0 0 0 0 0 0 0 0 0 0 0 0
0 0 0 0 0 0 0 0 0 0 0 0 0 0 0 0 0 0 0 0 0 0 0 0 0 0 0 0 0 0 0 0 0 0 0 0 0 0
0 0 0 0 0 0 0 0 0 0 0 0 0 0 0 0 0 0 0 0 0 0 0 0 0 0 0 0 0 0 0 0 0 0 0 0 0 0
0 0 0 0 0 0 0 0 0 0 0 0 0 0 0 0 0 0 0 0 0 0 0 0 0 0 0 0 0 0 0 0 0 0 0 0 0 0
0 0 0 0 0 0 0 0 0 0 0 0 0 0 0 0 0 0 0 0 0 0 0 0 0 0 0 0 0 0 0 0 0 0 0 0 0 0
0 0 0 0 0 0 0 0 0 0 0 0 0 0 0 0 0 0 0 0 0 0 0 0 0 0 0 0 0 0 0 0 0 0 0 0 0 0
0 0 0 0 0 0 0 0 0 0 0 0 0 0 0 0 0 0 0 0 0 0 0 0 0 0 0 0 0 0 0 0 0 0 0 0 0 0
0 0 0 0 0 0 0 0 0 0 0 0 0 0 0 0 0 0 0 0 0 0 0 0 0 0 0 0 0 0 0 0 0 0 0 0 0 0
0 0 0 0 0 0 0 0 0 0 0 0 0 0 0 0 0 0 0 0 0 0 0 0 0 0 0 0 0 0 0 0 0 0 0 0 0 0
0 0 0 0 0 0 0 0 0 0 0 0 0 0 0 0 0 0 0 0 0 0 0 0 0 0 0 0 0 0 0 0 0 0 0 0 0 0
0 0 0 0 0 0 0 0 0 0 0 0 0 0 0 0 0 0 0 0 0 0 0 0 0 0 0 0 0 0 0 0 0 0 0 0 0 0
0 0 0 0 0 0 0 0 0 0 0 0 0 0 0 0 0 0 0 0 0 0 0 0 0 0 0 0 0 0 0 0 0 0 0 0 0 0
0 0 0 0 0 0 0 0 0 0 0 0 0 0 0 0 0 0 0 0 0 0 0 0 0 0 0 0 0 0 0 0 0 0 0 0 0 0
0 0 0 0 0 0 0 0 0 0 0 0 0 0 0 0 0 0 0 0 0 0 0 0 0 0 0 0 0 0 0 0 0 0 0 0 0 0
0 0 0 0 0 0 0 0 0 0 0 0 0 0 0 0 0 0 0 0 0 0 0 0 0 0 0 0 0 0 0 0 0 0 0 0 0 0
0 0 0 0 0 0 0 0 0 0 0 0 0 0 0 0 0 0 0 0 0 0 0 0 0 0 0 0 0 0 0 0 0 0 0 0 0 0
0 0 0 0 0 0 0 0 0 0 0 0 0 0 0 0 0 0 0 0 0 0 0 0 0 0 0 0 0 0 0 0 0 0 0 0 0 0
0 0 0 0 0 0 0 0 0 0 0 0 0 0 0 0 0 0 0 0 0 0 0 0 0 0 0 0 0 0 0 0 0 0 0 0 0 0
0 0 0 0 0 0 0 0 0 0 0 0 0 0 0 0 0 0 0 0 0 0 0 0 0 0 0 0 0 0 0 0 0 0 0 0 0 0
0 0 0 0 0 0 0 0 0 0 0 0 0 0 0 0 0 0 0 0 0 0 0 0 0 0 0 0 0 0 0 0 0 0 0 0 0 0
0 0 0 0 0 0 0 0 0 0 0 0 0 0 0 0 0 0 0 0 0 0 0 0 0 0 0 0 0 0 0 0 0 0 0 0 0 0
0 0 0 0 0 0 0 0 0 0 0 0 0 0 0 0 0 0 0 0 0 0 0 0 0 0 0 0 0 0 0 0 0 0 0 0 0 0
0 0 0 0 0 0 0 0 0 0 0 0 0 0 0 0 0 0 0 0 0 0 0 0 0 0 0 0 0 0 0 0 0 0 0 0 0 0
0 0 0 0 0 0 0 0 0 0 0 0 0 0 0 0 0 0 0 0 0 0 0 0 0 0 0 0 0 0 0 0 0 0 0 0 0 0
0 0 0 0 0 0 0 0 0 0 0 0 0 0 0 0 0 0 0 0 0 0 0 0 0 0 0 0 0 0 0 0 0 0 0 0 0 0
0 0 0 0 0 0 0 0 0 0 0 0 0 0 0 0 0 0 0 0 0 0 0 0 0 0 0 0 0 0 0 0 0 0 0 0 0 0
0 0 0 0 0 0 0 0 0 0 0 0 0 0 0 0 0 0 0 0 0 0 0 0 0 0 0 0 0 0 0 0 0 0 0 0 0 0
0 0 0 0 0 0 0 0 0 0 0 0 0 0 0 0 0 0 0 0 0 0 0 0 0 0 0 0 0 0 0 0 0 0 0 0 0 0
0 0 0 0 0 0 0 0 0 0 0 0 0 0 0 0 0 0 0 0 0 0 0 0 0 0 0 0 0 0 0 0 0 0 0 0 0 0
0 0 0 0 0 0 0 0 0 0 0 0 0 0 0 0 0 0 0 0 0 0 0 0 0 0 0 0 0 0 0 0 0 0 0 0 0 0
0 0 0 0 0 0 0 0 0 0 0 0 0 0 0 0 0 0 0 0 0 0 0 0 0 0 0 0 0 0 0 0 0 0 0 0 0 0
0 0 0 0 0 0 0 0 0 0 0 0 0 0 0 0 0 0 0 0 0 0 0 0 0 0 0 0 0 0 0 0 0 0 0 0 0 0
0 0 0 0 0 0 0 0 0 0 0 0 0 0 0 0 0 0 0 0 0 0 0 0 0 0 0 0 0 0 0 0 0 0 0 0 0 0
0 0 0 0 0 0 0 0 0 0 0 0 0 0 0 0 0 0 0 0 0 0 0 0 0 0 0 0 0 0 0 0 0 0 0 0 0 0

602 793 639 558 584 595 509 750 707 562 749 582 544 542 703 455 644 664 909 730 594 601 557 584 666 822 522 637 714 561 680 479 720 599 398 804 524 603
480 852 701 639 633 638 658 545 674 785 663 728 866 734 732 635 787 476 815 639 580 485 488 772 632 639 927 594 1009 599 639 576 572 638 837 644 636 601
803 503 529 982 801 694 659 505 746 571 755 727 528 629 745 508 894 632 729 602 675 770 566 632 685 689 518 793 617 617 581 593 746 898 599 542 664 662
638 706 534 748 806 733 843 576 594 559 735 701 691 556 540 718 511 872 566 774 636 551 892 490 577 672 739 757 740 585 674 574 650 579 574 658 581 692
626 790 673 818 757 675 837 764 586 606 720 485 808 798 446 553 599 638 731 735 732 645 714 553 706 754 556 641 555 641 561 873 545 666 661 623 714 861
579 799 1205 806 859 676 652 543 703 628 738 477 571 662 570 659 757 745 575 670 638 815 660 654 626 559 673 662 701 624 626 741 751 880 631 757 531 659
545 668 480 663 671 694 652 795 757 664 774 606 797 643 574 787 494 605 746 794 645 698 696 750 796 756 661 620 607 640 581 646 635 674 737 603 751 868
810 792 667 632 814 681 874 765 594 707 599 529 629 561 533 747 673 530 462 783 715 703 702 476 629 672 752 691 726 818 570 781 635 841 558 617 965 717
845 654 685 496 757 602 558 527 644 469 775 911 629 740 643 677 592 592 520 651 449 908 795 648 926 629 831 631 538 736 688 909 838 752 723 704 627 673
841 537 816 698 703 657 844 635 639 690 900 672 509 630 664 686 592 729 702 664 452 712 492 634 566 877 737 627 513 695 609 428 805 684 643 819 558 704
806 518 694 588 596 493 821 741 675 733 646 752 621 694 666 684 665 704 654 608 502 854 660 717 747 498 787 686 665 854 599 809 819 696 669 778 797 808
636 640 628 502 461 613 673 479 529 521 668 666 577 703 746 495 732 723 727 689 841 628 528 797 679 696 869 666 548 658 688 589 645 728 741 491 699 800
790 553 563 659 633 683 535 609 576 609 939 620 915 477 606 649 631 736 778 609 661 627 671 579 607 600 749 705 596 568 655 603 803 700 706 853 652 743
632 665 668 596 834 634 937 695 449 507 625 784 727 735 768 678 602 561 657 787 796 738 658 659 507 652 731 724 685 828 735 600 828 721 574 594 812 678
556 555 494 470 546 832 898 690 663 829 643 700 644 852 868 570 669 617 722 720 513 663 666 649 689 777 733 807 716 521 762 809 924 757 655 753 623 537
839 883 550 608 613 654 623 817 591 499 623 669 681 613 806 705 622 645 845 523 655 727 704 530 659 663 663 617 628 602 653 754 831 716 850 702 629 683
808 640 779 492 531 584 739 544 638 750 762 732 601 525 661 952 772 599 582 649 598 600 667 666 639 750 860 473 610 573 905 732 652 725 482 677 768 443
640 672 671 752 603 734 677 636 689 752 621 605 585 598 501 738 757 715 600 821 523 514 669 699 466 779 677 777 729 732 609 679 654 690 880 687 732 844
492 626 501 617 837 716 723 632 754 765 695 731 649 661 605 591 757 944 675 710 840 745 545 543 721 590 529 697 664 789 636 680 690 884 764 898 793 646
722 569 700 384 647 754 485 703 464 494 583 513 670 699 760 777 742 868 669 739 553 915 663 543 620 754 689 671 438 540 651 597 637 725 488 724 634 646
722 808 779 637 620 741 670 679 594 695 639 598 595 570 649 518 623 742 754 815 701 1052 849 588 701 453 551 648 672 604 671 713 548 802 758 770 591 542
552 608 682 713 881 707 567 601 783 717 723 576 702 703 649 631 803 596 649 468 620 524 730 698 712 672 630 545 625 507 572 551 691 600 617 820 762 624
511 701 640 668 759 472 802 658 620 773 708 684 533 609 664 737 673 970 758 766 599 646 806 655 782 910 602 789 766 661 697 584 771 669 550 685 619 421
977 681 617 642 627 752 678 866 600 598 548 762 597 597 631 520 431 931 639 674 592 465 865 691 599 622 704 362 625 675 705 783 756 579 564 640 605 704
823 643 593 762 732 633 702 594 660 619 672 698 528 691 578 541 689 705 777 786 564 603 650 674 613 625 691 808 709 777 767 494 609 604 553 816 539 825
555 825 600 741 770 607 578 585 665 737 760 748 805 628 677 578 443 672 753 677 579 597 679 688 640 644 738 717 519 557 665 770 735 637 698 564 796 486
758 816 837 671 752 654 532 547 660 685 741 472 587 809 670 842 602 741 770 539 573 752 719 837 609 901 520 685 528 716 769 641 803 592 342 814 747 654
618 574 627 705 620 672 827 789 603 630 717 651 723 666 647 602 672 883 613 632 997 479 647 548 683 622 648 611 949 666 745 594 604 609 672 780 714 511
612 620 758 603 698 738 768 562 527 634 747 614 701 546 563 469 760 545 625 532 664 566 506 601 700 767 779 551 642 687 733 609 906 810 850 584 754 690
742 741 560 623 553 626 831 687 817 813 708 645 489 897 745 725 776 757 751 694 692 710 656 551 717 632 875 620 736 669 631 547 512 605 738 797 710 844
630 833 678 685 617 571 531 639 545 682 774 613 809 712 691 621 661 510 630 670 1005 733 595 551 691 713 615 894 602 833 774 607 801 733 850 582 605 749
705 717 644 1097 512 589 705 799 801 560 473 566 523 677 583 570 562 596 647 604 669 690 629 726 544 777 686 666 556 823 667 556 650 617 579 555 648 686
694 627 690 844 517 655 782 641 696 804 953 841 463 651 733 736 754 694 658 560 571 636 477 796 616 598 633 625 698 759 825 786 582 592 867 689 639 615
505 705 735 1089 851 487 708 687 515 610 640 743 566 503 618 653 687 785 603 795 772 652 570 902 831 637 682 657 748 494 516 647 705 534 529 554 639 811
759 702 657 778 751 705 718 669 582 671 502 679 577 630 795 560 531 673 766 573 873 629 712 698 629 591 588 928 428 481 813 606 651 735 648 675 677 533
477 758 521 648 704 590 674 606 669 677 557 824 669 702 744 778 727 863 825 720 750 795 730 817 710 653 747 523 624 916 614 681 758 412 776 597 707 532
780 813 855 633 809 830 735 670 717 581 605 461 667 794 745 743 1002 668 666 626 633 616 485 817 593 673 486 592 814 673 649 612 627 798 598 619 397 656
669 568 649 481 698 725 622 548 799 518 604 646 577 446 700 740 732 489 540 620 684 757 477 507 634 621 622 700 748 597 810 613 713 754 728 545 685 641

880 748 892 986 826 1038 754 843 1123 624 987 825 761 594 993 863 779 874 881 905 932 606 871 1041 814 815 863 541 972 797 765 548 818 954 782 663 797 631
825 803 942 661 1029 689 731 844 973 905 1013 837 845 945 770 725 622 837 571 934 697 792 825 849 1039 951 769 1141 842 786 664 752 874 616 833 855 843 611
690 903 878 978 920 797 749 881 713 674 813 923 1131 680 701 559 761 904 945 890 848 800 936 686 834 618 734 1150 503 931 484 1075 857 684 801 615 1077 868
727 855 750 745 763 850 940 711 625 852 790 835 718 602 798 1138 762 814 825 794 731 826 789 678 685 759 780 732 1130 801 761 903 661 576 730 918 788 967
698 739 864 798 759 912 905 541 1056 596 873 385 643 962 673 762 967 768 1033 705 652 944 501 1000 791 1057 902 896 888 682 719 633 781 848 931 916 751 1025
903 741 1048 1007 1002 792 760 792 972 670 563 1052 544 677 738 910 570 806 679 870 849 875 677 1041 778 645 805 901 633 627 786 756 941 594 981 827 745 971
725 694 844 651 794 885 710 627 746 790 845 802 588 925 780 634 917 618 744 990 722 622 798 629 913 552 1028 805 574 939 707 821 782 927 851 651 864 699
712 855 794 771 1024 684 742 578 1032 726 785 865 860 816 666 571 888 735 699 791 885 985 1011 596 722 1051 1132 610 635 895 773 879 899 940 864 786 777 973
1015 1012 1001 1008 823 820 944 924 875 1005 740 1089 714 696 795 778 973 835 1056 847 602 831 465 909 813 954 770 557 930 1064 920 1113 910 673 711 634 768 824
919 907 623 950 723 762 798 857 691 994 779 984 700 478 698 584 629 720 797 668 977 588 857 662 554 827 936 813 826 594 846 727 803 555 715 836 712 836
1016 769 701 977 598 838 696 955 680 840 542 873 778 1036 954 906 761 864 823 848 755 720 1175 873 755 883 908 954 962 717 735 790 699 970 835 625 790 731
943 795 640 847 869 904 801 751 800 659 701 1045 869 761 608 823 632 648 604 788 831 807 645 710 601 902 801 997 541 740 753 698 724 854 811 869 573 740
773 1157 563 667 887 680 737 910 603 910 900 775 730 713 601 994 672 631 826 881 720 993 886 823 1272 1024 650 1077 834 705 733 1103 1015 608 850 795 790 578
961 993 777 694 559 819 806 840 784 735 562 555 637 839 745 951 853 1000 484 819 823 1095 684 759 886 491 842 825 916 619 648 612 1070 659 845 918 708 965
648 812 604 733 682 732 685 751 626 835 763 1023 808 622 1004 534 1121 881 846 746 800 643 857 885 703 867 1014 857 770 607 744 1046 763 824 817 716 771 910
791 882 1173 646 770 675 911 1001 721 801 893 895 589 870 887 598 746 976 870 551 995 677 770 847 857 753 781 642 661 974 1227 811 649 1020 956 951 758 840
717 480 695 741 842 692 659 900 939 672 915 919 741 1021 1027 852 987 716 693 770 893 1140 845 858 709 730 1018 593 524 1074 768 963 678 1031 725 665 891 698
583 731 964 1097 816 837 521 912 966 827 823 561 781 835 692 815 850 762 559 795 713 641 640 958 725 794 637 778 733 714 654 966 907 630 691 831 766 976
593 658 925 640 982 722 616 834 1064 923 1024 873 1012 949 942 844 833 692 724 754 830 688 829 656 731 751 715 625 701 619 832 749 842 798 822 751 765 797
966 638 725 916 648 650 571 879 866 514 862 908 957 648 679 853 907 706 654 604 997 901 758 844 781 586 938 965 559 804 605 527 1106 564 569 819 1030 585
777 630 661 823 928 790 938 711 723 679 966 759 668 827 703 746 605 989 651 697 1193 728 955 1112 911 827 820 1169 645 919 714 825 904 699 711 907 888 586
829 905 676 714 651 901 884 551 955 772 630 750 936 789 615 1022 998 827 891 846 904 655 1041 762 955 862 985 726 805 1018 796 953 885 764 649 579 936 845
1131 885 801 694 949 814 879 523 852 858 922 854 929 894 519 853 532 1062 762 663 781 691 685 765 942 906 725 929 766 1008 903 784 852 992 971 761 812 876
959 847 908 935 886 874 767 766 810 832 1004 646 983 791 1022 750 655 679 949 771 646 733 753 745 726 789 741 992 563 870 704 700 783 839 587 782 954 842
727 598 849 919 974 803 656 829 969 864 928 872 1096 699 958 591 938 791 718 534 717 788 766 866 622 812 510 711 645 834 702 893 689 995 627 760 683 762
847 662 969 638 1089 786 520 841 459 948 775 722 705 1191 613 736 913 889 812 661 703 971 519 733 774 985 887 932 663 864 574 868 907 670 673 716 966 608
937 855 799 787 765 722 707 578 892 932 683 841 951 790 987 755 933 1113 854 625 996 745 780 782 795 745 778 732 904 957 797 803 658 1016 1044 667 826 695
962 547 831 612 580 691 722 675 940 867 682 898 1183 1076 780 899 843 897 735 712 734 888 784 673 800 711 957 618 721 674 829 764 810 1123 768 722 1006 552
780 646 835 543 751 932 708 906 856 905 501 805 1080 643 675 865 931 707 840 900 786 808 1097 812 675 822 734 1098 983 781 856 934 791 879 770 825 858 847
842 820 678 930 798 676 1006 901 738 709 683 956 694 957 776 840 843 675 781 714 694 763 826 888 817 1067 789 664 875 807 978 703 521 941 632 588 856 617
736 898 711 719 797 660 721 907 733 750 979 1320 541 983 784 679 679 755 914 834 1283 834 718 953 714 770 708 986 940 806 856 737 851 900 689 892 1070 640
763 717 961 855 784 612 702 741 682 889 830 967 842 983 664 783 617 733 1093 863 536 603 868 635 1093 659 853 971 759 689 1084 1104 703 866 694 663 937 843
772 573 904 750 827 942 886 1021 803 773 791 752 799 854 600 809 918 721 813 723 654 807 784 717 887 875 929 911 763 509 1004 634 734 871 830 825 816 489
659 713 649 714 748 748 871 738 620 1018 827 1022 695 773 842 659 984 775 881 830 739 587 928 936 817 981 817 911 866 826 926 816 724 691 536 1182 748 710
1028 902 733 743 697 854 617 774 798 694 840 594 628 958 755 660 861 809 935 898 803 701 810 641 858 782 720 596 745 1057 942 828 585 817 899 852 911 707
852 811 794 819 773 757 668 1090 713 977 752 551 829 749 692 865 786 918 820 1121 788 766 968 694 1150 638 703 745 871 792 562 782 993 703 782 579 880 795
1051 950 876 776 959 1028 970 785 845 703 884 897 513 1157 817 789 1003 858 758 741 900 704 954 557 828 867 652 727 747 864 844 735 819 884 877 691 982 706
800 783 692 791 702 887 695 944 816 767 856 760 776 926 813 830 806 715 769 905 674 779 880 745 903 768 788 896 1022 947 903 794 835 932 692 847 766 729

975 934 1134 1118 915 831 947 855 1048 768 1127 1012 928 1083 1060 916 870 1092 1090 1038 1100 937 858 1068 1245 827 925 642 934 800 949 787 954 881 863 1136 935 865
914 1027 823 690 875 1065 1024 952 1129 929 1113 990 872 936 1164 1101 1064 1046 1195 1021 943 909 842 952 1109 904 934 734 1190 852 952 838 859 998 697 1205 967 946
948 898 968 971 1182 945 970 1040 1184 990 1067 979 695 949 931 875 985 946 1038 817 1075 808 871 1095 921 1215 987 1061 923 868 1010 1120 951 1032 1000 928 989 858
894 1091 1056 900 1087 1127 1008 1118 933 1012 916 820 825 913 790 1069 1042 1023 861 1001 848 874 1199 1164 1085 966 913 953 974 1145 845 969 1075 1067 932 948 928 1129
851 974 972 1126 1136 877 947 962 1088 955 804 930 884 955 952 855 815 1238 951 1035 1127 787 961 1026 874 1028 959 1019 838 953 1019 1156 980 1185 915 914 1014 963
901 1051 968 987 976 864 1025 1059 1055 781 934 916 980 934 1046 945 997 1001 1033 920 1150 1046 874 921 1410 1028 835 1123 1022 824 1343 1157 1078 962 936 908 933 985
1142 751 1003 1011 1211 1069 900 986 984 1105 943 926 1027 1105 836 977 959 950 1012 965 1058 1063 871 1031 972 977 1064 1210 1053 855 1003 1047 803 897 1183 1087 1177 1016
1112 853 994 984 899 1054 991 794 983 899 919 1043 853 987 945 876 968 769 815 964 1015 1174 1106 873 846 956 969 940 922 975 983 1028 928 811 1067 1225 1044 1043
972 1075 1236 949 1212 874 1035 1138 1160 745 1160 979 1130 1000 972 987 914 1068 760 1019 1011 1213 1052 791 1195 1033 987 1043 996 1160 1061 1114 1080 984 968 1039 1113 849
1119 1117 1229 1163 1095 1094 1032 877 1218 1121 1083 689 1010 1051 980 925 922 1039 951 967 987 1002 1136 942 1060 870 940 1128 929 1031 938 908 1052 846 946 875 890 889
1094 1131 1116 1032 896 777 1069 860 941 889 993 910 972 967 1118 1085 931 980 910 864 848 1110 1080 1164 1066 962 1067 822 974 1143 908 897 1091 989 1054 1116 1137 1063
1020 1073 996 878 867 1025 831 918 1180 794 1192 848 1013 1054 1000 1150 1128 1113 1001 806 918 1137 972 1066 837 1135 895 1014 979 1068 1218 952 921 1014 1004 892 1202 1197
821 830 894 965 991 1031 895 988 1041 983 947 1027 946 1142 888 917 922 813 1023 994 985 1040 957 1126 1018 1073 788 947 907 1125 807 912 921 1066 1238 1086 1113 960
1126 1009 1033 1174 1035 1130 878 1060 1017 837 949 833 757 777 998 987 1042 851 1122 932 1143 1183 904 747 1201 1046 825 907 1072 1000 907 1118 1139 1027 1049 1045 1077 1094
1073 1028 1153 829 745 1079 794 903 1011 928 879 846 1146 892 934 863 1054 1070 1090 1142 1051 1067 1260 953 1114 964 1150 1279 1032 851 1094 1049 941 1101 945 1056 960 1128
1056 1157 803 987 1000 792 1005 1049 915 991 909 1170 958 942 934 834 814 951 1016 823 913 1047 730 1102 996 939 998 1095 1120 1014 1001 839 1224 1061 1117 1028 1017 1011
1031 793 795 1026 952 976 820 952 794 1138 943 1125 1150 901 1025 993 857 1128 1064 1030 1040 865 1052 889 916 895 735 837 952 1074 1150 1051 900 857 907 1127 1288 1051
865 957 986 1124 1112 1100 1056 896 990 1044 1139 1106 889 906 940 851 978 960 876 1024 960 924 896 851 842 922 898 961 961 914 1005 865 943 919 1039 998 892 872
863 1066 939 1153 1080 1043 944 984 831 994 908 1233 1100 1166 1042 1040 946 900 932 1076 1083 1005 989 932 991 1010 1062 976 1022 868 1132 766 827 1001 1056 926 1066 1035
1130 975 1021 1048 941 1214 759 973 987 958 883 1031 978 892 1189 907 1002 959 995 1031 972 1222 836 953 1161 958 957 911 1030 764 987 817 1006 1121 816 912 975 1102
939 1141 905 1007 913 1324 1034 991 1035 1052 1110 1176 1310 981 1099 919 971 1029 722 781 886 1015 998 937 1363 788 784 1075 983 1059 1187 865 960 950 954 1304 890 908
1038 890 1062 945 1085 1067 1078 1064 852 1015 897 1137 862 975 903 941 1114 1022 1013 736 919 979 1017 956 1072 867 1009 812 1056 982 880 940 1073 1087 949 1064 860 1207
930 786 960 1040 1040 846 881 811 781 1005 1017 948 914 1070 820 957 1151 852 989 971 1064 1062 1236 841 1113 930 1024 1046 987 1191 1204 981 834 898 914 874 1003 873
866 976 944 767 1010 990 1163 702 1172 1032 966 956 1115 1027 926 935 1085 1171 1127 1094 764 714 1093 935 1042 867 1049 1079 959 754 826 1009 932 991 904 1067 887 998
828 990 774 905 1066 981 1063 904 1145 1046 1044 1105 1057 815 966 1040 1154 786 1350 1037 926 988 1228 1033 940 964 937 1213 1104 889 1069 732 855 936 1069 963 991 983
841 973 944 914 972 1005 1050 1000 761 1011 1002 902 1228 843 1018 1089 793 965 881 1155 910 1233 915 844 1094 841 862 1042 846 960 945 1055 1037 1044 888 1030 1129 880
838 1093 1067 1142 894 1029 1066 869 1053 877 1018 1007 1104 1041 1096 923 905 1053 828 936 968 1110 876 1037 894 930 1170 1039 1026 1049 1087 962 1002 1127 937 1079 827 1074
751 1061 1161 1112 933 884 986 1103 1150 1042 1064 839 967 933 752 1047 1107 1132 896 866 1145 856 897 1005 929 1070 842 987 1074 959 980 995 908 1136 1031 1017 1106 934
1088 1070 852 908 1219 1065 1173 982 944 1154 1104 849 1012 999 888 962 1025 909 944 826 1045 957 912 874 997 933 1054 934 1019 937 1066 1187 1167 909 968 756 1261 1131
1206 919 922 1092 825 1083 1171 1011 1108 991 784 908 1102 1044 927 878 990 1207 973 854 1203 1021 913 1112 1134 935 1042 842 908 1150 986 934 788 1058 1091 932 810 1172
1037 1140 1158 1041 1047 1023 960 988 874 1061 1096 982 1166 1083 968 942 991 945 888 945 1040 1250 1061 984 1070 1235 1103 1026 1302 1205 1043 1200 1163 1034 1006 965 1167 1038
1068 933 960 1028 914 929 1020 949 1090 939 923 1026 885 885 749 788 1034 998 957 1020 1194 1112 836 974 772 1032 862 957 1058 1173 925 992 994 919 910 771 1154 945
861 948 791 1023 838 911 980 856 1283 1027 969 1037 828 985 1172 1180 783 739 991 943 888 896 785 806 961 741 1049 1045 873 867 1136 950 1024 1017 1084 905 1110 754
876 934 1148 1233 933 1052 891 1062 1009 1100 980 941 789 949 1241 866 998 829 965 930 900 916 921 928 1174 1111 1085 1034 1216 1197 965 1073 1190 1136 848 993 845 882
876 1083 897 1016 970 817 1204 841 1166 851 1040 1002 906 948 924 996 836 970 946 998 907 789 1060 983 1152 996 1147 1093 1321 1048 1177 879 1057 984 958 1033 1157 840
1078 878 952 896 919 980 1065 902 799 873 931 953 1140 1028 1062 800 1215 1101 990 1087 1033 984 980 1039 1024 1034 956 902 895 1270 1397 979 964 1049 912 944 1081 1065
1088 939 1196 934 882 1075 960 1152 1029 937 902 937 1049 769 1019 1180 1042 1168 1145 1142 1084 1066 1101 958 908 1080 1008 832 981 1087 1055 1169 964 975 883 1157 870 837
891 898 929 917 880 1177 930 1022 1341 858 892 1105 979 948 929 1018 959 1019 753 1069 891 1055 857 890 1086 946 909 1127 1269 1070 1099 958 948 998 957 966 988 1008

868 878 988 813 522 697 797 805 1109 769 796 657 1019 798 1170 701 787 1021 928 1317 914 831 922 871 812 1098 775 645 1055 839 724 865 746 810 1032 933 796 906
889 964 713 1113 910 804 854 929 832 610 1097 852 1026 973 843 969 943 797 770 965 867 681 796 924 1008 711 868 1079 592 845 795 722 968 844 879 896 833 912
874 859 774 838 880 968 702 906 876 620 1128 869 881 683 770 834 576 843 1096 955 888 692 973 834 936 737 867 817 743 771 858 893 1074 816 930 941 1045 834
762 679 969 864 1043 844 923 803 1051 730 884 816 923 643 882 1003 847 753 1007 835 902 969 892 908 701 647 740 944 925 730 877 920 736 996 797 896 807 892
939 826 1075 610 727 1040 680 775 905 725 831 771 899 879 764 892 784 779 1108 778 814 987 834 842 1135 715 805 620 890 800 708 841 890 912 1130 733 1022 1154
1024 974 761 1084 1030 792 766 986 914 753 608 868 642 849 1044 789 865 1079 816 882 868 777 822 664 906 632 1028 708 781 987 1006 841 926 795 871 665 773 796
752 784 708 779 1079 786 989 756 997 1037 823 932 707 862 962 604 881 799 851 906 859 832 806 780 962 665 1001 889 737 886 595 849 707 938 987 944 863 897
867 1089 745 808 1083 754 1072 997 838 863 770 796 841 923 736 761 1113 864 828 891 997 895 713 821 899 817 993 749 811 1279 1016 746 754 872 812 1108 1070 744
985 839 661 1112 745 835 813 578 820 608 883 1328 839 735 901 673 861 724 812 652 1383 1032 879 896 591 983 937 809 879 837 925 853 935 822 947 895 805 795
977 870 783 872 1003 869 859 835 633 926 687 888 647 818 867 793 665 923 895 676 993 624 922 682 680 805 881 723 673 916 855 847 832 827 922 750 914 830
711 849 914 894 586 851 918 1000 932 776 644 878 1102 1019 1224 970 793 851 767 728 903 724 992 886 851 1090 1043 917 920 795 1051 963 651 787 1012 917 930 756
875 955 853 1052 939 827 625 965 786 911 797 679 794 837 1005 998 730 928 886 934 969 844 708 924 1266 1127 794 935 618 879 798 888 975 763 861 974 940 917
981 1304 509 860 1007 579 801 1070 660 918 899 854 738 735 869 1063 715 900 718 865 785 1048 700 666 861 827 612 1076 777 791 607 764 887 783 820 908 766 930
1003 959 648 808 867 864 805 960 1005 859 700 888 1075 970 869 736 838 705 831 1157 998 932 769 878 692 609 1003 958 893 800 864 1044 1071 692 1029 758 759 1093
742 507 604 872 755 907 969 917 859 825 838 757 904 1020 895 878 770 882 965 739 730 890 961 917 922 699 941 861 780 811 864 1090 863 911 1011 823 868 977
699 897 860 857 1015 702 964 1074 760 868 675 826 795 852 1090 979 1031 847 767 822 948 697 863 904 1075 1082 1022 824 762 1029 1009 824 843 1085 919 1066 832 897
816 605 804 898 864 702 946 914 806 998 799 999 765 718 726 813 818 1096 714 837 852 859 673 969 884 737 834 849 810 1039 785 1259 674 906 848 968 1054 1037
881 985 1061 842 957 754 868 1062 969 742 995 776 756 861 793 722 918 894 682 1088 836 739 948 981 813 844 760 897 702 951 877 972 948 978 888 1210 699 1020
793 628 896 910 953 798 785 886 1023 809 1053 947 1144 693 792 803 1087 743 794 804 871 909 765 805 1152 561 893 765 978 983 721 733 1026 858 909 820 1063 836
991 750 878 1172 761 652 787 791 694 619 795 807 817 832 862 830 1284 999 770 857 989 790 844 899 907 955 904 889 561 927 628 747 1041 722 781 915 798 622
951 784 822 770 791 758 1016 845 1033 647 854 950 762 843 691 814 632 865 836 947 1011 991 1092 1011 881 846 925 862 831 986 843 730 959 944 869 1013 1134 827
1055 802 905 1058 992 797 798 788 943 808 729 955 826 873 695 736 733 1006 911 704 959 688 919 728 806 872 641 859 676 1054 866 985 884 864 932 821 964 1089
677 853 844 751 618 921 800 1036 772 789 998 884 918 571 832 895 831 960 1247 814 812 801 1309 854 1052 840 772 1181 831 862 887 789 934 955 993 1008 759 984
774 894 837 993 875 964 690 825 1014 867 792 933 1104 802 819 770 608 886 837 773 925 680 708 899 931 910 827 595 809 780 816 1116 930 888 881 864 1150 741
696 952 760 924 925 716 842 1075 719 932 1059 884 939 819 906 842 1005 823 895 763 880 792 649 983 696 998 930 1011 1113 898 937 863 989 1091 649 875 1009 877
767 813 940 769 1194 908 788 834 701 921 883 703 715 858 879 903 912 825 1015 754 749 1107 664 1047 791 916 928 765 687 956 724 935 909 991 955 638 907 993
1199 929 996 691 963 905 853 765 572 983 839 752 757 760 910 912 932 902 924 672 886 1021 1052 972 807 941 835 726 859 1011 842 829 615 1420 708 559 619 838
1070 727 912 778 777 643 667 914 1125 926 854 862 1015 701 740 887 856 1013 890 805 1023 961 749 671 956 882 975 606 919 951 853 777 886 999 715 739 1134 780
901 798 922 713 858 820 798 978 628 1097 818 1066 646 746 797 886 889 742 716 976 729 831 1120 900 867 686 827 834 887 682 1020 907 958 1113 782 746 800 833
851 885 696 676 787 736 1166 813 810 782 869 981 693 794 849 832 708 1075 875 848 1101 884 618 1073 705 977 594 941 1003 798 980 695 732 696 672 772 976 855
679 1080 995 923 932 924 1317 729 829 785 1008 1109 844 1027 1009 762 886 722 895 1033 1062 661 974 977 999 832 993 1189 1291 810 1051 815 998 1148 814 731 839 890
773 1032 1038 1050 735 845 862 956 644 1413 682 761 571 894 830 692 784 929 843 901 815 813 1073 701 958 921 738 1101 927 825 999 1024 907 947 914 829 1104 644
794 874 937 575 863 965 878 855 802 1182 1073 994 754 956 951 954 915 710 949 1019 819 782 807 764 939 1145 972 913 593 1201 1098 806 909 842 1079 866 895 754
770 835 897 962 799 773 890 828 658 1042 945 773 751 878 836 681 1070 935 785 1063 746 675 837 1131 656 898 983 875 1030 769 1128 704 854 745 710 1077 741 836
1140 861 885 948 883 913 1054 906 824 967 931 858 758 1002 734 888 975 779 791 938 813 853 985 796 1058 821 785 749 741 811 998 852 628 956 1080 1003 537 767
964 976 868 969 922 765 797 732 706 912 848 1270 569 1030 1180 942 933 894 946 950 722 744 938 768 1041 551 1248 693 967 881 852 900 856 605 1143 898 854 945
1180 924 1176 895 962 967 1008 784 803 808 928 1003 673 964 1130 981 885 1169 1017 817 896 795 1004 931 883 865 743 889 862 895 876 757 1111 845 965 878 854 650
1098 887 998 833 851 908 716 968 955 931 981 868 768 799 808 743 876 861 612 952 829 757 605 878 839 673 905 841 972 966 1077 1184 1056 760 749 1178 848 709

1042 1220 1059 880 1011 1123 841 1013 1176 1136 1033 1107 997 1081 981 1063 1305 1424 977 1331 1002 1127 973 1226 1021 1219 1051 953 1110 920 1086 910 960 946 907 1024 981 848
876 1080 929 1033 1008 808 981 920 1164 1110 874 1077 1020 1161 1058 1195 962 905 1132 1065 1071 942 885 1027 974 1116 1016 972 1007 928 1026 831 957 1257 1058 985 1007 882
840 820 1171 1005 867 1088 980 940 1341 894 1396 1155 1174 1015 1112 1015 884 1231 1141 997 936 934 968 979 1028 903 1001 938 961 1190 1068 980 825 1126 867 913 994 1069
1150 929 906 1154 1056 905 919 1038 871 968 757 1200 1066 1006 979 1050 944 1186 1065 973 1058 949 969 989 1019 999 862 1042 944 1147 1108 1042 895 944 1138 1089 1050 964
911 848 1076 901 1034 1295 973 852 1150 950 1110 814 1170 1078 945 899 1123 857 1183 1064 1070 1372 991 883 1213 924 1104 1082 944 933 995 1213 927 1049 1056 1262 986 873
1175 1365 1072 1157 1024 1110 1111 1327 946 768 981 1032 1000 899 943 886 996 1110 896 978 1026 1026 988 1354 866 1065 991 1122 942 773 992 988 993 1040 1060 1250 1038 1053
955 844 1148 1059 843 1063 991 878 987 1267 1149 971 1145 1019 934 1018 902 1025 1223 1099 864 798 1050 980 859 723 984 1208 1032 1036 920 1129 1046 1230 1060 1035 916 1031
1037 1166 847 1048 1212 1157 1034 1218 1031 974 938 1018 1210 1169 1045 1235 1157 1104 805 1031 895 1093 1005 1005 926 968 1134 1116 849 1060 1087 1117 1020 1102 1095 998 1010 979
1045 1061 1127 1168 1143 883 1117 848 1182 1091 1193 1013 995 979 1061 1017 1067 955 1091 867 1027 1075 1006 1186 1119 1144 1046 1084 1084 981 1016 1179 917 1274 989 845 998 981
1139 842 1080 1065 993 1100 1068 1048 857 989 1199 1084 820 1148 1118 911 830 1161 998 1022 907 876 1108 993 877 934 1046 879 908 884 785 1216 840 799 814 1004 1022 1022
993 1007 882 1417 1206 818 937 899 1047 1084 1158 1284 1019 1235 1088 1017 1245 1087 973 1033 1082 1009 1173 1055 994 1055 1073 1064 1007 852 921 907 1011 1210 927 950 1073 1030
898 905 1109 1213 990 1145 1044 1060 1037 912 852 1110 1062 768 906 916 1081 1040 828 1149 984 935 988 1026 1088 1378 1274 926 929 983 1106 1123 882 1161 1247 1255 1087 1075
855 1195 962 975 1367 918 963 925 957 1045 1145 865 965 927 803 1095 998 848 995 932 1164 1041 695 1036 1211 1102 1101 1123 984 885 977 841 1064 1210 985 1234 1128 1141
1119 1056 823 1030 1106 755 1079 998 1084 1039 1002 1006 1074 924 1213 997 1150 1130 1074 1060 1049 930 1068 1034 934 905 989 1130 1065 1029 981 1037 1013 1192 1262 1053 818 914
1265 927 873 931 876 904 975 1013 1041 1067 1222 1037 1243 1093 849 1045 1077 786 1020 1184 1044 823 953 917 992 1214 855 941 1144 803 949 1118 965 1244 1140 895 1038 1107
853 1004 961 1053 1063 1255 1063 902 980 982 1214 1030 1213 1140 892 897 920 1104 950 1043 1290 884 1049 908 1187 1198 826 994 872 952 1032 781 1061 1172 1404 845 1091 929
1021 1047 1077 1029 824 1076 1130 972 981 1078 779 1022 1070 899 916 978 971 875 1034 1046 1112 1143 906 944 1233 1005 1091 752 1131 965 966 1154 976 977 915 968 931 1170
936 1022 925 951 1098 1114 1083 901 871 1304 1105 818 903 1148 881 904 1318 1133 931 929 1007 889 1049 923 898 1215 1045 964 1191 1096 857 1090 1078 1118 966 1089 912 890
1027 924 978 1071 1228 859 1194 1214 1249 1082 973 1061 1111 1231 1077 872 885 933 934 1036 1076 1072 1117 815 1085 724 1030 1080 1056 881 1080 937 945 1167 1035 967 972 1168
866 932 999 831 1025 946 969 1086 1181 1207 765 1143 1205 941 1159 1085 1318 853 951 1014 870 973 1106 977 1045 964 1077 1126 877 1022 902 1006 1180 892 1018 1045 1121 1139
1082 905 1031 1016 957 891 1223 1147 750 901 954 1161 1073 1143 985 884 959 1193 1090 957 881 1201 840 1457 1121 853 1167 899 838 1024 1133 1020 1168 805 1004 989 1060 1002
870 891 1032 1025 1186 1086 864 930 883 926 986 1100 1110 1246 1104 867 994 1039 959 1042 1113 774 1273 974 1118 1253 1298 939 1097 1091 1144 1016 927 779 856 1219 1063 1284
1148 1226 1140 857 1113 887 1025 1056 1284 989 1031 1183 935 1218 932 1187 1364 1073 1310 964 1022 1211 1163 945 1040 978 965 1062 1133 1023 1170 963 933 863 1353 1037 1158 1004
1075 1016 1012 956 1105 1000 1046 977 917 1111 1138 1003 1110 1064 1075 931 873 1093 766 1176 947 927 865 880 1126 1179 943 957 1068 1045 1022 1161 1032 1010 955 1018 1184 1376
1059 950 1052 1506 916 1124 978 1067 1025 1019 1139 1038 883 809 1176 1019 1254 867 1003 818 878 969 1066 1103 876 1128 858 1007 898 1197 952 902 885 968 1036 966 1206 877
942 1143 1217 983 995 809 767 1087 1076 903 1112 862 1247 1160 830 984 1025 1027 1062 909 963 1090 904 1201 846 1147 992 1098 808 1248 964 1042 1097 969 795 1370 951 985
1159 844 888 989 1133 974 883 1074 971 1199 964 947 702 1068 1179 1009 914 987 1206 739 927 1153 1071 1118 1180 1026 1063 962 1086 942 896 903 1113 1025 1353 1067 1144 1201
1062 952 1025 952 1105 1101 887 1107 1258 891 1051 1074 1205 933 1053 1073 891 1106 1021 1003 1151 936 1069 961 1002 871 1006 1124 920 1125 955 1018 1060 1068 1080 1008 949 1016
1197 857 1243 1040 1027 966 1076 1308 1174 1033 874 798 1107 933 1016 1018 948 889 1092 1180 898 1085 1122 993 1068 914 940 985 982 1083 957 952 984 1069 1283 917 1123 962
968 1138 1196 957 833 1024 1012 1092 1088 949 950 1064 830 1008 960 1304 957 1208 1068 838 890 1130 1110 983 1045 1042 913 1138 943 1111 946 999 953 910 1138 1015 1004 1242
904 945 845 976 1064 885 1270 1272 1191 1078 1370 792 1123 1147 895 1069 922 1002 1010 1304 1118 965 1137 1013 836 878 1018 1085 901 1136 849 909 1253 1231 1075 1168 987 886
1107 1030 1120 1179 1150 1019 1006 1288 892 988 1074 1433 843 1067 1146 843 951 1064 883 1047 1014 905 1016 1040 1162 1014 1054 796 1045 943 1144 1164 1040 752 1156 875 1106 1002
973 878 963 834 825 976 934 1079 972 1004 987 990 913 778 1229 1170 984 1315 992 877 1027 1099 1099 1165 1077 873 957 1291 891 1020 1180 1031 1014 948 1057 1062 938 1068
861 948 1147 1037 1044 990 882 940 912 1045 1019 904 1006 1029 951 909 1190 1152 1035 1070 891 778 934 1217 1039 974 986 758 1004 1037 1109 1050 1017 855 909 1091 1066 1100
1188 999 975 1316 957 995 1097 949 1000 913 973 1070 1053 990 876 1133 1192 1186 1270 658 1353 908 932 1008 901 1019 910 863 950 1025 1091 913 922 833 994 987 1044 1229
960 954 972 1323 1025 1052 855 1171 948 991 840 915 960 1087 1083 1201 936 1038 1048 1166 956 1182 1124 1228 1213 1222 1010 947 1061 845 1051 1066 894 1041 1010 1044 1017 1315
1096 1140 1271 1020 1066 1173 1234 880 1003 956 962 914 894 1168 1239 1027 1095 1066 988 1098 989 921 1099 894 1062 1197 792 856 833 789 998 881 940 997 957 1021 1490 1189
974 1132 1074 991 1233 950 933 864 908 912 1223 1205 919 1227 891 1131 904 972 956 1117 902 1082 809 838 1121 1021 940 1036 1377 1081 925 920 1149 987 1035 1031 1055 901

676 692 615 534 673 578 485 637 636 767 804 654 613 459 757 563 544 581 781 757 863 592 487 757 640 640 712 712 436 651 499 719 572 666 763 723 686 768
588 735 434 711 705 658 542 376 636 431 581 572 665 754 659 692 590 701 583 532 661 474 541 659 786 451 672 525 505 707 596 638 413 669 861 498 621 472
595 556 650 585 709 676 736 728 626 635 433 651 604 401 547 728 784 446 703 807 697 551 925 534 441 590 765 667 776 478 654 901 629 562 511 725 869 609
403 441 655 766 433 606 817 700 935 592 798 376 617 400 685 325 827 624 751 721 455 711 757 513 628 607 735 680 750 504 591 658 627 655 459 500 747 588
585 755 549 560 726 419 625 504 773 509 505 520 415 636 586 619 689 905 673 642 733 623 964 734 748 634 694 507 582 776 557 490 719 654 684 335 515 738
825 712 614 558 566 786 603 438 749 627 628 806 412 734 536 642 676 505 720 719 686 418 618 220 1141 604 891 857 438 679 416 835 845 743 902 746 483 654
561 619 448 585 542 625 609 631 792 468 493 760 733 789 636 671 620 644 362 686 767 721 459 461 835 692 766 744 715 372 555 1103 492 623 596 839 483 681
637 636 602 641 604 631 659 390 637 709 457 746 704 783 650 477 636 619 660 753 919 520 450 599 641 561 713 863 737 762 511 487 510 511 1197 590 584 589
712 683 375 722 577 521 556 451 543 576 581 975 538 618 581 409 425 465 489 661 945 474 991 500 634 554 610 444 690 944 675 828 532 491 601 702 506 737
600 627 640 884 656 697 781 643 624 679 468 992 580 1054 913 610 670 681 589 496 568 693 765 746 454 842 564 511 575 674 659 810 498 522 581 513 590 590
431 807 391 892 550 617 590 722 437 679 526 570 720 687 389 702 470 510 604 579 798 619 498 606 383 681 782 564 617 573 773 588 574 518 775 753 477 651
674 738 487 430 650 415 461 697 291 732 643 753 664 643 565 692 934 565 661 608 652 752 454 533 657 708 355 833 392 813 523 453 606 646 612 632 615 702
631 608 482 562 583 704 526 585 816 743 687 517 692 488 498 603 670 577 282 800 464 768 638 599 617 493 607 736 520 703 564 611 545 744 825 661 507 727
476 634 514 756 635 774 514 654 335 512 956 646 560 588 612 718 698 413 772 644 651 602 854 514 509 638 738 540 666 649 525 768 703 497 518 526 685 784
496 661 506 546 818 561 843 822 550 752 625 553 376 487 649 685 724 947 632 742 819 537 588 660 514 491 842 1033 598 621 742 485 742 645 817 592 627 760
698 618 528 497 578 372 507 836 620 647 609 717 487 672 595 506 662 736 614 714 499 403 666 729 416 714 735 639 633 564 569 769 327 778 754 512 661 476
491 742 691 719 496 681 514 469 612 457 801 467 571 469 580 611 526 593 572 537 769 411 615 753 526 536 697 584 459 788 580 657 636 681 736 710 613 770
513 616 663 509 686 519 538 582 508 583 421 660 888 582 703 652 676 466 684 676 424 698 577 827 518 569 813 538 580 663 722 581 671 721 631 580 633 775
530 521 672 898 656 796 505 547 593 547 595 589 618 607 590 493 688 689 442 858 860 583 423 788 515 562 728 589 651 580 557 685 697 726 796 471 794 426
500 401 685 754 510 744 549 506 525 697 676 784 784 873 754 518 523 546 580 558 627 571 697 503 707 855 655 613 494 768 470 415 762 583 546 900 667 699
560 648 751 600 655 539 653 753 740 608 629 626 581 562 711 758 768 854 701 591 782 717 788 315 766 529 672 512 660 596 657 496 797 628 491 404 823 723
763 594 555 641 504 668 759 859 533 578 603 611 627 714 436 906 654 630 660 497 514 839 735 614 777 295 497 781 364 710 609 548 559 737 792 687 485 514
596 656 590 646 562 656 598 505 438 649 588 407 755 434 822 707 616 524 675 363 506 418 992 665 600 869 507 498 558 710 383 584 761 1221 585 622 638 624
465 709 588 457 1011 498 592 601 609 822 835 729 606 478 531 672 563 811 766 454 789 694 528 872 411 733 644 735 562 580 698 521 526 772 703 652 576 497
579 610 729 646 716 728 579 611 579 656 716 509 640 782 718 472 753 675 721 605 615 625 709 622 510 739 469 531 536 603 592 710 652 659 481 535 508 598
977 443 676 711 745 578 455 630 813 522 722 443 616 591 963 532 674 502 894 600 418 799 552 730 548 590 566 515 583 607 636 477 640 717 634 592 530 859
613 685 796 629 625 707 568 501 887 619 368 659 644 714 717 609 710 640 639 336 659 731 668 625 532 658 525 690 568 537 801 652 729 969 470 406 602 529
496 611 703 653 686 691 612 856 473 1027 506 634 580 812 521 532 541 570 695 728 657 636 722 483 691 568 674 637 761 500 579 716 806 579 688 622 866 615
635 611 705 392 590 591 939 765 621 488 590 843 654 591 658 581 757 626 636 397 895 681 558 702 650 748 591 609 455 379 825 791 506 761 580 552 870 718
716 886 546 411 785 738 645 474 554 758 907 649 608 672 926 719 692 483 673 673 858 563 781 763 564 687 597 897 454 690 619 668 581 629 758 747 688 531
462 616 554 652 642 647 527 515 563 693 506 705 788 868 763 769 723 697 712 644 574 434 636 423 662 597 576 414 396 741 811 629 755 862 601 556 605 507
455 743 493 827 668 438 557 889 459 918 511 566 335 737 655 729 550 703 520 522 645 750 578 543 665 431 527 777 403 479 722 601 605 801 856 487 437 780
661 465 638 787 699 513 687 655 529 674 931 725 356 807 610 424 867 695 568 865 506 387 699 677 611 659 644 611 659 527 538 568 621 648 707 726 518 568
549 633 635 680 531 658 733 573 746 614 526 650 485 690 712 510 659 424 569 519 575 505 916 535 921 528 684 642 661 526 670 543 727 535 704 632 751 776
695 572 583 578 710 733 558 671 690 685 478 567 518 583 1017 665 543 748 338 821 478 549 533 706 867 390 651 626 640 598 574 737 570 652 638 523 836 701
787 591 762 586 537 885 520 588 473 464 621 824 312 598 813 713 710 577 900 549 707 645 738 394 968 667 640 531 631 688 601 359 703 603 866 900 698 516
685 769 788 841 584 693 485 752 441 592 591 674 641 832 385 514 569 565 778 736 466 834 708 528 924 776 633 480 531 666 582 575 888 486 368 667 671 652
859 691 457 670 561 554 787 804 752 636 799 659 465 439 593 488 699 686 633 602 700 717 524 647 606 766 465 662 516 671 773 725 633 538 592 616 437 585

1456 1678 1396 1710 1732 1504 1360 1456 1202 1596 1431 1464 1421 1327 1486 1439 1574 1669 1563 1530 1596 1461 1377 1625 1438 1476 1577 1265 1459 1342 1455 1549 1219 1480 1709 1453 1699 1413
1501 1499 1360 1292 1701 1436 1431 1243 1511 1413 1507 1554 1448 1578 1541 1445 1497 1606 1577 1394 1565 1420 1443 1583 1701 1405 1435 1498 1323 1458 1315 1660 1407 1231 1474 1530 1367 1259
1403 1575 1621 1408 1589 1662 1596 1384 1523 1247 1509 1653 1486 1472 1350 1457 1420 1337 1565 1493 1391 1438 1451 1405 1439 1498 1306 1399 1448 1370 1519 1564 1409 1387 1325 1509 1512 1493
1338 1296 1571 1481 1643 1576 1450 1509 1424 1326 1536 1320 1573 1583 1405 1405 1485 1432 1711 1707 1450 1314 1653 1647 1365 1629 1362 1473 1451 1304 1415 1413 1499 1614 1329 1522 1455 1653
1564 1479 1721 1581 1352 1651 1764 1242 1559 1408 1404 1362 1339 1565 1483 1533 1404 1442 1811 1407 1242 1376 1540 1427 1420 1398 1505 1598 1421 1650 1496 1369 1561 1473 1559 1620 1236 1518
1557 1511 1712 1386 1578 1760 1568 1316 1416 1503 1349 1257 1383 1633 1185 1352 1422 1433 1532 1664 1527 1281 1349 1403 1657 1495 1425 1610 1224 1472 1485 1597 1227 1564 1524 1613 1499 1457
1490 1472 1523 1778 1550 1764 1483 1396 1658 1706 1350 1472 1445 1482 1480 1594 1400 1467 1490 1472 1603 1464 1550 1406 1504 1489 1550 1589 1447 1422 1377 1360 1492 1392 1573 1634 1360 1408
1634 1375 1549 1372 1563 1358 1440 1248 1307 1503 1348 1573 1383 1358 1346 1365 1365 1653 1335 1460 1339 1603 1515 1417 1472 1498 1636 1680 1347 1805 1306 1512 1304 1275 1607 1535 1349 1591
1478 1426 1747 1549 1667 1459 1692 1487 1534 1344 1516 1551 1512 1426 1481 1393 1531 1499 1557 1492 1491 1690 1617 1309 1632 1253 1437 1598 1437 1632 1478 1352 1614 1268 1499 1577 1314 1487
1663 1655 1388 1774 1699 1393 1434 1385 1504 1361 1420 1752 1641 1429 1443 1464 1469 1311 1523 1498 1697 1416 1484 1549 1382 1405 1515 1212 1354 1583 1483 1654 1551 1516 1587 1514 1272 1502
1389 1559 1324 1747 1218 1263 1289 1684 1224 1397 1723 1647 1431 1616 1491 1412 1453 1444 1456 1460 1501 1548 1386 1419 1264 1456 1660 1448 1362 1408 1481 1580 1380 1386 1297 1515 1438 1397
1702 1335 1338 1524 1658 1436 1514 1482 1473 1498 1346 1413 1477 1590 1613 1390 1447 1438 1582 1498 1305 1685 1547 1488 1540 1658 1403 1647 1527 1485 1432 1375 1497 1438 1506 1459 1580 1591
1418 1544 1259 1453 1465 1419 1423 1470 1611 1494 1267 1526 1561 1392 1520 1276 1635 1509 1423 1573 1359 1596 1705 1601 1528 1422 1494 1741 1439 1785 1429 1497 1713 1553 1505 1554 1646 1510
1598 1460 1649 1374 1493 1443 1470 1371 1591 1543 1429 1467 1296 1553 1571 1436 1782 1357 1386 1342 1708 1405 1544 1589 1516 1452 1491 1312 1337 1190 1648 1523 1643 1495 1595 1666 1638 1560
1454 1293 1457 1526 1359 1138 1431 1609 1667 1420 1587 1435 1540 1384 1417 1436 1493 1671 1522 1507 1445 1372 1383 1571 1359 1589 1533 1501 1477 1395 1333 1544 1460 1294 1461 1542 1402 1535
1607 1430 1282 1370 1364 1351 1294 1882 1502 1427 1525 1611 1357 1340 1499 1472 1242 1577 1462 1454 1581 1508 1472 1599 1448 1410 1437 1434 1584 1535 1711 1748 1618 1525 1574 1455 1531 1585
1440 1587 1432 1574 1530 1606 1319 1579 1475 1530 1587 1861 1477 1611 1886 1449 1424 1383 1419 1548 1447 1470 1380 1861 1363 1479 1681 1384 1281 1507 1449 1657 1456 1723 1635 1393 1569 1531
1335 1495 1394 1322 1440 1449 1237 1577 1646 1543 1498 1566 1464 1549 1460 1410 1339 1735 1492 1459 1354 1320 1283 1506 1474 1468 1236 1499 1517 1344 1325 1604 1376 1455 1667 1488 1509 1599
1487 1551 1528 1501 1635 1462 1423 1575 1630 1454 1528 1227 1648 1527 1473 1437 1703 1407 1324 1412 1310 1567 1387 1337 1260 1610 1664 1480 1296 1280 1420 1446 1404 1536 1321 1627 1407 1401
1670 1402 1428 1716 1441 1417 1562 1470 1428 1497 1450 1596 1405 1410 1342 1359 1467 1299 1441 1286 1646 1656 1306 1318 1648 1372 1427 1497 1466 1557 1399 1466 1668 1728 1376 1535 1470 1495
1370 1355 1214 1398 1382 1414 1367 1480 1345 1399 1314 1667 1531 1356 1482 1448 1626 1370 1523 1547 1464 1417 1627 1510 1656 1342 1451 1425 1372 1561 1577 1067 1569 1485 1307 1565 1678 1427
1582 1517 1419 1487 1515 1603 1345 1539 1464 1438 1304 1332 1514 1326 1319 1397 1502 1587 1517 1413 1563 1481 1600 1573 1654 1465 1403 1686 1360 1631 1500 1569 1439 1560 1377 1641 1473 1393
1337 1581 1523 1416 1440 1368 1444 1360 1361 1483 1654 1511 1645 1473 1364 1507 1519 1525 1528 1338 1573 1487 1626 1686 1480 1338 1591 1598 1455 1617 1517 1653 1460 1635 1367 1569 1570 1644
1467 1567 1704 1450 1442 1438 1429 1425 1287 1282 1649 1577 1886 1433 1343 1335 1443 2063 1569 1464 1342 1257 1489 1454 1416 1713 1481 1358 1433 1468 1658 1782 1561 1407 1320 1605 1493 1481
1374 1270 1379 1705 1671 1531 1268 1245 1520 1568 1671 1552 1594 1701 1446 1278 1392 1384 1458 1641 1287 1483 1433 1607 1498 1494 1506 1538 1407 1318 1512 1460 1413 1631 1356 1457 1527 1328
1437 1442 1375 1498 1292 1595 1566 1336 1294 1315 1680 1468 1339 1406 1534 1406 1410 1522 1576 1465 1540 1656 1277 1531 1513 1596 1612 1568 1386 1411 1539 1199 1363 1686 1346 1405 1333 1600
1447 1638 1518 1333 1507 1358 1271 1378 1558 1503 1351 1463 1695 1618 1556 1528 1523 1298 1563 1305 1667 1313 1453 1528 1386 1577 1535 1627 1406 1391 1434 1548 1492 1513 1622 1604 1435 1262
1320 1661 1591 1647 1670 1528 1525 1366 1388 1551 1431 1249 1470 1600 1354 1582 1610 1520 1531 1385 1700 1510 1470 1585 1524 1402 1615 1379 1457 1452 1290 1585 1395 1631 1557 1488 1626 1358
1550 1577 1518 1280 1320 1466 1402 1398 1494 1505 1394 1448 1419 1513 1448 1311 1604 1569 1401 1499 1502 1465 1756 1510 1559 1532 1537 1568 1434 1365 1631 1400 1757 1528 1426 1423 1515 1416
1418 1346 1610 1413 1081 1386 1396 1526 1293 1439 1409 1469 1529 1446 1519 1512 1540 1474 1561 1656 1430 1307 1272 1548 1290 1527 1369 1691 1460 1341 1423 1559 1257 1532 1705 1395 1467 1429
1361 1658 1394 1590 1464 1655 1670 1289 1441 1576 1448 1513 1581 1486 1376 1498 1347 1495 1477 1429 1642 1571 1468 1543 1617 1636 1474 1542 1380 1608 1469 1424 1600 1497 1591 1446 1366 1372
1357 1614 1375 1496 1584 1486 1610 1365 1354 1414 1628 1555 1279 1449 1338 1376 1384 1605 1740 1588 1488 1459 1640 1403 1491 1446 1493 1384 1159 1241 1716 1904 1461 1464 1499 1493 1344 1544
1370 1286 1484 1486 1475 1144 1459 1632 1291 1429 1296 1449 1298 1426 1439 1239 1340 1332 1504 1459 1591 1510 1648 1385 1563 1431 1617 1535 1510 1480 1588 1480 1348 1684 1577 1624 1470 1451
1378 1296 1575 1433 1631 1385 1530 1717 1499 1447 1329 1826 1394 1479 1460 1481 1408 1571 1551 1478 1349 1269 1435 1362 1511 1461 1552 1539 1556 1360 1448 1471 1468 1469 1316 1382 1525 1420
1362 1787 1445 1436 1573 1469 1397 1625 1538 1360 1471 1477 1240 1396 1560 1371 1308 1671 1351 1549 1415 1221 1385 1679 1649 1514 1556 1415 1532 1544 1659 1625 1293 1522 1407 1532 1520 1467
1533 1630 1519 1387 1394 1589 1516 1323 1494 1391 1471 1630 1191 1327 1338 1641 1551 1394 1719 1778 1528 1255 1627 1428 1590 1510 1580 1364 1356 1662 1434 1523 1385 1429 1421 1469 1482 1351
1485 1676 1538 1470 1488 1659 1737 1503 1551 1396 1448 1505 1477 1405 1776 1334 1622 1480 1569 1657 1469 1486 1455 1337 1603 1538 1535 1465 1372 1733 1524 1449 1428 1530 1328 1586 1550 1603
1424 1662 1480 1560 1612 1428 1546 1405 1582 1356 1692 1488 1328 1384 1683 1552 1442 1754 1532 1461 1520 1307 1636 1643 1411 1584 1390 1404 1308 1393 1943 1575 1361 1592 1160 1516 1432 1335

0 0 0 0 140 0 0 0 0 0 0 0 0 0 0 0 84 0 0 0 0 0 198 0 0 0 0 0 0 0 0 0 0 0 0 0 0 17
0 0 0 0 0 0 0 0 0 0 0 0 0 0 0 0 0 0 0 0 0 0 0 0 0 0 0 0 0 0 0 54 0 0 103 0 0 0
0 32 0 0 0 0 0 0 0 0 0 157 0 0 0 0 0 0 0 0 0 0 0 0 0 0 0 0 0 0 0 0 0 0 0 0 0 0
0 0 0 0 27 0 0 0 0 0 0 0 0 40 0 0 0 0 0 0 0 0 0 0 0 0 0 0 0 0 0 0 0 0 0 0 0 0
0 0 5 0 0 0 0 0 0 0 0 0 0 0 102 0 0 0 0 0 0 0 0 55 0 0 0 143 0 0 0 0 0 0 0 0 0 0
0 53 0 0 0 0 0 0 0 0 57 0 0 0 0 0 0 0 0 3 13 0 0 0 0 0 0 0 0 0 0 0 0 0 0 6 0 0
0 0 0 0 0 0 0 0 0 0 0 0 0 0 0 0 0 115 0 0 0 117 0 0 0 1 0 0 0 0 0 0 0 0 0 0 0 0
0 0 0 0 0 0 48 75 0 0 102 0 38 0 0 0 0 0 0 0 0 0 0 0 0 110 0 0 0 0 0 24 0 0 0 0 80 0
31 0 0 0 0 0 0 0 0 0 0 0 0 0 0 43 0 0 0 0 0 0 0 0 0 0 0 0 120 0 0 0 0 0 0 0 0 0
0 0 0 0 0 0 0 0 0 0 0 0 0 0 0 0 0 0 0 49 0 0 0 0 0 0 137 0 0 0 0 0 0 0 0 0 0 20
0 0 0 0 0 0 0 0 0 0 0 0 0 0 0 0 0 0 68 0 0 0 0 0 0 0 0 0 0 0 0 0 0 0 194 0 0 0
0 0 0 0 0 0 0 0 0 0 2 0 0 0 0 0 0 0 0 0 0 0 0 0 0 0 0 0 0 0 0 0 43 0 0 0 194 18
0 0 0 0 0 0 0 0 53 0 0 0 0 0 0 0 0 0 0 30 0 0 0 0 0 0 0 0 0 0 0 0 0 0 0 0 0 21
0 0 0 0 49 0 0 0 0 0 0 6 0 0 0 0 0 0 0 0 0 0 0 0 0 0 0 0 0 0 0 0 0 0 0 0 0 0
0 0 0 0 0 0 0 0 0 0 0 0 0 0 0 0 0 0 0 0 0 0 0 0 0 0 0 0 0 0 44 0 0 0 0 0 0 0
0 0 88 0 0 0 0 0 0 0 0 0 0 0 0 0 70 0 0 0 0 0 0 0 0 38 0 0 0 0 0 0 0 0 0 0 0 0
0 0 21 0 0 0 0 0 0 0 0 0 33 0 0 0 0 0 0 0 0 0 0 221 6 47 0 0 0 0 0 0 57 0 0 0 0 0
0 0 0 0 0 0 0 0 0 0 0 0 0 78 0 0 0 0 0 0 0 0 0 0 0 0 81 30 0 0 0 0 0 0 0 0 0 0
0 0 0 0 0 0 0 0 0 0 57 0 0 0 0 14 0 0 0 9 0 0 0 0 0 125 105 0 0 0 0 0 0 0 0 0 0 0
0 0 0 0 0 0 0 0 0 0 0 0 0 0 0 0 0 0 0 0 0 33 0 0 0 0 0 0 0 0 44 0 0 0 0 0 0 0
0 0 0 0 0 0 0 11 25 0 0 0 0 0 0 0 0 0 0 0 0 0 0 0 0 0 0 0 0 0 0 0 0 0 0 0 0 0
0 0 0 0 0 0 0 0 0 0 0 0 0 0 0 0 0 0 0 0 0 0 0 0 0 0 0 0 0 0 0 0 0 0 0 45 0 0
0 0 0 0 0 0 0 0 0 0 0 0 0 0 28 0 0 87 0 0 0 0 0 50 0 0 12 0 0 0 0 0 0 64 42 0 0 8
0 0 0 0 0 0 0 0 70 0 0 0 142 0 0 0 0 0 122 0 0 0 0 0 0 0 0 0 0 0 171 0 0 186 0 0 0 0
0 0 0 0 0 37 0 0 0 218 0 0 0 1 0 0 0 0 0 0 0 0 0 0 285 0 0 0 0 0 0 0 0 0 0 0 0 0
0 0 0 0 0 0 260 0 0 0 0 0 0 0 0 0 0 0 0 0 0 0 0 0 0 0 0 0 0 0 25 0 0 0 27 0 0 0
0 0 0 0 0 0 0 0 68 0 0 0 205 0 0 0 0 0 0 0 0 0 0 0 0 0 0 0 0 0 0 0 0 0 0 0 0 0
0 0 0 0 0 115 0 0 0 0 0 0 0 0 0 0 0 0 0 0 0 0 0 71 0 0 0 0 0 24 11 0 0 0 0 0 0 0
0 0 0 0 0 0 169 0 0 0 0 0 0 0 0 0 0 0 0 0 0 0 0 0 0 0 0 69 0 0 0 0 0 0 0 0 0 0
0 0 0 0 0 0 0 0 52 0 0 0 0 0 0 0 0 0 0 0 0 0 0 0 0 0 0 0 0 0 0 226 250 0 5 0 0 0
0 0 0 0 0 0 0 0 0 0 0 0 0 0 0 0 0 0 0 0 50 0 0 0 0 0 0 0 0 0 0 98 0 0 0 0 0 0
0 0 0 0 0 0 0 0 0 0 106 0 105 0 0 0 0 0 0 0 0 0 72 0 0 0 0 0 0 0 0 0 0 0 0 50 0 0
0 0 0 0 0 0 0 0 0 0 0 0 0 0 0 0 0 0 0 0 0 0 0 0 0 0 0 0 0 0 0 0 0 0 0 0 0 0
0 0 0 0 0 0 0 0 0 0 0 0 0 0 0 58 0 0 0 0 28 0 0 0 0 0 0 0 0 86 0 0 0 0 0 0 0 9
9 0 0 0 0 0 0 0 0 0 0 0 0 0 0 0 0 35 0 0 0 0 0 0 0 0 0 0 0 0 0 0 0 0 0 0 0 0
0 0 0 0 0 98 0 0 0 0 0 0 0 0 0 0 0 0 0 0 0 0 0 0 0 0 0 0 0 0 0 0 0 83 0 0 0 0
0 0 0 0 0 0 0 0 0 0 12 0 0 0 0 0 0 0 0 0 0 0 0 0 0 0 10 0 0 0 44 0 0 0 0 0 0 0
0 0 0 0 92 0 0 0 0 0 0 35 0 0 0 0 0 0 0 0 0 0 0 0 0 0 0 0 0 0 0 0 0 0 0 0 0 0

0 0 0 0 0 0 0 0 0 0 0 0 0 0 0 0 0 0 0 0 0 0 0 0 0 0 0 0 0 0 0 0 0 0 0 0 0 0
0 0 0 0 0 0 0 0 0 0 0 0 0 0 0 0 0 0 0 0 0 0 0 0 0 0 0 0 0 0 0 0 0 0 0 0 0 0
0 0 0 0 0 0 0 0 0 0 0 0 0 0 0 0 0 0 0 0 0 0 0 0 0 0 0 0 0 0 0 0 0 0 0 0 0 0
0 0 0 0 0 0 0 0 0 0 0 0 0 0 0 0 0 0 0 0 0 0 0 0 0 0 0 0 0 0 0 0 0 0 0 0 0 0
0 0 0 0 0 0 0 0 0 0 0 0 0 0 0 0 0 0 0 0 0 0 0 0 0 0 0 0 0 0 0 0 0 0 0 0 0 0
0 0 0 0 0 0 0 0 0 0 0 0 0 0 0 0 0 0 0 0 0 0 0 0 0 0 0 0 0 0 0 0 0 0 0 0 0 0
0 0 0 0 0 0 0 0 0 0 0 0 0 0 0 0 0 0 0 0 0 0 0 0 0 0 0 0 0 0 0 0 0 0 0 0 0 0
0 0 0 0 0 0 0 0 0 0 0 0 0 0 0 0 0 0 0 0 0 0 0 0 0 0 0 0 0 0 0 0 0 0 0 0 0 0
0 0 0 0 0 0 0 0 0 0 0 0 0 0 0 0 0 0 0 0 0 0 0 0 0 0 0 0 0 0 0 0 0 0 0 0 0 0
0 0 0 0 0 0 0 0 0 0 0 0 0 0 0 0 0 0 0 0 0 0 0 0 0 0 0 0 0 0 0 0 0 0 0 0 0 0
0 0 0 0 0 0 0 0 0 0 0 0 0 0 0 0 0 0 0 0 0 0 0 0 0 0 0 0 0 0 0 0 0 0 0 0 0 0
0 0 0 0 0 0 0 0 0 0 0 0 0 0 0 0 0 0 0 0 0 0 0 0 0 0 0 0 0 0 0 0 0 0 0 0 0 0
0 0 0 0 0 0 0 0 0 0 0 0 0 0 0 0 0 0 0 0 0 0 0 0 0 0 0 0 0 0 0 0 0 0 0 0 0 0
0 0 0 0 0 0 0 0 0 0 0 0 0 0 0 0 0 0 0 0 0 0 0 0 0 0 0 0 0 0 0 0 0 0 0 0 0 0
0 0 0 0 0 0 0 0 0 0 0 0 0 0 0 0 0 0 0 0 0 0 0 0 0 0 0 0 0 0 0 0 0 0 0 0 0 0
0 0 0 0 0 0 0 0 0 0 0 0 0 0 0 0 0 0 0 0 0 0 0 0 0 0 0 0 0 0 0 0 0 0 0 0 0 0
0 0 0 0 0 0 0 0 0 0 0 0 0 0 0 0 0 0 0 0 0 0 0 0 0 0 0 0 0 0 0 0 0 0 0 0 0 0
0 0 0 0 0 0 0 0 0 0 0 0 0 0 0 0 0 0 0 0 0 0 0 0 0 0 0 0 0 0 0 0 0 0 0 0 0 0
0 0 0 0 0 0 0 0 0 0 0 0 0 0 0 0 0 0 0 0 0 0 0 0 0 0 0 0 0 0 0 0 0 0 0 0 0 0
0 0 0 0 0 0 0 0 0 0 0 0 0 0 0 0 0 0 0 0 0 0 0 0 0 0 0 0 0 0 0 0 0 0 0 0 0 0
0 0 0 0 0 0 0 0 0 0 0 0 0 0 0 0 0 0 0 0 0 0 0 0 0 0 0 0 0 0 0 0 0 0 0 0 0 0
0 0 0 0 0 0 0 0 0 0 0 0 0 0 0 0 0 0 0 0 0 0 0 0 0 0 0 0 0 0 0 0 0 0 0 0 0 0
0 0 0 0 0 0 0 0 0 0 0 0 0 0 0 0 0 0 0 0 0 0 0 0 0 0 0 0 0 0 0 0 0 0 0 0 0 0
0 0 0 0 0 0 0 0 0 0 0 0 0 0 0 0 0 0 0 0 0 0 0 0 0 0 0 0 0 0 0 0 0 0 0 0 0 0
0 0 0 0 0 0 0 0 0 0 0 0 0 0 0 0 0 0 0 0 0 0 0 0 0 0 0 0 0 0 0 0 0 0 0 0 0 0
0 0 0 0 0 0 0 0 0 0 0 0 0 0 0 0 0 0 0 0 0 0 0 0 0 0 0 0 0 0 0 0 0 0 0 0 0 0
0 0 0 0 0 0 0 0 0 0 0 0 0 0 0 0 0 0 0 0 0 0 0 0 0 0 0 0 0 0 0 0 0 0 0 0 0 0
0 0 0 0 0 0 0 0 0 0 0 0 0 0 0 0 0 0 0 0 0 0 0 0 0 0 0 0 0 0 0 0 0 0 0 0 0 0
0 0 0 0 0 0 0 0 0 0 0 0 0 0 0 0 0 0 0 0 0 0 0 0 0 0 0 0 0 0 0 0 0 0 0 0 0 0
0 0 0 0 0 0 0 0 0 0 0 0 0 0 0 0 0 0 0 0 0 0 0 0 0 0 0 0 0 0 0 0 0 0 0 0 0 0
0 0 0 0 0 0 0 0 0 0 0 0 0 0 0 0 0 0 0 0 0 0 0 0 0 0 0 0 0 0 0 0 0 0 0 0 0 0
0 0 0 0 0 0 0 0 0 0 0 0 0 0 0 0 0 0 0 0 0 0 0 0 0 0 0 0 0 0 0 0 0 0 0 0 0 0
0 0 0 0 0 0 0 0 0 0 0 0 0 0 0 0 0 0 0 0 0 0 0 0 0 0 0 0 0 0 0 0 0 0 0 0 0 0
0 0 0 0 0 0 0 0 0 0 0 0 0 0 0 0 0 0 0 0 0 0 0 0 0 0 0 0 0 0 0 0 0 0 0 0 0 0
0 0 0 0 0 0 0 0 0 0 0 0 0 0 0 0 0 0 0 0 0 0 0 0 0 0 0 0 0 0 0 0 0 0 0 0 0 0
0 0 0 0 0 0 0 0 0 0 0 0 0 0 0 0 0 0 0 0 0 0 0 0 0 0 0 0 0 0 0 0 0 0 0 0 0 0
0 0 0 0 0 0 0 0 0 0 0 0 0 0 0 0 0 0 0 0 0 0 0 0 0 0 0 0 0 0 0 0 0 0 0 0 0 0
0 0 0 0 0 0 0 0 0 0 0 0 0 0 0 0 0 0 0 0 0 0 0 0 0 0 0 0 0 0 0 0 0 0 0 0 0 0

0 0 0 0 0 0 0 0 0 0 0 0 0 0 0 0 0 0 0 0 0 0 0 0 0 0 0 0 0 0 0 0 0 0 0 0 0 0
0 0 0 0 0 0 0 0 0 0 0 0 0 0 0 0 0 0 0 0 0 0 0 0 0 0 0 0 0 0 0 0 0 0 0 0 0 0
0 0 0 0 0 0 0 0 0 0 0 0 0 0 0 0 0 0 0 0 0 0 0 0 0 0 0 0 0 0 0 0 0 0 0 0 0 0
0 0 0 0 0 0 0 0 0 0 0 0 0 0 0 0 0 0 0 0 0 0 0 0 0 0 0 0 0 0 0 0 0 0 0 0 0 0
0 0 0 0 0 0 0 0 0 0 0 0 0 0 0 0 0 0 0 0 0 0 0 0 0 0 0 0 0 0 0 0 0 0 0 0 0 0
0 0 0 0 0 0 0 0 0 0 0 0 0 0 0 0 0 0 0 0 0 0 0 0 0 0 0 0 0 0 0 0 0 0 0 0 0 0
0 0 0 0 0 0 0 0 0 0 0 0 0 0 0 0 0 0 0 0 0 0 0 0 0 0 0 0 0 0 0 0 0 0 0 0 0 0
0 0 0 0 0 0 0 0 0 0 0 0 0 0 0 0 0 0 0 0 0 0 0 0 0 0 0 0 0 0 0 0 0 0 0 0 0 0
0 0 0 0 0 0 0 0 0 0 0 0 0 0 0 0 0 0 0 0 0 0 0 0 0 0 0 0 0 0 0 0 0 0 0 0 0 0
0 0 0 0 0 0 0 0 0 0 0 0 0 0 0 0 0 0 0 0 0 0 0 0 0 0 0 0 0 0 0 0 0 0 0 0 0 0
0 0 0 0 0 0 0 0 0 0 0 0 0 0 0 0 0 0 0 0 0 0 0 0 0 0 0 0 0 0 0 0 0 0 0 0 0 0
0 0 0 0 0 0 0 0 0 0 0 0 0 0 0 0 0 0 0 0 0 0 0 0 0 0 0 0 0 0 0 0 0 0 0 0 0 0
0 0 0 0 0 0 0 0 0 0 0 0 0 0 0 0 0 0 0 0 0 0 0 0 0 0 0 0 0 0 0 0 0 0 0 0 0 0
0 0 0 0 0 0 0 0 0 0 0 0 0 0 0 0 0 0 0 0 0 0 0 0 0 0 0 0 0 0 0 0 0 0 0 0 0 0
0 0 0 0 0 0 0 0 0 0 0 0 0 0 0 0 0 0 0 0 0 0 0 0 0 0 0 0 0 0 0 0 0 0 0 0 0 0
0 0 0 0 0 0 0 0 0 0 0 0 0 0 0 0 0 0 0 0 0 0 0 0 0 0 0 0 0 0 0 0 0 0 0 0 0 0
0 0 0 0 0 0 0 0 0 0 0 0 0 0 0 0 0 0 0 0 0 0 0 0 0 0 0 0 0 0 0 0 0 0 0 0 0 0
0 0 0 0 0 0 0 0 0 0 0 0 0 0 0 0 0 0 0 0 0 0 0 0 0 0 0 0 0 0 0 0 0 0 0 0 0 0
0 0 0 0 0 0 0 0 0 0 0 0 0 0 0 0 0 0 0 0 0 0 0 0 0 0 0 0 0 0 0 0 0 0 0 0 0 0
0 0 0 0 0 0 0 0 0 0 0 0 0 0 0 0 0 0 0 0 0 0 0 0 0 0 0 0 0 0 0 0 0 0 0 0 0 0
0 0 0 0 0 0 0 0 0 0 0 0 0 0 0 0 0 0 0 0 0 0 0 0 0 0 0 0 0 0 0 0 0 0 0 0 0 0
0 0 0 0 0 0 0 0 0 0 0 0 0 0 0 0 0 0 0 0 0 0 0 0 0 0 0 0 0 0 0 0 0 0 0 0 0 0
0 0 0 0 0 0 0 0 0 0 0 0 0 0 0 0 0 0 0 0 0 0 0 0 0 0 0 0 0 0 0 0 0 0 0 0 0 0
0 0 0 0 0 0 0 0 0 0 0 0 0 0 0 0 0 0 0 0 0 0 0 0 0 0 0 0 0 0 0 0 0 0 0 0 0 0
0 0 0 0 0 0 0 0 0 0 0 0 0 0 0 0 0 0 0 0 0 0 0 0 0 0 0 0 0 0 0 0 0 0 0 0 0 0
0 0 0 0 0 0 0 0 0 0 0 0 0 0 0 0 0 0 0 0 0 0 0 0 0 0 0 0 0 0 0 0 0 0 0 0 0 0
0 0 0 0 0 0 0 0 0 0 0 0 0 0 0 0 0 0 0 0 0 0 0 0 0 0 0 0 0 0 0 0 0 0 0 0 0 0
0 0 0 0 0 0 0 0 0 0 0 0 0 0 0 0 0 0 0 0 0 0 0 0 0 0 0 0 0 0 0 0 0 0 0 0 0 0
0 0 0 0 0 0 0 0 0 0 0 0 0 0 0 0 0 0 0 0 0 0 0 0 0 0 0 0 0 0 0 0 0 0 0 0 0 0
0 0 0 0 0 0 0 0 0 0 0 0 0 0 0 0 0 0 0 0 0 0 0 0 0 0 0 0 0 0 0 0 0 0 0 0 0 0
0 0 0 0 0 0 0 0 0 0 0 0 0 0 0 0 0 0 0 0 0 0 0 0 0 0 0 0 0 0 0 0 0 0 0 0 0 0
0 0 0 0 0 0 0 0 0 0 0 0 0 0 0 0 0 0 0 0 0 0 0 0 0 0 0 0 0 0 0 0 0 0 0 0 0 0
0 0 0 0 0 0 0 0 0 0 0 0 0 0 0 0 0 0 0 0 0 0 0 0 0 0 0 0 0 0 0 0 0 0 0 0 0 0
0 0 0 0 0 0 0 0 0 0 0 0 0 0 0 0 0 0 0 0 0 0 0 0 0 0 0 0 0 0 0 0 0 0 0 0 0 0
0 0 0 0 0 0 0 0 0 0 0 0 0 0 0 0 0 0 0 0 0 0 0 0 0 0 0 0 0 0 0 0 0 0 0 0 0 0
0 0 0 0 0 0 0 0 0 0 0 0 0 0 0 0 0 0 0 0 0 0 0 0 0 0 0 0 0 0 0 0 0 0 0 0 0 0
0 0 0 0 0 0 0 0 0 0 0 0 0 0 0 0 0 0 0 0 0 0 0 0 0 0 0 0 0 0 0 0 0 0 0 0 0 0
0 0 0 0 0 0 0 0 0 0 0 0 0 0 0 0 0 0 0 0 0 0 0 0 0 0 0 0 0 0 0 0 0 0 0 0 0 0

409 483 457 500 592 603 388 321 734 675 335 420 572 411 501 399 492 495 391 490 691 523 436 851 647 601 490 498 407 361 511 653 586 645 575 491 509 558
546 591 360 585 553 488 499 536 588 399 506 411 523 615 611 625 400 600 532 604 543 447 308 522 470 609 384 500 776 375 771 621 456 342 419 466 564 596
610 403 564 292 393 505 524 700 453 468 500 401 470 494 297 310 468 681 548 535 468 377 533 571 343 259 423 637 555 444 516 524 492 572 494 454 525 549
833 446 541 630 520 542 559 340 341 733 433 404 437 574 803 521 359 641 702 570 776 479 420 548 645 530 426 449 599 608 478 286 384 536 485 626 430 498
402 341 766 291 830 623 551 674 557 623 527 599 590 617 323 531 413 505 464 413 448 684 375 524 549 465 482 440 398 304 469 329 455 386 854 707 475 630
474 645 642 522 512 464 556 632 557 682 498 696 696 595 535 449 495 603 339 710 784 632 547 795 606 585 465 421 413 222 563 402 374 650 507 667 423 272
280 384 423 661 407 408 534 424 572 565 342 577 699 392 814 265 405 764 516 400 380 427 694 334 464 374 777 389 530 514 296 509 527 400 668 595 645 486
744 699 614 782 681 472 544 784 339 336 627 366 552 622 716 403 532 411 398 588 628 633 542 489 404 669 863 568 709 485 759 415 310 390 336 604 550 414
546 492 522 396 456 440 609 332 537 537 572 634 650 673 549 441 754 470 452 261 553 756 546 561 475 505 513 546 509 654 457 539 494 780 403 679 678 633
718 599 450 566 608 546 574 547 395 564 590 460 479 677 467 505 693 752 746 369 409 537 398 522 334 318 852 504 428 547 444 442 450 381 276 700 601 631
767 628 310 490 529 399 464 753 557 452 442 672 436 555 472 670 509 729 676 413 449 475 559 539 547 553 527 700 557 676 579 564 556 781 458 675 709 599
431 404 770 524 383 482 409 336 507 373 393 599 419 419 540 597 748 609 266 427 616 494 627 590 478 1043 611 454 545 491 613 370 474 732 750 275 393 435
619 756 578 682 582 396 356 377 639 724 376 566 750 472 541 434 497 679 516 493 564 240 415 545 507 566 509 421 322 463 439 568 610 484 484 813 648 349
509 513 497 415 511 318 543 622 694 560 471 527 582 313 668 591 420 605 438 699 659 454 310 455 373 549 541 663 614 499 476 303 487 557 510 309 415 703
419 675 332 439 399 573 344 706 518 481 676 525 602 343 574 488 495 527 728 661 420 473 656 716 509 568 426 839 390 303 604 844 509 472 452 639 451 425
438 865 456 508 670 721 374 581 525 546 426 506 559 513 397 468 428 591 502 500 552 492 385 404 360 282 554 407 372 403 271 565 513 519 438 198 548 633
416 664 701 361 495 502 512 464 421 480 580 666 470 437 635 334 453 492 717 437 620 575 484 458 839 473 768 526 295 638 629 746 516 504 516 532 477 315
355 253 451 487 316 523 513 587 780 654 533 493 311 446 578 465 556 781 385 599 510 382 428 538 392 540 806 588 727 724 645 415 330 509 608 703 358 524
712 503 355 517 690 548 582 423 806 452 574 576 418 511 443 480 499 616 444 525 597 519 578 570 447 626 270 845 420 696 535 369 569 469 543 631 457 783
580 379 347 373 480 487 446 479 439 414 704 509 575 648 451 646 685 547 647 418 631 439 471 357 521 574 442 545 464 477 493 353 481 475 486 392 477 656
550 492 427 408 529 366 564 420 460 567 632 549 428 493 449 329 610 400 615 476 497 682 657 866 702 546 431 375 487 680 658 519 544 647 764 512 472 565
344 701 450 850 702 355 539 582 492 372 375 566 507 572 608 523 688 488 462 626 530 365 560 803 341 598 369 700 337 456 541 571 429 459 661 752 767 807
375 641 484 536 453 551 547 597 534 468 545 523 701 273 601 682 495 818 661 434 525 618 587 508 573 734 317 429 345 447 372 300 331 553 651 515 606 849
498 431 492 351 597 418 550 653 429 641 695 528 615 496 493 311 348 758 490 442 569 609 801 549 597 486 352 500 554 501 612 626 534 432 486 416 396 475
503 352 662 422 552 512 549 383 642 651 592 360 282 472 722 667 682 487 614 375 312 403 418 321 1027 627 830 546 610 687 604 603 524 498 707 593 669 522
698 513 537 414 690 416 487 473 520 622 472 489 303 576 572 462 574 596 460 386 364 607 588 580 474 489 363 482 442 390 512 639 752 334 474 749 529 596
564 574 532 418 646 624 402 531 380 494 620 155 407 893 520 455 369 590 466 491 625 667 586 624 502 421 518 543 590 671 392 411 562 382 556 518 725 586
472 406 608 490 593 393 703 496 681 431 451 556 348 606 490 555 495 586 583 507 497 603 615 646 473 498 637 494 529 634 396 416 473 452 304 365 421 559
494 576 425 466 468 540 463 668 536 497 437 330 605 481 741 786 420 436 600 510 337 499 553 395 554 638 488 408 586 583 463 495 495 506 525 259 598 338
565 442 513 432 434 521 500 495 575 551 509 432 448 478 349 586 480 343 680 376 681 431 461 623 499 519 311 717 540 587 463 487 679 524 355 471 386 521
531 485 234 479 499 472 634 373 603 420 482 380 757 524 504 743 323 679 627 519 789 445 606 547 401 581 506 460 528 525 627 550 507 653 328 677 342 455
742 764 528 398 430 515 493 501 638 511 628 552 306 470 541 392 429 598 431 352 397 715 603 785 602 606 418 555 752 274 557 351 483 295 667 469 571 550
231 577 605 319 368 419 553 682 263 598 466 456 501 366 471 582 425 731 342 500 384 439 499 460 562 638 505 420 687 765 751 528 453 513 452 621 584 708
489 564 478 462 698 546 379 475 612 525 664 560 528 474 551 611 437 424 426 690 421 389 391 525 446 474 481 427 438 664 623 657 530 530 419 284 684 485
447 573 554 522 439 500 465 581 391 501 472 517 384 376 712 718 694 472 374 344 573 608 413 448 497 631 356 398 659 668 545 732 519 505 673 732 402 554
569 412 552 506 460 592 557 372 492 272 238 520 498 699 492 433 593 417 624 454 524 701 892 310 471 735 417 450 481 550 461 503 381 352 411 544 531 720
445 657 384 528 549 808 537 569 521 653 518 434 637 626 760 430 555 396 677 344 492 517 488 458 679 714 410 493 474 400 651 580 397 515 522 344 759 589
573 308 651 513 404 463 661 391 607 458 546 760 502 646 529 481 352 601 341 483 445 418 516 527 648 365 474 548 553 455 666 634 546 444 531 669 638 264

