0 0 0 0
0 0 0 0
0 0 0 0
0 0 0 0

2519740 2663491 2729020 2808933
2505870 2803074 2936872 2952146
2708539 2784114 3197026 3137346
2636010 2572385 2709444 2813999

0 0 0 0
0 0 0 0
0 0 0 0
0 0 0 0

3185366 3311967 3306487 3528816
3242003 3422697 3471734 3499418
3461492 3500913 3672412 3386680
3422295 3272625 3343257 3314485

0 0 0 0
0 0 0 0
0 0 0 0
0 0 0 0

0 0 0 0
0 0 0 0
0 0 0 0
0 0 0 0

0 0 0 0
0 0 0 0
0 0 0 0
0 0 0 0

1944987 2096929 2333265 2106995
2035203 2180826 2152136 2027772
1883694 2063187 2188180 2151546
1664401 1979525 2199582 2368252

0 0 0 0
0 0 0 0
0 0 0 0
0 0 0 0

5763035 5896197 6177203 6129489
5839787 5968960 6065840 5825188
5772790 6027506 6113796 5789491
5502867 5847895 6052008 5950357

1112969 1133092 1302592 1203274
1052246 1156361 1204645 1194222
1038796 1180103 1262115 1340091
976994 1132642 1183871 1276456

181895 232227 154332 181062
188402 179554 283313 244022
203049 147287 260602 280868
204163 186902 214677 145966

0 0 0 0
0 0 0 0
0 0 0 0
0 0 0 0

3636153 3567041 3689606 3893733
3616182 3608580 3713050 3654500
3686047 3817032 3740567 3376525
3634303 3681468 3651241 3436139

1391268 1613533 1725302 1503833
1512046 1872001 1696225 1597968
1558639 1623009 1973882 2039612
1355975 1399484 1665810 1982887

0 0 0 0
0 0 0 0
0 0 0 0
0 0 0 0

