0 0 0
0 0 0
0 0 0

0 0 0
0 0 0
0 0 0

819 1225 1274
612 0 0
1748 1026 971

0 0 0
0 0 0
0 0 0

0 1262 0
1580 2279 276
1770 980 1713

756 312 0
97 0 0
63 759 0

0 0 0
0 0 0
0 0 0

9399 8397 8978
10015 8584 10091
9218 7783 7609

0 0 0
0 0 0
0 0 0

2350 3155 4905
3843 2423 3448
2636 2003 2690

0 0 0
0 0 0
0 0 0

0 0 0
0 0 0
0 0 0

1456 732 1965
556 1352 2356
0 364 597

0 0 1341
1743 2418 1167
2288 694 1909

0 0 0
0 0 0
0 0 0

0 0 0
0 0 0
0 0 0

