614 748 791 651 597 775 625 1100 937 690
847 869 755 743 867 1081 844 983 766 766
873 822 810 825 893 920 1095 841 711 906
911 777 697 1037 1029 1186 877 709 889 720
547 809 504 909 971 456 577 889 832 914
727 872 961 869 803 348 675 863 642 423
875 1016 790 733 796 734 913 658 730 740
784 963 988 519 898 715 529 911 699 927
815 869 850 698 894 880 874 928 936 685
777 740 780 910 817 972 856 997 596 855

138 0 172 130 0 191 74 0 180 54
22 0 0 0 0 32 0 190 0 43
0 40 0 205 0 51 95 64 0 0
72 137 0 119 0 0 0 264 0 0
153 158 0 149 36 159 57 0 27 0
0 207 3 45 269 143 93 0 17 306
0 0 0 142 0 173 0 100 117 0
0 0 31 0 173 134 74 265 102 0
190 164 0 0 158 90 0 0 213 0
57 0 178 0 61 94 0 0 0 151

0 0 0 0 0 0 0 0 0 0
0 0 0 0 0 0 0 0 0 0
0 0 0 0 0 0 0 0 0 0
0 0 0 0 0 0 0 0 0 0
0 0 0 0 0 0 0 0 0 0
0 0 0 0 0 0 0 0 0 0
0 0 0 0 0 0 0 0 0 0
0 0 0 0 0 0 0 0 0 0
0 0 0 0 0 0 0 0 0 0
0 0 0 0 0 0 0 0 0 0

446 781 1084 548 334 279 659 698 809 795
716 333 477 653 818 670 689 707 672 543
988 937 813 562 655 884 783 936 688 561
535 405 458 460 780 860 724 892 609 642
641 647 669 957 1081 524 603 895 801 1008
692 764 625 750 670 691 935 838 626 488
897 681 640 683 474 567 730 802 489 548
793 916 801 496 628 711 548 524 596 763
719 763 690 724 637 408 815 840 683 436
614 880 939 670 875 823 618 560 567 755

1039 857 1156 1186 1179 812 890 931 1300 1196
1002 928 1056 1069 1119 850 955 1192 1372 1305
971 1152 1136 968 932 844 952 1244 1195 1111
997 1192 1235 782 1168 1448 1351 1044 1100 1054
964 1167 1004 900 1371 1413 841 1028 905 1116
1021 1079 972 1071 1514 1166 825 1190 927 1045
989 1106 1017 1195 1002 1063 1216 933 1042 936
1112 960 1098 1059 797 1014 774 1156 859 767
826 1270 1049 921 788 991 922 924 1227 881
1099 1049 910 877 1020 1040 1005 1216 1028 1066

0 0 0 0 0 0 0 0 0 0
0 0 0 0 0 0 0 0 0 0
0 55 0 0 0 0 0 0 0 0
0 0 0 0 0 0 0 0 0 0
0 0 0 0 0 0 0 0 0 0
0 0 0 0 0 0 0 0 0 0
0 0 0 0 0 0 0 0 0 0
0 0 0 0 0 0 0 0 0 0
0 0 0 0 0 0 0 0 0 0
0 0 0 0 0 0 0 0 0 0

15 0 0 0 166 30 44 0 151 3
81 0 163 116 242 0 184 0 508 140
75 0 299 0 233 0 43 25 229 0
0 63 278 68 242 0 21 293 0 303
292 0 270 33 0 211 234 71 0 96
37 0 0 0 0 265 194 0 41 81
225 49 0 0 0 179 0 0 0 166
194 108 0 242 0 0 129 0 0 0
0 126 0 115 0 0 5 0 22 221
18 84 20 0 19 0 0 0 360 69

780 698 863 834 1112 1005 864 796 937 960
1083 1378 765 842 1002 1234 673 932 990 805
605 673 989 621 835 892 926 1015 1036 852
1071 725 965 1100 1235 584 926 719 1124 1225
713 1046 1033 916 1125 1111 1134 1032 1157 811
884 798 707 920 1008 919 900 994 770 903
1100 1365 842 931 1184 771 935 557 712 981
791 856 587 1184 735 884 1079 1077 915 956
853 1457 1001 915 932 985 794 850 1025 1011
1023 836 1047 945 830 823 1046 873 817 1008

899 1362 1146 1282 1023 1224 920 1320 1206 1004
1445 1204 1294 1220 983 1047 1411 1494 1286 1368
1214 1419 1142 1120 1208 1239 1161 1128 1131 1216
1214 1338 1093 1325 1518 1420 1239 1314 1277 1187
1163 1180 907 1280 1272 1125 1096 1166 1344 1412
1044 1245 1394 1366 1139 1143 1199 1349 1247 971
1221 1265 1508 1030 1280 1257 1202 1132 1143 1250
1233 1231 1185 1030 1085 1238 1133 1267 1377 1053
1261 1342 1413 1063 1245 1241 1216 1565 1132 1150
1150 1223 1070 1177 1306 1401 1279 1074 1273 1069

0 0 0 38 0 98 0 251 0 0
0 165 0 47 0 64 0 127 0 0
86 273 0 0 76 190 0 153 0 166
14 30 79 0 0 92 0 0 90 280
0 20 20 0 0 0 0 11 273 0
0 49 135 0 0 22 0 182 0 0
0 221 123 60 204 0 118 0 0 46
0 161 56 140 26 10 0 0 25 0
0 0 0 0 132 57 15 0 287 0
27 0 0 0 0 5 0 0 15 37

1290 1078 1446 1247 832 970 1349 1420 1261 1223
1184 1036 1348 1225 940 1075 1270 1374 1268 1013
1617 1306 1018 1223 1274 1228 1460 1432 1257 1256
1111 1268 1037 1368 1145 1299 1399 1442 1269 1252
1685 1119 952 1232 1406 1346 1115 1264 1384 1396
1071 1355 996 1378 1251 1160 1282 1467 1145 1307
1350 1421 1093 1402 910 954 1284 1488 900 1121
1288 1532 1357 1220 1074 1211 1224 1215 911 1114
1146 1368 1072 1019 1058 1192 1065 1249 1314 995
1252 1411 1240 1292 1490 1096 1320 1372 1281 1187

731 814 1115 913 817 770 941 746 821 913
780 831 720 993 940 950 718 966 1100 974
1228 992 1106 851 1088 1098 947 756 1171 1111
834 811 1010 769 802 914 915 862 1176 1118
861 867 1305 1079 1080 1005 1081 1031 1079 1137
957 952 1168 1016 831 987 1237 888 760 694
1024 976 1019 1020 924 1186 842 710 807 729
1084 792 1017 949 1055 1009 944 818 829 1004
821 899 830 973 818 1003 1055 770 1201 924
1080 958 985 818 766 660 1064 768 896 989

622 802 1045 595 540 282 473 381 755 867
669 542 483 516 770 345 610 593 667 798
892 628 900 376 534 629 669 431 755 615
565 242 704 223 570 557 946 771 895 450
951 853 609 736 807 602 602 791 636 708
800 551 660 738 890 848 918 741 816 644
634 443 629 749 464 599 767 716 899 595
767 669 504 725 579 620 505 627 552 607
651 695 808 768 597 383 693 731 539 465
553 667 675 585 620 634 675 825 499 533

194 0 0 0 99 276 96 0 0 0
0 0 0 0 0 0 18 0 64 17
189 0 0 210 401 0 0 0 112 203
0 15 208 0 69 0 301 0 0 81
76 0 59 0 0 0 207 0 0 0
244 222 26 0 0 0 76 0 3 0
63 68 41 12 34 10 368 0 0 168
46 20 50 264 134 0 0 100 0 0
0 0 146 20 0 125 115 0 0 85
0 54 28 50 14 0 0 87 0 0

40 0 0 0 0 151 17 32 0 3
0 0 0 0 0 31 117 52 0 50
0 0 5 231 0 237 0 0 98 0
182 0 0 0 0 0 263 127 0 0
0 2 0 0 0 0 0 0 0 0
167 63 33 19 0 0 0 0 0 96
0 0 0 0 0 0 0 149 0 0
0 0 0 0 0 37 0 71 0 0
0 151 0 0 169 0 0 0 0 0
0 0 0 0 6 139 0 0 0 0

0 0 0 0 0 0 0 0 0 0
0 0 0 0 0 0 0 0 0 0
0 0 85 0 0 0 0 0 0 0
0 0 0 0 0 0 0 0 0 0
0 0 0 0 0 0 0 0 0 0
0 0 0 0 0 0 0 0 0 0
0 0 0 0 0 0 0 0 0 0
0 0 0 0 0 0 0 0 0 0
0 0 0 0 0 0 0 0 0 0
0 0 0 0 0 0 0 0 0 0

