0 0 0 0 0 0 0 0 0 0 0 0 0 0 0 0 0 0 0 0 0 0 0 0
0 0 0 0 0 0 0 0 0 0 0 0 0 0 0 0 0 0 0 0 0 0 0 0
0 0 0 0 0 0 0 0 0 0 0 0 0 0 0 0 0 0 0 0 0 0 0 0
0 0 0 0 0 0 0 0 0 0 0 0 0 0 0 0 0 0 0 0 0 0 0 0
0 0 0 0 0 0 0 0 0 0 0 0 0 0 0 0 0 0 0 0 0 0 0 0
0 0 0 0 0 0 0 0 0 0 0 0 0 0 0 0 0 0 0 0 0 0 0 0
0 0 0 0 0 0 0 0 0 0 0 0 0 0 0 0 0 0 0 0 0 0 0 0
0 0 0 0 0 0 0 0 0 0 0 0 0 0 0 0 0 0 0 0 0 0 0 0
0 0 0 0 0 0 0 0 0 0 0 0 0 0 0 0 0 0 0 0 0 0 0 0
0 0 0 0 0 0 0 0 0 0 0 0 0 0 0 0 0 0 0 0 0 0 0 0
0 0 0 0 0 0 0 0 0 0 0 0 0 0 0 0 0 0 0 0 0 0 0 0
0 0 0 0 0 0 0 0 0 0 0 0 0 0 0 0 0 0 0 0 0 0 0 0
0 0 0 0 0 0 0 0 0 0 0 0 0 0 0 0 0 0 0 0 0 0 0 0
0 0 0 0 0 0 0 0 0 0 0 0 0 0 0 0 0 0 0 0 0 0 0 0
0 0 0 0 0 0 0 0 0 0 0 0 0 0 0 0 0 0 0 0 0 0 0 0
0 0 0 0 0 0 0 0 0 0 0 0 0 0 0 0 0 0 0 0 0 0 0 0
0 0 0 0 0 0 0 0 0 0 0 0 0 0 0 0 0 0 0 0 0 0 0 0
0 0 0 0 0 0 0 0 0 0 0 0 0 0 0 0 27 0 0 0 0 0 0 0
0 0 0 0 0 0 0 0 0 0 0 0 0 0 0 0 0 0 0 0 0 0 0 0
0 0 0 0 0 0 0 0 0 0 0 0 0 0 0 0 0 0 0 0 0 0 0 0
0 0 0 0 0 0 0 0 0 0 0 0 0 0 0 0 0 0 0 0 0 0 0 0
0 0 0 0 0 0 0 0 0 0 0 0 0 0 0 0 0 0 0 0 0 0 0 0
0 0 0 0 0 0 0 0 0 0 0 0 0 0 0 0 0 0 0 0 0 0 0 0
0 0 0 0 0 0 0 0 0 0 0 0 0 0 0 0 0 0 0 0 0 0 0 0

0 0 0 0 0 0 0 0 0 0 0 0 0 0 0 0 0 0 0 0 0 0 0 0
0 0 0 0 0 0 0 0 0 0 0 0 0 0 0 0 0 0 0 0 0 0 0 0
0 0 0 0 0 0 0 0 0 0 0 0 0 0 0 0 0 0 0 0 0 0 0 0
0 0 0 0 0 0 0 0 0 0 0 0 0 0 0 0 0 0 0 0 0 0 0 0
0 0 0 0 0 0 0 0 0 0 0 0 0 0 0 0 0 0 0 0 0 0 0 0
0 0 0 0 0 0 0 0 0 0 0 0 0 0 0 0 0 0 0 0 0 0 0 0
0 0 0 0 0 0 0 0 0 0 0 0 0 0 0 0 0 0 0 0 0 0 0 0
0 0 0 0 0 0 0 0 0 0 0 0 0 0 0 0 0 0 0 0 0 0 0 0
0 0 0 0 0 0 0 0 0 0 0 0 0 0 0 0 0 0 0 0 0 0 0 0
0 0 0 0 0 0 0 0 0 0 0 0 0 0 0 0 0 0 0 0 0 0 0 0
0 0 0 0 0 0 0 0 0 0 0 0 0 0 0 0 0 0 0 0 0 0 0 0
0 0 0 0 0 0 0 0 0 0 0 0 0 0 0 0 0 0 0 0 0 0 0 0
0 0 0 0 0 0 0 0 0 0 0 0 0 0 0 0 0 0 0 0 0 0 0 0
0 0 0 0 0 0 0 0 0 0 0 0 0 0 0 0 0 0 0 0 0 0 0 0
0 0 0 0 0 0 0 0 0 0 0 0 0 0 0 0 0 0 0 0 0 0 0 0
0 0 0 0 0 0 0 0 0 0 0 0 0 0 0 0 0 0 0 0 0 0 0 0
0 0 0 0 0 0 0 0 0 0 0 0 0 0 0 0 0 0 0 0 0 0 0 0
0 0 0 0 0 0 0 0 0 0 0 0 0 0 0 0 0 0 0 0 0 0 0 0
0 0 0 0 0 0 0 0 0 0 0 0 0 0 0 0 0 0 0 0 0 0 0 0
0 0 0 0 0 0 0 0 0 0 0 0 0 0 0 0 0 0 0 0 0 0 0 0
0 0 0 0 0 0 0 0 0 0 0 0 0 0 0 0 0 0 0 0 0 0 0 0
0 0 0 0 0 0 0 0 0 0 0 0 0 0 0 0 0 0 0 0 0 0 0 0
0 0 0 0 0 0 0 0 0 0 0 0 0 0 0 0 0 0 0 0 0 0 0 0
0 0 0 0 0 0 0 0 0 0 0 0 0 0 0 0 0 0 0 0 0 0 0 0

62 26 7 46 33 35 5 21 59 8 37 0 56 48 42 50 71 135 52 46 100 96 69 74
76 74 90 88 38 79 114 56 106 111 47 44 22 39 11 94 78 45 77 85 35 101 90 30
79 58 118 95 94 79 93 98 101 95 145 130 88 43 79 57 33 34 89 66 74 99 75 123
100 62 73 76 49 13 38 86 43 78 99 76 94 23 68 71 83 56 59 37 80 56 52 87
92 72 60 52 102 44 60 89 68 76 43 71 52 83 20 64 59 82 8 99 102 152 93 84
4 45 112 32 26 140 106 106 77 64 68 39 78 96 65 130 71 83 36 83 46 67 48 31
10 34 16 56 25 28 35 100 37 54 90 35 30 106 64 78 16 62 107 64 41 0 82 6
127 35 60 60 31 34 50 85 106 43 69 40 26 97 63 64 114 50 60 71 48 100 114 89
127 85 71 121 18 93 58 86 102 24 65 99 90 28 47 107 126 58 6 120 94 74 56 116
52 59 51 32 88 68 138 78 89 126 76 138 92 122 59 41 51 100 104 87 108 92 28 35
73 41 83 41 100 42 42 58 23 75 47 92 95 165 112 94 55 57 71 66 66 60 127 10
54 94 61 82 54 43 50 45 81 41 89 37 27 88 120 89 46 125 79 68 68 69 55 73
24 80 70 48 72 34 39 65 67 69 55 41 27 75 65 70 88 76 33 61 91 76 59 80
99 81 98 68 1 44 41 122 102 71 72 72 93 50 43 64 55 66 108 88 63 44 69 0
77 32 36 62 113 67 79 119 90 66 77 56 97 74 77 95 41 40 86 67 36 16 82 127
90 43 52 140 91 65 112 27 78 47 7 65 54 39 99 85 85 41 48 81 69 40 78 31
91 74 76 69 81 125 88 51 95 82 35 48 20 69 123 46 75 68 59 16 63 92 30 81
75 88 60 102 88 108 50 114 48 0 61 17 65 24 7 70 61 53 45 77 30 64 106 90
61 30 50 130 91 92 145 112 72 81 69 77 45 33 0 67 75 89 78 63 42 37 75 49
20 77 58 37 34 91 35 88 60 110 35 94 70 53 74 44 80 42 80 58 111 86 36 24
25 105 87 50 96 53 38 48 60 58 76 59 67 97 67 62 73 94 73 88 79 52 69 92
46 51 65 81 72 45 98 95 70 90 42 53 118 44 98 103 83 97 78 28 60 45 64 98
95 37 49 74 32 57 8 5 61 112 107 133 55 92 107 43 89 100 92 70 79 51 32 70
107 111 57 80 68 122 54 74 56 32 66 98 78 103 54 69 65 75 23 93 122 48 128 91

0 0 0 0 0 0 0 0 0 11 0 0 3 0 0 0 0 0 0 0 0 0 0 17
0 0 0 0 0 0 0 0 0 0 0 0 0 0 0 0 0 0 0 0 0 0 0 0
0 0 0 0 0 0 0 0 0 0 0 0 0 0 0 0 0 0 0 0 0 0 0 0
0 0 0 0 0 0 0 0 0 0 0 0 0 0 0 0 0 0 0 0 0 0 0 0
0 0 0 0 0 0 0 0 23 0 0 0 0 0 0 0 0 2 0 0 0 0 0 0
0 0 0 0 0 0 0 0 0 0 0 0 0 0 0 0 0 0 0 0 0 0 6 0
0 0 0 0 0 0 0 0 0 0 0 0 0 0 0 0 0 0 0 0 0 0 0 0
0 0 0 0 0 0 0 0 38 0 0 0 0 0 0 0 0 0 0 0 0 0 0 32
0 0 0 0 44 0 0 0 0 0 0 0 0 0 0 0 0 0 0 0 0 0 13 0
0 0 0 0 0 4 0 0 0 0 0 0 17 0 0 0 0 0 0 0 0 0 0 0
0 0 0 0 0 0 0 0 0 0 0 0 0 0 0 0 0 0 0 0 0 0 0 0
0 0 0 0 0 0 0 0 0 0 0 0 0 0 0 0 0 0 0 0 0 0 0 0
0 0 0 0 0 0 0 0 0 0 0 0 0 0 0 0 0 0 0 0 0 0 0 0
0 0 0 0 0 0 15 3 0 0 0 0 0 0 0 0 0 0 0 0 0 0 0 0
0 0 0 0 0 0 0 0 0 0 0 0 0 0 0 0 0 0 0 0 0 0 0 0
0 0 0 0 0 0 0 0 0 0 0 0 0 0 0 0 0 0 0 0 0 0 0 0
0 0 0 0 0 0 0 0 0 0 0 0 0 0 0 0 0 0 0 0 0 0 0 0
0 0 0 0 0 0 0 0 0 0 0 8 0 0 0 0 0 0 0 0 4 0 0 0
0 0 0 19 0 0 0 0 0 0 0 0 0 0 0 0 0 0 0 0 0 0 0 0
0 0 0 0 0 0 0 0 0 0 0 0 0 0 0 0 0 0 0 0 0 0 0 0
0 0 0 0 0 0 0 0 0 0 0 0 0 0 0 0 0 0 0 0 0 0 0 0
0 0 0 0 0 2 0 0 0 0 0 0 0 0 0 0 0 0 0 0 0 0 0 0
0 0 0 0 1 0 0 0 0 0 0 0 0 0 0 0 0 0 0 0 0 0 0 0
0 0 0 0 0 0 0 0 0 0 0 0 0 0 0 0 0 0 0 0 0 0 0 0

0 79 17 30 65 62 0 17 60 34 62 81 0 0 51 51 0 39 8 42 51 0 13 74
20 31 31 45 54 67 66 5 45 0 0 38 7 44 24 34 27 94 69 62 98 28 7 20
67 31 52 44 21 55 78 33 80 118 111 0 22 47 24 19 2 24 74 5 0 55 56 65
83 56 0 42 57 47 10 78 66 35 72 67 14 35 49 105 38 20 94 7 81 113 3 12
13 11 11 35 57 54 0 85 20 13 102 37 26 18 26 38 17 45 62 26 7 110 15 16
6 78 1 126 158 47 0 49 84 51 47 98 29 55 8 27 27 74 33 48 68 68 94 49
0 53 64 0 39 68 114 0 103 45 29 21 48 65 21 45 1 7 0 26 0 13 0 37
68 15 39 3 0 28 29 70 0 26 34 23 30 59 111 110 46 25 15 98 3 67 58 77
115 42 68 15 65 67 24 35 69 76 20 21 66 50 8 59 17 54 55 31 18 77 55 98
46 0 38 92 5 31 68 0 39 81 28 60 92 70 0 18 41 51 62 46 40 43 92 27
49 26 48 35 89 0 54 18 13 67 35 88 33 26 17 32 40 105 23 83 62 72 60 43
42 33 55 39 40 80 0 20 33 42 60 20 12 117 85 0 0 114 1 18 58 51 31 23
29 92 0 15 30 68 65 1 77 46 90 57 51 66 86 6 40 67 39 61 115 81 18 47
60 44 102 39 41 14 81 49 40 25 119 21 13 0 78 137 28 12 64 35 0 53 25 2
86 57 30 27 42 0 36 43 85 131 62 47 98 0 0 49 39 63 61 104 48 0 30 46
28 46 85 96 39 108 12 53 82 37 18 7 55 52 77 36 56 0 54 38 5 33 49 39
38 22 27 51 13 48 13 64 47 74 77 53 34 33 28 0 56 45 4 90 50 1 46 31
64 60 39 0 15 55 58 0 0 0 48 47 89 19 50 72 0 95 28 26 78 115 17 21
36 14 55 73 17 73 59 67 33 91 62 0 55 24 72 43 11 31 38 81 0 74 38 9
26 20 3 64 70 45 58 0 78 46 0 36 76 6 19 55 64 49 121 93 25 10 16 29
41 21 33 96 73 56 1 45 0 13 78 8 32 99 16 22 56 82 9 25 46 28 0 7
30 111 8 17 51 0 63 87 0 83 39 15 43 42 95 0 63 51 52 16 0 29 51 29
51 79 7 114 90 53 41 57 47 65 49 49 39 72 11 77 22 56 80 37 14 0 73 31
53 57 76 0 3 66 15 63 0 69 4 84 18 39 31 44 42 25 33 32 36 0 100 24

53 33 78 57 52 31 29 72 34 51 23 83 60 56 53 23 47 17 37 16 60 0 8 36
34 16 100 80 34 32 45 110 52 90 0 77 27 87 51 33 29 34 37 77 0 42 37 9
33 93 40 0 49 11 60 7 36 100 43 57 9 92 4 28 93 25 28 0 0 10 26 9
54 0 29 38 30 1 55 56 44 46 7 29 31 37 30 60 18 27 42 95 35 20 81 52
31 0 0 46 9 67 42 69 64 27 73 13 45 0 41 20 71 64 30 0 45 0 37 0
34 0 67 6 57 43 38 51 15 3 27 44 29 9 0 51 48 67 65 59 20 22 32 26
27 62 54 58 45 8 47 37 0 56 3 0 16 58 110 21 60 0 20 20 23 115 44 22
57 52 35 55 6 30 0 32 35 32 75 39 70 103 53 20 62 28 58 92 48 78 67 63
22 53 0 39 0 30 60 48 17 69 9 52 45 0 69 50 46 1 49 24 0 94 99 41
66 36 18 73 52 39 0 5 19 17 1 31 32 55 33 34 56 25 19 22 36 37 67 9
29 43 29 72 42 60 42 43 24 0 66 33 84 2 22 0 58 56 75 43 49 89 73 0
61 13 38 30 14 51 9 9 63 101 22 0 0 0 84 31 25 62 65 26 6 28 34 42
68 35 36 17 23 17 49 77 49 103 5 0 26 0 43 21 57 0 39 50 77 37 0 24
68 21 53 1 64 54 49 54 54 72 66 35 13 61 39 104 21 47 23 44 33 48 0 44
55 31 0 71 23 0 85 14 53 47 0 25 26 10 29 37 26 38 12 44 20 16 12 91
44 45 0 69 34 57 29 7 113 48 33 58 0 55 20 17 23 41 55 60 34 0 44 58
27 50 19 20 0 56 46 54 70 40 11 16 114 81 37 30 37 0 34 45 41 15 39 42
34 0 0 44 22 65 83 62 39 0 41 42 74 18 61 36 32 25 67 53 51 27 42 32
16 28 36 53 8 0 41 0 34 55 82 23 47 23 53 20 67 18 10 45 0 0 46 36
60 3 97 68 59 13 43 0 68 9 39 96 48 49 54 0 90 43 55 64 21 55 0 74
11 39 65 0 91 35 38 0 15 0 60 14 74 82 20 36 44 45 109 0 61 21 50 20
0 33 97 19 9 41 46 23 41 38 42 36 54 54 36 51 32 45 22 1 26 62 18 46
47 18 62 48 44 45 16 26 34 54 0 36 33 47 2 72 17 59 44 0 62 44 0 55
29 61 65 34 53 45 15 34 40 51 46 51 0 15 39 16 30 56 24 55 40 38 31 21

18 24 13 69 20 75 37 50 23 0 11 13 74 24 43 72 47 48 35 88 20 22 43 45
73 39 38 12 28 36 122 4 57 59 31 0 66 15 36 43 66 63 37 0 0 91 55 58
77 46 3 45 43 30 38 46 74 35 67 53 70 0 34 94 27 46 38 38 103 119 8 71
14 19 36 43 27 7 76 85 25 9 19 51 47 35 90 57 45 73 67 72 41 29 56 73
99 37 62 83 69 12 29 7 37 67 9 34 46 31 0 66 66 73 16 79 84 50 56 28
39 55 69 15 0 81 58 61 36 38 0 34 29 119 18 51 39 41 38 76 12 47 47 91
22 35 46 29 0 64 45 0 80 29 52 6 68 93 84 37 59 24 65 76 54 26 30 0
60 35 9 37 2 53 17 90 78 52 54 81 22 64 0 45 103 77 56 58 91 0 51 19
66 81 51 90 90 29 31 24 68 0 71 65 55 29 40 64 17 19 63 50 68 61 23 32
0 24 90 33 72 58 88 57 64 107 80 94 38 91 85 6 91 81 58 112 39 57 23 0
56 38 45 19 14 61 77 72 41 35 82 74 34 86 14 62 38 33 14 7 53 35 40 4
30 14 72 74 41 22 81 86 61 51 32 8 66 100 125 38 62 0 55 98 39 15 7 82
14 71 63 73 22 61 62 67 0 30 22 44 85 78 28 112 30 44 18 17 64 24 35 0
24 83 31 39 34 75 21 57 38 34 22 80 46 70 62 74 57 14 32 59 28 0 109 71
81 57 106 69 56 31 23 82 26 39 43 77 77 17 25 37 65 8 57 48 35 3 48 38
2 11 71 94 63 55 79 56 12 23 36 94 0 74 28 0 21 58 57 17 35 0 30 75
66 25 35 9 104 102 80 62 28 33 0 30 60 0 36 52 79 48 75 32 0 103 12 46
80 71 62 61 56 56 45 98 39 44 48 21 15 16 86 55 9 7 74 6 0 60 18 50
59 63 34 101 53 46 74 69 32 32 0 56 0 18 28 47 51 13 31 86 57 44 81 47
53 91 67 35 84 89 24 89 88 84 47 64 42 66 32 42 64 81 72 0 56 19 25 9
28 99 40 16 17 47 4 22 20 94 62 24 89 48 44 92 21 41 0 91 86 38 44 53
84 52 91 49 33 45 98 62 35 86 0 60 58 5 81 80 59 34 53 95 20 59 76 58
17 0 57 28 9 77 17 64 95 48 83 77 81 79 52 83 52 44 1 28 46 58 0 65
91 81 15 9 83 47 0 53 69 25 115 80 18 67 118 35 83 30 35 50 61 65 57 37

224 194 232 237 198 202 186 221 223 234 221 212 166 179 203 232 161 147 212 188 263 244 189 236
153 184 179 245 143 205 191 222 225 263 198 239 194 179 232 242 172 210 252 175 202 197 218 242
189 161 218 186 217 138 225 175 146 230 198 178 167 176 243 194 213 198 179 188 171 220 201 184
142 204 132 144 211 186 222 269 194 186 191 160 201 223 200 241 225 191 184 181 199 172 197 238
169 176 127 166 181 220 176 180 231 124 202 178 164 175 202 226 224 230 162 222 173 208 184 127
121 125 191 179 203 225 167 173 193 183 165 183 187 167 178 248 217 248 205 200 172 206 211 232
244 158 263 217 209 250 129 186 189 202 212 183 124 219 220 223 198 235 219 204 220 259 223 239
189 180 275 290 186 232 198 152 251 177 227 266 258 240 239 179 181 211 203 219 268 263 199 187
225 217 211 195 225 145 207 212 160 181 181 266 219 235 221 204 217 206 197 231 194 230 224 198
196 174 184 187 234 179 154 226 135 206 198 211 226 206 157 145 246 206 211 198 260 217 205 227
167 153 208 208 203 163 160 182 211 175 204 243 183 208 138 184 230 224 275 261 152 242 242 237
143 183 146 187 179 185 166 208 236 178 222 222 197 171 201 190 238 230 202 233 174 202 202 179
102 181 228 139 184 227 195 200 224 242 201 219 160 172 203 237 154 244 225 194 172 175 184 161
157 149 206 202 175 316 218 229 226 185 191 196 147 171 229 202 255 196 236 167 166 156 194 175
189 220 162 228 239 259 225 207 216 158 164 195 173 182 230 146 205 207 184 161 162 181 159 228
210 173 178 187 268 209 244 265 162 253 159 184 184 183 212 248 163 163 161 183 148 203 134 226
227 199 167 239 186 243 201 220 208 218 220 176 173 185 181 135 186 186 204 169 189 156 192 170
180 111 181 159 175 202 205 176 207 197 194 237 203 159 142 230 188 198 244 236 222 172 161 131
144 216 188 175 175 242 228 224 157 239 269 222 232 186 126 221 191 236 206 190 205 150 174 150
160 236 158 217 186 235 150 194 173 232 153 244 204 196 253 188 211 254 226 266 201 172 187 194
159 175 210 166 178 207 224 149 197 221 193 165 203 241 181 230 213 244 216 209 193 187 172 227
176 169 259 249 211 176 184 244 206 179 246 210 227 222 235 186 213 210 145 202 218 221 237 187
243 286 197 248 203 187 188 232 178 177 215 170 239 265 214 218 213 165 159 214 207 199 239 208
215 255 167 203 212 140 197 169 167 261 186 187 252 207 175 163 246 133 190 155 216 166 160 196

120 116 81 154 136 116 106 167 151 179 148 82 137 122 96 114 144 132 113 115 174 158 147 213
134 162 133 131 172 140 116 144 99 91 131 170 136 100 114 123 132 121 129 146 195 26 130 180
159 78 96 207 178 110 107 145 131 190 112 150 115 158 158 109 121 183 98 114 126 21 197 149
120 125 79 135 144 132 126 91 140 169 108 119 136 163 103 133 204 156 188 123 116 154 154 126
81 137 76 125 122 172 157 121 171 128 118 78 138 138 112 130 107 116 134 40 122 152 169 125
117 114 98 154 146 114 118 163 155 88 138 127 105 121 141 165 154 168 138 189 191 130 154 88
167 105 97 172 180 145 111 112 185 105 142 166 85 121 158 145 129 102 134 155 106 120 102 104
104 157 162 140 155 112 126 80 160 168 148 128 130 119 145 192 134 230 159 197 81 177 97 105
150 172 170 143 213 156 81 121 139 112 65 119 177 141 152 109 133 104 132 119 125 134 197 139
128 151 108 127 140 175 63 106 135 136 163 115 187 191 118 66 113 179 167 187 138 126 148 153
104 167 85 170 125 159 83 137 103 129 102 100 149 101 133 195 175 157 161 128 107 202 136 195
105 139 143 129 206 133 90 148 128 125 133 204 219 116 99 92 104 189 131 132 168 161 129 96
112 145 112 168 183 146 119 127 156 137 162 192 127 90 95 126 137 126 156 183 167 166 162 155
192 145 174 140 97 52 111 130 137 124 146 115 81 137 118 95 115 190 172 74 120 200 76 108
169 162 113 109 164 186 185 141 125 175 130 127 128 112 105 88 189 119 140 96 109 103 80 148
177 152 167 102 131 149 112 174 171 173 115 96 150 125 90 146 163 132 88 134 112 151 63 94
206 151 103 126 174 152 94 167 138 76 121 98 150 89 88 95 177 157 123 161 128 85 104 162
99 137 168 96 122 141 175 176 144 131 131 131 102 116 73 112 120 169 129 168 131 76 117 144
124 82 55 109 73 109 186 147 122 162 97 110 155 200 95 117 155 187 170 178 131 138 93 134
170 66 83 145 155 127 153 128 129 107 159 139 123 73 100 156 143 130 191 200 99 111 180 157
148 76 160 166 69 90 116 118 111 127 172 144 151 184 129 121 164 175 194 166 30 143 99 110
116 147 125 124 186 174 116 121 155 129 155 160 136 128 181 139 143 185 167 91 86 169 146 95
131 148 161 159 135 61 75 68 116 98 195 108 195 119 143 114 149 148 165 153 138 128 167 106
145 156 131 107 153 115 149 188 161 140 71 137 234 147 122 166 81 114 123 78 97 171 132 89

0 0 0 0 0 0 0 0 0 0 0 0 0 0 0 0 0 0 0 0 0 0 0 0
0 0 0 0 0 0 0 0 0 0 0 8 0 0 0 0 0 0 0 0 25 0 0 0
0 0 0 0 0 0 0 0 0 0 0 0 28 0 0 0 0 0 0 0 7 0 0 0
0 0 0 0 0 0 0 0 0 0 0 0 0 0 0 0 0 0 0 0 0 0 0 0
0 26 0 0 0 0 0 0 0 0 0 0 0 0 0 0 0 0 0 0 0 0 0 0
0 0 0 0 0 0 0 0 0 0 3 0 0 0 0 0 0 0 0 0 0 0 0 0
0 0 0 0 0 0 0 0 0 0 0 13 0 0 0 0 0 12 0 0 0 0 0 0
5 0 0 0 0 0 0 0 0 0 0 0 0 0 0 0 0 0 0 0 0 0 0 0
0 0 0 0 0 30 0 0 19 0 0 0 0 0 0 0 47 0 0 0 0 0 0 0
0 0 0 0 0 9 0 10 2 0 0 0 0 0 0 0 0 0 0 0 0 0 0 0
0 0 0 0 0 0 0 0 0 0 0 0 0 54 0 0 0 0 1 0 0 0 0 0
0 0 0 0 0 0 0 0 0 0 0 0 0 0 0 0 0 0 0 0 0 0 0 0
0 0 0 0 0 0 0 0 0 0 0 0 0 0 0 0 0 0 0 0 0 0 0 0
0 0 0 0 0 0 0 0 0 0 0 0 0 0 0 0 0 0 8 0 0 0 1 0
0 0 0 0 0 0 0 0 0 0 11 0 0 0 0 0 0 0 0 0 0 2 0 0
0 0 0 0 0 0 0 0 0 0 0 0 0 0 0 0 0 0 0 0 0 34 0 0
0 0 0 0 0 0 0 0 6 13 0 0 0 0 0 0 0 0 0 0 0 0 0 0
0 0 0 0 0 0 0 0 0 0 0 0 0 0 0 0 0 0 0 0 0 0 0 0
0 0 0 0 0 0 0 33 0 0 0 0 0 0 0 0 0 0 0 0 0 0 0 0
0 0 0 0 0 0 0 0 0 0 0 0 11 0 0 0 0 0 0 0 0 0 0 0
0 0 0 26 0 0 0 0 0 0 0 0 0 0 0 0 0 0 0 24 0 0 0 0
0 0 0 0 10 0 0 0 0 0 0 0 0 0 0 0 0 0 0 0 0 0 0 0
0 0 0 0 0 0 0 0 0 0 0 0 0 0 0 0 0 0 0 0 0 0 0 0
0 0 0 6 0 0 0 8 0 0 0 0 0 39 0 0 0 2 0 0 0 0 0 0

0 0 0 0 0 0 0 0 0 0 0 0 0 0 0 0 0 0 0 0 0 0 0 0
0 0 0 0 0 0 0 0 0 0 0 0 0 0 0 0 0 0 0 5 0 0 0 0
0 0 0 0 0 0 0 0 0 0 0 0 0 0 0 0 0 0 0 0 0 0 0 0
0 0 0 0 0 0 0 0 0 0 0 0 0 0 0 0 0 0 0 0 0 0 0 0
0 0 0 0 0 0 0 0 0 0 0 0 0 0 0 0 0 0 0 0 0 0 0 0
0 0 0 0 0 0 0 0 0 0 0 0 0 0 0 0 0 0 0 0 0 0 0 0
0 0 0 0 0 0 0 0 0 0 0 0 0 0 0 0 0 0 0 0 0 0 0 0
0 0 0 0 0 0 0 0 0 0 0 0 0 0 0 0 0 0 0 0 0 0 0 0
0 0 0 0 0 0 0 0 0 0 0 0 0 0 0 0 0 0 0 0 0 0 0 0
0 0 0 0 0 0 0 0 0 0 0 0 0 0 0 0 0 0 0 0 0 0 0 0
0 0 0 0 0 0 0 0 0 0 0 0 0 0 0 0 0 0 0 0 0 0 0 0
0 0 0 0 0 0 0 0 0 0 0 0 0 0 0 0 0 0 0 0 0 0 0 0
0 0 0 0 0 0 0 0 0 0 0 0 0 0 0 0 0 0 0 0 0 0 0 0
0 0 0 0 0 0 0 0 0 0 0 0 0 0 0 0 0 0 0 0 0 0 0 0
0 0 0 0 0 0 0 0 0 0 0 0 0 0 0 0 0 0 0 0 0 0 0 0
0 0 0 0 0 0 0 0 0 0 0 0 0 0 0 0 0 0 0 0 0 0 0 0
0 0 0 0 0 0 0 0 0 0 0 0 0 0 0 0 0 0 0 0 0 0 0 0
0 0 0 12 0 0 0 0 0 0 0 0 0 0 0 0 0 0 0 0 0 0 0 0
0 4 0 0 0 0 0 0 0 0 0 0 0 0 0 0 0 0 0 0 0 0 0 0
0 0 0 0 0 0 0 0 0 0 0 0 0 0 0 0 0 0 0 0 0 0 0 0
0 0 0 0 0 0 0 10 0 0 0 0 0 0 0 0 0 0 0 0 0 0 0 0
0 0 0 0 0 0 0 0 0 0 0 0 0 0 0 0 0 0 0 0 0 0 0 0
0 0 0 0 0 0 0 0 0 0 0 0 0 0 0 0 0 0 0 0 0 0 0 0
0 0 0 0 0 0 0 0 0 0 0 0 0 0 0 0 0 0 0 0 0 0 0 0

152 82 152 126 147 147 111 98 82 98 37 163 103 74 118 146 113 85 168 118 154 136 91 129
125 39 113 114 75 56 140 135 115 150 62 150 114 109 132 79 54 159 105 116 55 150 117 154
161 74 173 148 141 58 97 137 127 155 132 58 142 67 126 115 160 70 110 127 119 148 56 104
27 90 70 79 106 117 191 169 105 188 125 126 110 107 127 111 148 121 95 102 69 111 124 161
121 61 53 83 61 142 5 82 89 93 101 58 70 105 82 124 133 189 78 144 114 111 122 90
73 44 103 131 112 194 68 123 97 122 127 82 127 104 91 96 108 140 140 82 77 147 166 134
110 120 120 128 123 150 49 150 110 147 133 62 91 162 138 113 148 139 132 115 155 126 119 94
143 111 83 161 80 95 120 122 116 77 113 99 105 144 175 146 171 68 97 83 154 126 159 161
145 160 101 127 92 71 107 63 71 129 81 152 112 132 137 40 146 125 54 187 122 166 133 128
151 73 136 117 159 105 109 126 110 112 63 109 133 127 89 78 134 101 128 151 106 73 185 152
169 80 82 103 150 120 91 38 163 91 124 155 166 183 103 101 160 139 135 131 130 113 191 104
77 93 91 98 111 114 97 85 122 134 103 91 110 109 120 104 109 140 93 234 69 81 149 104
132 111 144 97 128 146 117 128 108 184 96 98 90 76 136 100 98 183 155 121 159 154 116 82
61 55 69 60 120 139 128 100 91 114 88 143 102 54 115 108 151 138 139 127 92 82 70 126
152 127 146 182 134 134 178 138 123 117 136 128 128 103 145 142 117 117 89 144 94 135 91 56
84 103 95 91 185 58 179 117 182 148 80 167 115 128 127 138 45 108 68 117 73 55 108 174
131 147 84 167 99 169 97 120 113 76 136 137 140 70 75 76 94 73 136 171 95 116 98 91
147 98 63 109 51 110 155 86 168 108 166 147 146 141 142 130 127 108 112 107 129 75 115 82
85 102 131 117 131 140 111 126 108 113 74 207 136 57 104 133 104 138 103 161 174 60 96 133
16 132 115 117 35 142 115 124 109 101 121 70 122 144 113 60 133 158 165 114 155 122 103 105
41 70 114 67 107 118 157 72 118 147 129 141 121 149 159 125 139 168 107 97 132 85 75 100
58 128 200 196 127 125 67 146 70 90 144 67 110 152 49 145 107 139 112 129 167 123 140 173
97 123 83 117 110 151 136 157 131 129 76 97 165 186 169 141 147 143 84 62 85 92 61 116
138 120 141 111 145 92 103 74 116 130 174 102 100 135 68 95 104 98 111 96 145 56 97 100

64 75 23 63 38 72 36 42 44 71 49 49 172 0 20 25 67 72 19 0 50 19 40 31
68 22 58 43 90 13 31 70 19 62 89 8 97 22 63 45 73 29 53 38 113 0 86 0
31 63 44 42 25 19 66 87 10 55 39 15 36 65 41 66 54 59 41 3 61 0 128 36
64 57 28 48 16 77 39 61 65 59 18 29 47 61 23 17 80 8 72 26 73 0 129 62
92 21 0 86 22 31 70 27 96 80 3 61 27 45 61 62 105 47 87 54 81 26 74 7
41 18 0 35 0 43 31 1 86 39 14 36 61 32 60 26 92 105 72 0 66 13 72 25
36 76 46 77 60 71 16 59 37 6 37 65 59 48 48 53 75 0 55 69 41 68 126 2
27 76 24 39 49 88 37 50 84 10 50 51 12 117 110 41 0 33 65 66 52 122 38 22
19 117 0 18 18 93 30 39 78 0 37 51 91 69 66 47 48 0 91 67 26 52 57 42
0 4 18 55 59 84 11 84 44 62 30 34 95 18 76 20 99 66 31 75 41 78 36 38
0 34 42 104 10 102 12 83 49 31 55 12 104 35 6 28 31 55 99 50 40 78 53 38
37 50 59 32 45 12 21 55 55 61 37 2 45 0 93 80 52 23 104 0 34 86 29 25
27 78 36 17 48 2 33 56 29 67 8 0 29 67 54 52 65 80 0 38 17 14 0 41
16 69 31 24 61 98 64 121 35 45 28 86 30 85 76 46 58 53 32 45 60 25 0 49
82 22 82 12 27 90 40 104 5 50 19 39 52 65 18 9 33 75 53 24 20 48 0 77
145 48 0 83 21 87 38 83 49 65 26 91 19 77 14 37 36 64 63 50 24 0 40 58
98 0 56 0 55 50 47 72 63 25 37 23 90 75 0 61 30 13 54 38 52 47 53 37
58 8 73 23 19 57 56 86 10 46 39 74 51 35 0 4 57 0 99 78 63 30 32 29
29 58 22 56 31 0 76 25 26 27 58 30 93 0 35 26 82 0 28 75 33 0 35 79
106 20 101 67 88 104 61 16 75 80 53 35 64 71 40 40 25 68 34 52 19 65 0 64
63 64 52 65 37 62 45 25 74 0 56 38 61 59 9 91 18 59 90 45 24 92 12 36
0 60 70 59 26 45 54 18 38 40 62 24 98 30 80 82 55 30 41 38 14 67 66 6
16 47 97 23 86 45 28 35 109 11 69 3 79 51 37 44 37 51 7 50 0 70 52 27
83 47 63 35 101 33 40 5 42 14 106 65 75 5 41 60 70 79 46 55 18 63 0 57

0 0 0 0 0 0 0 0 0 0 0 0 0 0 0 8 0 25 0 0 0 27 0 0
0 0 0 0 0 0 13 0 0 0 0 0 0 0 2 0 0 0 0 42 7 18 7 0
0 0 2 0 0 0 0 0 0 0 0 0 0 0 0 0 0 0 0 0 0 0 0 0
0 0 0 0 0 0 0 0 0 0 39 0 0 0 0 9 0 0 0 0 0 0 0 0
0 0 2 0 0 0 0 0 0 0 0 0 0 0 0 0 0 0 0 0 0 0 0 0
0 0 6 0 0 0 0 0 0 0 0 0 0 0 0 0 0 0 0 0 0 0 25 0
0 0 0 0 0 0 0 0 0 0 0 0 0 0 0 0 0 0 0 0 0 0 0 0
0 0 0 0 0 0 0 0 0 21 0 0 0 0 0 0 0 12 0 0 0 0 0 0
0 0 0 0 23 0 0 28 0 0 0 0 0 0 0 0 10 0 0 0 0 0 0 1
0 0 0 0 0 0 0 0 9 0 0 0 0 0 0 0 0 0 15 0 0 0 0 0
0 0 0 0 0 0 0 0 0 0 0 0 0 0 0 0 0 0 0 0 0 0 0 0
0 0 0 0 0 0 0 4 0 0 0 30 0 0 3 0 0 0 0 0 0 0 0 0
0 0 0 0 0 0 0 0 0 0 0 0 0 0 0 0 9 0 2 0 0 0 0 16
0 0 0 0 0 0 8 0 0 0 0 0 0 0 0 0 0 0 0 0 0 0 0 0
0 0 0 0 0 0 0 0 0 0 0 0 15 0 0 10 0 0 0 0 0 0 0 42
0 0 0 0 0 0 0 0 0 0 0 0 0 0 0 0 0 0 0 0 0 0 0 0
0 0 0 0 0 0 0 0 0 0 0 0 0 0 0 0 0 0 0 0 0 0 0 0
0 3 0 0 7 0 2 0 0 11 0 0 0 2 0 0 0 0 0 0 0 0 0 0
0 17 34 0 0 0 0 0 0 0 0 0 0 0 6 0 4 0 0 0 0 0 0 0
0 0 0 0 0 0 0 0 8 0 0 0 0 0 0 38 0 0 8 0 0 0 0 0
0 0 0 0 0 0 0 0 6 0 0 0 0 0 0 0 0 0 0 0 0 0 0 0
0 45 0 0 0 35 0 0 0 5 0 0 0 0 0 0 0 0 0 0 0 0 0 0
0 0 0 0 0 0 0 0 0 0 0 0 0 0 0 0 0 0 0 0 0 0 0 0
0 0 9 0 0 0 0 0 0 0 11 0 0 0 9 0 0 0 6 0 0 0 0 0

0 0 0 0 0 0 0 0 0 0 0 11 0 0 0 0 0 0 0 0 0 0 0 0
0 0 0 0 0 0 0 0 0 0 0 0 0 0 0 0 0 0 0 0 0 0 0 0
0 0 0 0 0 0 0 0 0 0 0 0 0 0 0 0 0 0 0 0 0 0 0 0
0 0 0 0 0 0 0 0 0 0 0 0 0 0 0 0 0 0 0 0 0 0 0 0
0 0 0 0 0 0 0 0 0 0 0 0 0 0 0 0 0 0 0 0 0 0 0 0
0 0 0 0 0 0 0 0 0 0 0 0 0 0 0 0 0 0 0 0 0 0 0 0
0 0 0 0 0 0 0 0 0 0 0 0 0 0 0 0 0 0 0 0 0 0 0 0
0 0 0 0 0 0 0 0 0 0 0 0 0 0 0 0 0 0 0 0 0 0 0 0
0 0 0 0 0 0 0 0 0 0 0 0 0 0 0 0 0 0 0 0 0 0 0 0
0 0 0 0 0 0 0 0 0 0 0 0 0 0 0 0 0 0 0 0 0 0 0 0
0 0 0 0 0 0 0 0 0 0 0 0 0 0 0 0 0 0 0 0 0 0 0 0
0 0 0 0 0 0 0 0 0 0 0 0 0 0 0 0 0 0 0 0 0 0 0 0
0 0 0 0 0 0 0 0 0 0 0 0 0 0 0 0 0 0 0 0 0 0 0 0
0 0 0 0 0 0 0 0 0 0 0 0 0 0 0 0 0 0 0 0 0 0 0 0
0 0 0 0 0 0 0 0 0 0 0 0 0 0 0 0 0 0 0 0 0 0 0 0
0 0 0 0 0 0 0 0 0 0 0 0 0 0 0 0 0 0 0 0 0 0 0 0
0 0 0 0 0 0 0 0 0 0 0 0 0 0 0 0 0 0 0 0 0 0 0 0
0 0 0 0 0 0 0 0 0 0 0 0 0 0 0 0 0 0 0 0 0 0 0 0
0 0 13 0 0 0 0 0 0 0 0 0 0 0 0 0 0 0 0 0 0 0 0 0
0 0 0 0 0 0 0 0 0 0 0 0 0 0 0 0 0 0 0 0 0 0 0 0
0 0 0 0 0 0 0 0 0 0 0 0 0 0 0 0 0 0 0 0 0 0 0 0
0 0 0 0 0 0 0 0 0 0 0 0 0 0 0 0 0 0 0 0 0 14 0 0
0 0 0 0 0 0 0 0 0 0 0 0 0 0 0 0 0 0 0 0 0 0 0 0
0 0 0 0 0 0 0 0 0 0 0 0 0 0 0 0 0 0 0 0 0 0 0 0

104 142 51 90 91 90 112 159 154 94 119 130 81 108 70 79 88 142 109 152 127 96 147 189
103 176 148 120 144 117 155 92 212 115 161 171 126 97 54 94 108 106 77 68 125 46 102 157
81 97 73 119 108 92 108 111 170 144 114 98 150 109 103 106 129 156 93 49 164 56 121 132
146 92 65 100 95 89 85 99 68 178 110 52 142 113 105 108 129 132 142 75 167 109 146 137
105 117 28 96 165 128 168 151 109 140 129 106 118 137 67 131 83 154 155 109 91 178 138 143
43 119 87 103 139 74 151 86 198 125 97 91 87 76 110 122 174 140 143 106 71 132 66 102
141 128 68 82 156 85 86 103 101 135 76 103 118 134 126 163 164 60 121 170 121 185 130 92
156 209 149 83 131 145 99 91 138 144 112 94 151 101 120 144 50 120 149 148 122 167 97 129
74 107 117 90 131 223 153 91 171 121 74 139 144 200 127 102 96 118 183 137 108 131 130 128
113 94 82 75 108 102 126 46 118 137 119 112 151 198 162 136 89 120 141 171 72 148 165 55
86 111 84 127 139 162 111 104 131 113 133 42 175 99 83 147 157 122 95 133 53 141 79 161
42 101 73 169 128 129 79 138 131 171 139 113 169 50 98 66 151 192 149 122 160 153 130 175
103 149 77 73 99 118 92 111 156 116 109 77 93 112 118 95 110 137 136 107 104 155 55 109
167 89 161 103 166 83 150 108 159 143 119 135 123 134 153 120 98 88 107 64 68 134 74 42
86 163 144 113 141 163 182 138 145 112 138 144 94 168 160 90 90 114 147 95 101 83 78 135
154 159 153 121 22 145 115 141 176 157 85 98 102 77 62 13 174 126 118 127 91 96 57 76
135 111 143 62 66 158 67 161 167 92 164 64 131 82 120 48 114 145 112 121 106 84 78 142
122 79 100 90 121 171 174 191 104 143 136 154 122 130 49 63 79 134 45 170 113 82 64 101
145 45 108 67 111 116 171 85 90 127 107 130 92 100 126 61 108 141 166 164 137 102 94 86
126 78 133 89 114 90 66 74 124 115 134 138 99 154 94 149 99 141 164 182 102 88 124 112
123 109 116 165 186 71 181 107 74 87 110 109 112 162 76 129 157 120 107 164 89 100 87 94
124 96 77 169 104 141 131 115 111 124 153 131 169 172 154 161 176 133 172 112 65 138 76 79
94 176 141 138 133 148 68 83 59 79 144 138 154 136 105 114 135 119 141 109 58 121 173 95
146 140 156 130 162 155 79 155 158 104 81 86 151 123 123 164 118 122 129 129 80 130 237 86

