869 791 1081 1100 937
911 1037 1186 1095 906
872 961 971 889 914
1016 988 898 913 927
869 910 972 997 936

138 172 191 190 180
137 205 51 264 0
207 149 269 93 306
0 142 173 265 117
190 178 158 0 213

0 0 0 0 0
0 0 0 0 0
0 0 0 0 0
0 0 0 0 0
0 0 0 0 0

781 1084 818 707 809
988 813 884 936 688
764 957 1081 935 1008
916 801 711 802 763
880 939 875 840 755

1039 1186 1179 1192 1372
1192 1235 1448 1351 1195
1167 1071 1514 1190 1116
1112 1195 1063 1216 1042
1270 1049 1040 1216 1227

0 0 0 0 0
55 0 0 0 0
0 0 0 0 0
0 0 0 0 0
0 0 0 0 0

81 163 242 184 508
75 299 242 293 303
292 270 265 234 96
225 242 179 129 166
126 115 19 5 360

1378 863 1234 932 990
1071 1100 1235 1015 1225
1046 1033 1125 1134 1157
1365 1184 1184 1079 981
1457 1047 985 1046 1025

1445 1294 1224 1494 1368
1419 1325 1518 1314 1277
1245 1394 1272 1349 1412
1265 1508 1280 1267 1377
1342 1413 1401 1565 1273

165 47 98 251 0
273 79 190 153 280
49 135 22 182 273
221 140 204 118 46
27 0 132 15 287

1290 1446 1075 1420 1268
1617 1368 1299 1460 1269
1685 1378 1406 1467 1396
1532 1402 1211 1488 1121
1411 1292 1490 1372 1314

831 1115 950 966 1100
1228 1106 1098 947 1176
957 1305 1080 1237 1137
1084 1020 1186 944 1004
1080 985 1003 1064 1201

802 1045 770 610 867
892 900 629 946 895
951 738 890 918 816
767 749 620 767 899
695 808 634 825 539

194 0 276 96 64
189 210 401 301 203
244 59 0 207 3
68 264 134 368 168
54 146 125 115 85

40 0 151 117 50
182 231 237 263 98
167 33 0 0 96
0 0 37 149 0
151 0 169 0 0

0 0 0 0 0
0 85 0 0 0
0 0 0 0 0
0 0 0 0 0
0 0 0 0 0

