0 0 0 0 0 0 0 0 0 0 0 0
0 0 0 0 0 0 0 0 0 0 0 0
0 0 0 0 0 0 0 0 0 0 0 0
0 0 0 0 0 0 0 0 0 0 0 0
0 0 0 0 0 0 0 0 0 0 0 0
0 0 0 0 0 0 0 0 0 0 0 0
0 0 0 0 0 0 0 0 0 0 0 0
0 0 0 0 0 0 0 0 0 0 0 0
0 0 0 0 0 0 0 0 27 0 0 0
0 0 0 0 0 0 0 0 0 0 0 0
0 0 0 0 0 0 0 0 0 0 0 0
0 0 0 0 0 0 0 0 0 0 0 0

0 0 0 0 0 0 0 0 0 0 0 0
0 0 0 0 0 0 0 0 0 0 0 0
0 0 0 0 0 0 0 0 0 0 0 0
0 0 0 0 0 0 0 0 0 0 0 0
0 0 0 0 0 0 0 0 0 0 0 0
0 0 0 0 0 0 0 0 0 0 0 0
0 0 0 0 0 0 0 0 0 0 0 0
0 0 0 0 0 0 0 0 0 0 0 0
0 0 0 0 0 0 0 0 0 0 0 0
0 0 0 0 0 0 0 0 0 0 0 0
0 0 0 0 0 0 0 0 0 0 0 0
0 0 0 0 0 0 0 0 0 0 0 0

76 90 79 114 111 47 56 94 135 85 101 90
100 118 94 98 101 145 94 79 83 89 99 123
92 112 140 106 77 71 96 130 83 99 152 93
127 60 34 100 106 90 106 78 114 107 100 114
127 121 93 138 126 138 122 107 126 120 108 116
94 83 100 58 81 92 165 120 125 79 69 127
99 98 72 122 102 72 93 70 88 108 91 80
90 140 113 119 90 77 97 99 85 86 69 127
91 102 125 114 95 61 69 123 75 77 92 106
77 130 92 145 110 94 70 74 89 80 111 75
105 87 96 98 90 76 118 103 97 88 79 98
111 80 122 74 112 133 103 107 100 93 122 128

0 0 0 0 11 0 3 0 0 0 0 17
0 0 0 0 0 0 0 0 0 0 0 0
0 0 0 0 23 0 0 0 2 0 0 6
0 0 0 0 38 0 0 0 0 0 0 32
0 0 44 0 0 0 17 0 0 0 0 13
0 0 0 0 0 0 0 0 0 0 0 0
0 0 0 15 0 0 0 0 0 0 0 0
0 0 0 0 0 0 0 0 0 0 0 0
0 0 0 0 0 8 0 0 0 0 4 0
0 19 0 0 0 0 0 0 0 0 0 0
0 0 2 0 0 0 0 0 0 0 0 0
0 0 1 0 0 0 0 0 0 0 0 0

79 45 67 66 60 81 44 51 94 69 98 74
83 52 57 78 118 111 47 105 38 94 113 65
78 126 158 85 84 102 55 38 74 62 110 94
68 64 68 114 103 34 65 111 46 98 67 77
115 92 67 68 81 60 92 59 54 62 77 98
49 55 89 54 67 88 117 85 114 83 72 60
92 102 68 81 77 119 66 137 67 64 115 47
86 96 108 53 131 62 98 77 63 104 48 49
64 51 55 64 74 77 89 72 95 90 115 46
36 73 73 67 91 62 76 72 64 121 74 38
111 96 73 87 83 78 99 95 82 52 46 51
79 114 90 63 69 84 72 77 56 80 36 100

53 100 52 110 90 83 87 53 47 77 60 37
93 40 49 60 100 57 92 60 93 95 35 81
34 67 67 69 64 73 45 51 71 65 45 37
62 58 45 47 56 75 103 110 62 92 115 67
66 73 52 60 69 52 55 69 56 49 94 99
61 72 60 43 101 66 84 84 62 75 89 73
68 53 64 77 103 66 61 104 57 50 77 44
55 71 57 85 113 58 55 37 41 60 34 91
50 44 65 83 70 42 114 61 37 67 51 42
60 97 59 43 68 96 49 54 90 64 55 74
39 97 91 46 41 60 82 51 45 109 62 50
61 65 53 34 54 51 47 72 59 55 62 55

73 69 75 122 59 31 74 72 66 88 91 58
77 45 43 85 74 67 70 94 73 72 119 73
99 83 81 61 67 34 119 66 73 79 84 91
60 46 64 90 80 81 93 84 103 76 91 51
81 90 90 88 107 94 91 85 91 112 68 32
56 74 61 86 61 82 100 125 62 98 53 82
83 73 75 67 38 80 85 112 57 59 64 109
81 106 63 82 39 94 77 37 65 57 35 75
80 62 104 98 44 48 60 86 79 75 103 50
91 101 89 89 88 64 66 47 81 86 57 81
99 91 47 98 94 62 89 92 59 95 86 76
91 57 83 64 95 115 81 118 83 50 65 65

224 245 205 222 263 239 194 242 210 252 263 242
204 218 217 269 230 198 223 243 225 188 220 238
176 191 225 180 231 202 187 248 248 222 208 232
244 290 250 198 251 266 258 239 235 219 268 239
225 211 234 226 206 266 235 221 246 231 260 227
183 208 203 208 236 243 208 201 238 275 242 242
181 228 316 229 242 219 172 237 255 236 175 194
220 228 268 265 253 195 184 248 207 184 203 228
227 239 243 220 218 237 203 230 198 244 222 192
236 217 242 228 239 269 232 253 254 266 205 194
176 259 211 244 221 246 241 235 244 216 221 237
286 248 212 232 261 215 265 218 246 214 216 239

162 154 172 167 179 170 137 123 144 146 195 213
159 207 178 145 190 150 163 158 204 188 154 197
137 154 172 163 171 138 138 165 168 189 191 169
167 172 180 126 185 166 130 192 230 197 177 105
172 170 213 121 139 163 191 152 179 187 138 197
167 170 206 148 129 204 219 195 189 161 202 195
192 174 183 130 156 192 137 126 190 183 200 162
177 167 186 185 175 130 150 146 189 140 151 148
206 168 174 176 144 131 150 112 177 168 131 162
170 145 155 186 162 159 200 156 187 200 138 180
148 166 186 121 155 172 184 181 185 194 169 146
156 161 153 188 161 195 234 166 149 165 171 167

0 0 0 0 0 8 0 0 0 0 25 0
0 0 0 0 0 0 28 0 0 0 7 0
26 0 0 0 0 3 0 0 0 0 0 0
5 0 0 0 0 13 0 0 12 0 0 0
0 0 30 10 19 0 0 0 47 0 0 0
0 0 0 0 0 0 54 0 0 1 0 0
0 0 0 0 0 0 0 0 0 8 0 1
0 0 0 0 0 11 0 0 0 0 34 0
0 0 0 0 13 0 0 0 0 0 0 0
0 0 0 33 0 0 11 0 0 0 0 0
0 26 10 0 0 0 0 0 0 24 0 0
0 6 0 8 0 0 39 0 2 0 0 0

0 0 0 0 0 0 0 0 0 5 0 0
0 0 0 0 0 0 0 0 0 0 0 0
0 0 0 0 0 0 0 0 0 0 0 0
0 0 0 0 0 0 0 0 0 0 0 0
0 0 0 0 0 0 0 0 0 0 0 0
0 0 0 0 0 0 0 0 0 0 0 0
0 0 0 0 0 0 0 0 0 0 0 0
0 0 0 0 0 0 0 0 0 0 0 0
0 12 0 0 0 0 0 0 0 0 0 0
4 0 0 0 0 0 0 0 0 0 0 0
0 0 0 10 0 0 0 0 0 0 0 0
0 0 0 0 0 0 0 0 0 0 0 0

152 152 147 140 150 163 114 146 159 168 154 154
161 173 141 191 188 132 142 127 160 127 148 161
121 131 194 123 122 127 127 124 189 144 147 166
143 161 150 150 147 133 162 175 171 132 155 161
160 136 159 126 129 152 133 137 146 187 166 185
169 103 150 97 163 155 183 120 160 234 130 191
132 144 146 128 184 143 102 136 183 155 159 126
152 182 185 179 182 167 128 145 117 144 135 174
147 167 169 155 168 166 146 142 127 171 129 115
132 131 142 126 113 207 144 133 158 165 174 133
128 200 127 157 147 144 152 159 168 129 167 173
138 141 151 157 131 174 186 169 147 111 145 116

75 63 90 70 71 89 172 63 73 53 113 86
64 48 77 87 65 39 65 66 80 72 73 129
92 86 43 70 96 61 61 62 105 87 81 74
76 77 88 59 84 65 117 110 75 69 122 126
117 55 93 84 78 51 95 76 99 91 78 57
50 104 102 83 61 55 104 93 55 104 86 53
78 36 98 121 67 86 85 76 80 45 60 49
145 83 90 104 65 91 77 37 75 63 48 77
98 73 57 86 63 74 90 61 57 99 63 53
106 101 104 76 80 58 93 40 82 75 65 79
64 70 62 54 74 62 98 91 59 90 92 66
83 97 101 40 109 106 79 60 79 55 70 57

0 0 0 13 0 0 0 8 25 42 27 7
0 2 0 0 0 39 0 9 0 0 0 0
0 6 0 0 0 0 0 0 0 0 0 25
0 0 0 0 21 0 0 0 12 0 0 0
0 0 23 28 9 0 0 0 10 15 0 1
0 0 0 4 0 30 0 3 0 0 0 0
0 0 0 8 0 0 0 0 9 2 0 16
0 0 0 0 0 0 15 10 0 0 0 42
3 0 7 2 11 0 2 0 0 0 0 0
17 34 0 0 8 0 0 38 4 8 0 0
45 0 35 0 6 0 0 0 0 0 0 0
0 9 0 0 0 11 0 9 0 6 0 0

0 0 0 0 0 11 0 0 0 0 0 0
0 0 0 0 0 0 0 0 0 0 0 0
0 0 0 0 0 0 0 0 0 0 0 0
0 0 0 0 0 0 0 0 0 0 0 0
0 0 0 0 0 0 0 0 0 0 0 0
0 0 0 0 0 0 0 0 0 0 0 0
0 0 0 0 0 0 0 0 0 0 0 0
0 0 0 0 0 0 0 0 0 0 0 0
0 0 0 0 0 0 0 0 0 0 0 0
0 13 0 0 0 0 0 0 0 0 0 0
0 0 0 0 0 0 0 0 0 0 14 0
0 0 0 0 0 0 0 0 0 0 0 0

176 148 144 159 212 171 126 94 142 152 127 189
146 119 108 111 178 114 150 108 156 142 167 146
119 103 165 168 198 129 137 131 174 155 178 143
209 149 156 103 144 112 151 163 164 170 185 130
113 117 223 153 171 139 200 162 120 183 148 165
111 169 162 138 171 139 175 147 192 149 160 175
167 161 166 150 159 135 134 153 137 136 155 109
163 153 163 182 176 144 168 160 174 147 101 135
135 143 171 191 167 164 131 120 145 170 113 142
145 133 116 171 127 138 154 149 141 182 137 124
124 169 186 181 124 153 172 161 176 172 138 94
176 156 162 155 158 144 154 164 135 141 130 237

