0000000000000000000000000000000000000000000000000000000000000000 0000000000000000000000000000000000000000000000000000000000000000 0000000000000000000000000000000000000000000000000000000000000000
0000000000000000000000000000000000000000000000000000000000000000 0000000000000000000000000000000000000000000000000000000000000000 0000000000000000000000000000000000000000000000000000000000000000
0000000000000000000000000000000000000000000000000000000000000000 0000000000000000000000000000000000000000000000000000000000000000 0000000000000000000000000000000000000000000000000000000000000000
0000000000000000000000000000000000000000000000000000000000000000 0000000000000000000000000000000000000000000000000000000000000000 0000000000000000000000000000000000000000000000000000000000000000
0000000000000000000000000000000000000000000000000000000000000000 0000000000000000000000000000000000000000000000000000000000000000 0000000000000000000000000000000000000000000000000000000000000000
0000000000000000000000000000000000000000000000000000000000000000 0000000000000000000000000000000000000000000000000000000000000000 0000000000000000000000000000000000000000000000000000000000000000
0000000000000000000000000000000000000000000000000000010011001001 0000000000000000000000000000000000000000000000000000010011111010 0000000000000000000000000000000000000000000000000000010011111010
0000000000000000000000000000000000000000000000000000011011010100 0000000000000000000000000000000000000000000000000000010000000010 0000000000000000000000000000000000000000000000000000001111001011
0000000000000000000000000000000000000000000000000000011011010100 0000000000000000000000000000000000000000000000000000010000000010 0000000000000000000000000000000000000000000000000000001111001011
0000000000000000000000000000000000000000000000000000000000000000 0000000000000000000000000000000000000000000000000000000000000000 0000000000000000000000000000000000000000000000000000000000000000
0000000000000000000000000000000000000000000000000000000000000000 0000000000000000000000000000000000000000000000000000000000000000 0000000000000000000000000000000000000000000000000000000000000000
0000000000000000000000000000000000000000000000000000000000000000 0000000000000000000000000000000000000000000000000000000000000000 0000000000000000000000000000000000000000000000000000000000000000
0000000000000000000000000000000000000000000000000000100011100111 0000000000000000000000000000000000000000000000000000100011100111 0000000000000000000000000000000000000000000000000000000100010100
0000000000000000000000000000000000000000000000000000100011100111 0000000000000000000000000000000000000000000000000000100011100111 0000000000000000000000000000000000000000000000000000011010110001
0000000000000000000000000000000000000000000000000000011011101010 0000000000000000000000000000000000000000000000000000011010110001 0000000000000000000000000000000000000000000000000000011010110001
0000000000000000000000000000000000000000000000000000001011110100 0000000000000000000000000000000000000000000000000000000100111000 0000000000000000000000000000000000000000000000000000000000000000
0000000000000000000000000000000000000000000000000000001011110111 0000000000000000000000000000000000000000000000000000001011110111 0000000000000000000000000000000000000000000000000000000000000000
0000000000000000000000000000000000000000000000000000001011110111 0000000000000000000000000000000000000000000000000000001011110111 0000000000000000000000000000000000000000000000000000000000000000
0000000000000000000000000000000000000000000000000000000000000000 0000000000000000000000000000000000000000000000000000000000000000 0000000000000000000000000000000000000000000000000000000000000000
0000000000000000000000000000000000000000000000000000000000000000 0000000000000000000000000000000000000000000000000000000000000000 0000000000000000000000000000000000000000000000000000000000000000
0000000000000000000000000000000000000000000000000000000000000000 0000000000000000000000000000000000000000000000000000000000000000 0000000000000000000000000000000000000000000000000000000000000000
0000000000000000000000000000000000000000000000000010011100011111 0000000000000000000000000000000000000000000000000010011101101011 0000000000000000000000000000000000000000000000000010011101101011
0000000000000000000000000000000000000000000000000010011100011111 0000000000000000000000000000000000000000000000000010011101101011 0000000000000000000000000000000000000000000000000010011101101011
0000000000000000000000000000000000000000000000000010010000000010 0000000000000000000000000000000000000000000000000001111001100111 0000000000000000000000000000000000000000000000000001110110111001
0000000000000000000000000000000000000000000000000000000000000000 0000000000000000000000000000000000000000000000000000000000000000 0000000000000000000000000000000000000000000000000000000000000000
0000000000000000000000000000000000000000000000000000000000000000 0000000000000000000000000000000000000000000000000000000000000000 0000000000000000000000000000000000000000000000000000000000000000
0000000000000000000000000000000000000000000000000000000000000000 0000000000000000000000000000000000000000000000000000000000000000 0000000000000000000000000000000000000000000000000000000000000000
0000000000000000000000000000000000000000000000000000111100000011 0000000000000000000000000000000000000000000000000001001100101001 0000000000000000000000000000000000000000000000000001001100101001
0000000000000000000000000000000000000000000000000000111100000011 0000000000000000000000000000000000000000000000000000110101111000 0000000000000000000000000000000000000000000000000000110101111000
0000000000000000000000000000000000000000000000000000101001001100 0000000000000000000000000000000000000000000000000000101010000010 0000000000000000000000000000000000000000000000000000101010000010
0000000000000000000000000000000000000000000000000000000000000000 0000000000000000000000000000000000000000000000000000000000000000 0000000000000000000000000000000000000000000000000000000000000000
0000000000000000000000000000000000000000000000000000000000000000 0000000000000000000000000000000000000000000000000000000000000000 0000000000000000000000000000000000000000000000000000000000000000
0000000000000000000000000000000000000000000000000000000000000000 0000000000000000000000000000000000000000000000000000000000000000 0000000000000000000000000000000000000000000000000000000000000000
0000000000000000000000000000000000000000000000000000000000000000 0000000000000000000000000000000000000000000000000000000000000000 0000000000000000000000000000000000000000000000000000000000000000
0000000000000000000000000000000000000000000000000000000000000000 0000000000000000000000000000000000000000000000000000000000000000 0000000000000000000000000000000000000000000000000000000000000000
0000000000000000000000000000000000000000000000000000000000000000 0000000000000000000000000000000000000000000000000000000000000000 0000000000000000000000000000000000000000000000000000000000000000
0000000000000000000000000000000000000000000000000000010110110000 0000000000000000000000000000000000000000000000000000100100110100 0000000000000000000000000000000000000000000000000000100100110100
0000000000000000000000000000000000000000000000000000010101001000 0000000000000000000000000000000000000000000000000000100100110100 0000000000000000000000000000000000000000000000000000100100110100
0000000000000000000000000000000000000000000000000000000101101100 0000000000000000000000000000000000000000000000000000001001010101 0000000000000000000000000000000000000000000000000000001001010101
0000000000000000000000000000000000000000000000000000100101110010 0000000000000000000000000000000000000000000000000000100101110010 0000000000000000000000000000000000000000000000000000010100111101
0000000000000000000000000000000000000000000000000000100101110010 0000000000000000000000000000000000000000000000000000100101110010 0000000000000000000000000000000000000000000000000000011101110101
0000000000000000000000000000000000000000000000000000100011110000 0000000000000000000000000000000000000000000000000000011101110101 0000000000000000000000000000000000000000000000000000011101110101
0000000000000000000000000000000000000000000000000000000000000000 0000000000000000000000000000000000000000000000000000000000000000 0000000000000000000000000000000000000000000000000000000000000000
0000000000000000000000000000000000000000000000000000000000000000 0000000000000000000000000000000000000000000000000000000000000000 0000000000000000000000000000000000000000000000000000000000000000
0000000000000000000000000000000000000000000000000000000000000000 0000000000000000000000000000000000000000000000000000000000000000 0000000000000000000000000000000000000000000000000000000000000000
0000000000000000000000000000000000000000000000000000000000000000 0000000000000000000000000000000000000000000000000000000000000000 0000000000000000000000000000000000000000000000000000000000000000
0000000000000000000000000000000000000000000000000000000000000000 0000000000000000000000000000000000000000000000000000000000000000 0000000000000000000000000000000000000000000000000000000000000000
0000000000000000000000000000000000000000000000000000000000000000 0000000000000000000000000000000000000000000000000000000000000000 0000000000000000000000000000000000000000000000000000000000000000
