0000000000000000000000000000000000000000000000000000001101100101 0000000000000000000000000000000000000000000000000000001100010111 0000000000000000000000000000000000000000000000000000010000111001 0000000000000000000000000000000000000000000000000000010001001100 0000000000000000000000000000000000000000000000000000001110101001
0000000000000000000000000000000000000000000000000000001110001111 0000000000000000000000000000000000000000000000000000010000001101 0000000000000000000000000000000000000000000000000000010010100010 0000000000000000000000000000000000000000000000000000010001000111 0000000000000000000000000000000000000000000000000000001110001010
0000000000000000000000000000000000000000000000000000001101101000 0000000000000000000000000000000000000000000000000000001111000001 0000000000000000000000000000000000000000000000000000001111001011 0000000000000000000000000000000000000000000000000000001101111001 0000000000000000000000000000000000000000000000000000001110010010
0000000000000000000000000000000000000000000000000000001111111000 0000000000000000000000000000000000000000000000000000001111011100 0000000000000000000000000000000000000000000000000000001110000010 0000000000000000000000000000000000000000000000000000001110010001 0000000000000000000000000000000000000000000000000000001110011111
0000000000000000000000000000000000000000000000000000001101100101 0000000000000000000000000000000000000000000000000000001110001110 0000000000000000000000000000000000000000000000000000001111001100 0000000000000000000000000000000000000000000000000000001111100101 0000000000000000000000000000000000000000000000000000001110101000
0000000000000000000000000000000000000000000000000000000010001010 0000000000000000000000000000000000000000000000000000000010101100 0000000000000000000000000000000000000000000000000000000010111111 0000000000000000000000000000000000000000000000000000000010111110 0000000000000000000000000000000000000000000000000000000010110100
0000000000000000000000000000000000000000000000000000000010001001 0000000000000000000000000000000000000000000000000000000011001101 0000000000000000000000000000000000000000000000000000000000110011 0000000000000000000000000000000000000000000000000000000100001000 0000000000000000000000000000000000000000000000000000000000000000
0000000000000000000000000000000000000000000000000000000011001111 0000000000000000000000000000000000000000000000000000000010010101 0000000000000000000000000000000000000000000000000000000100001101 0000000000000000000000000000000000000000000000000000000001011101 0000000000000000000000000000000000000000000000000000000100110010
0000000000000000000000000000000000000000000000000000000000000000 0000000000000000000000000000000000000000000000000000000010001110 0000000000000000000000000000000000000000000000000000000010101101 0000000000000000000000000000000000000000000000000000000100001001 0000000000000000000000000000000000000000000000000000000001110101
0000000000000000000000000000000000000000000000000000000010111110 0000000000000000000000000000000000000000000000000000000010110010 0000000000000000000000000000000000000000000000000000000010011110 0000000000000000000000000000000000000000000000000000000000000000 0000000000000000000000000000000000000000000000000000000011010101
0000000000000000000000000000000000000000000000000000000000000000 0000000000000000000000000000000000000000000000000000000000000000 0000000000000000000000000000000000000000000000000000000000000000 0000000000000000000000000000000000000000000000000000000000000000 0000000000000000000000000000000000000000000000000000000000000000
0000000000000000000000000000000000000000000000000000000000000000 0000000000000000000000000000000000000000000000000000000000000000 0000000000000000000000000000000000000000000000000000000000000000 0000000000000000000000000000000000000000000000000000000000000000 0000000000000000000000000000000000000000000000000000000000000000
0000000000000000000000000000000000000000000000000000000000000000 0000000000000000000000000000000000000000000000000000000000000000 0000000000000000000000000000000000000000000000000000000000000000 0000000000000000000000000000000000000000000000000000000000000000 0000000000000000000000000000000000000000000000000000000000000000
0000000000000000000000000000000000000000000000000000000000000000 0000000000000000000000000000000000000000000000000000000000000000 0000000000000000000000000000000000000000000000000000000000000000 0000000000000000000000000000000000000000000000000000000000000000 0000000000000000000000000000000000000000000000000000000000000000
0000000000000000000000000000000000000000000000000000000000000000 0000000000000000000000000000000000000000000000000000000000000000 0000000000000000000000000000000000000000000000000000000000000000 0000000000000000000000000000000000000000000000000000000000000000 0000000000000000000000000000000000000000000000000000000000000000
0000000000000000000000000000000000000000000000000000001100001101 0000000000000000000000000000000000000000000000000000010000111100 0000000000000000000000000000000000000000000000000000001100110010 0000000000000000000000000000000000000000000000000000001011000011 0000000000000000000000000000000000000000000000000000001100101001
0000000000000000000000000000000000000000000000000000001111011100 0000000000000000000000000000000000000000000000000000001100101101 0000000000000000000000000000000000000000000000000000001101110100 0000000000000000000000000000000000000000000000000000001110101000 0000000000000000000000000000000000000000000000000000001010110000
0000000000000000000000000000000000000000000000000000001011111100 0000000000000000000000000000000000000000000000000000001110111101 0000000000000000000000000000000000000000000000000000010000111001 0000000000000000000000000000000000000000000000000000001110100111 0000000000000000000000000000000000000000000000000000001111110000
0000000000000000000000000000000000000000000000000000001110010100 0000000000000000000000000000000000000000000000000000001100100001 0000000000000000000000000000000000000000000000000000001011000111 0000000000000000000000000000000000000000000000000000001100100010 0000000000000000000000000000000000000000000000000000001011111011
0000000000000000000000000000000000000000000000000000001101110000 0000000000000000000000000000000000000000000000000000001110101011 0000000000000000000000000000000000000000000000000000001101101011 0000000000000000000000000000000000000000000000000000001101001000 0000000000000000000000000000000000000000000000000000001011110011
0000000000000000000000000000000000000000000000000000010000001111 0000000000000000000000000000000000000000000000000000010010100010 0000000000000000000000000000000000000000000000000000010010011011 0000000000000000000000000000000000000000000000000000010010101000 0000000000000000000000000000000000000000000000000000010101011100
0000000000000000000000000000000000000000000000000000010010101000 0000000000000000000000000000000000000000000000000000010011010011 0000000000000000000000000000000000000000000000000000010110101000 0000000000000000000000000000000000000000000000000000010101000111 0000000000000000000000000000000000000000000000000000010010101011
0000000000000000000000000000000000000000000000000000010010001111 0000000000000000000000000000000000000000000000000000010000101111 0000000000000000000000000000000000000000000000000000010111101010 0000000000000000000000000000000000000000000000000000010010100110 0000000000000000000000000000000000000000000000000000010001011100
0000000000000000000000000000000000000000000000000000010001011000 0000000000000000000000000000000000000000000000000000010010101011 0000000000000000000000000000000000000000000000000000010000100111 0000000000000000000000000000000000000000000000000000010011000000 0000000000000000000000000000000000000000000000000000010000010010
0000000000000000000000000000000000000000000000000000010011110110 0000000000000000000000000000000000000000000000000000010000011001 0000000000000000000000000000000000000000000000000000010000010000 0000000000000000000000000000000000000000000000000000010011000000 0000000000000000000000000000000000000000000000000000010011001011
0000000000000000000000000000000000000000000000000000000000000000 0000000000000000000000000000000000000000000000000000000000000000 0000000000000000000000000000000000000000000000000000000000000000 0000000000000000000000000000000000000000000000000000000000000000 0000000000000000000000000000000000000000000000000000000000000000
0000000000000000000000000000000000000000000000000000000000110111 0000000000000000000000000000000000000000000000000000000000000000 0000000000000000000000000000000000000000000000000000000000000000 0000000000000000000000000000000000000000000000000000000000000000 0000000000000000000000000000000000000000000000000000000000000000
0000000000000000000000000000000000000000000000000000000000000000 0000000000000000000000000000000000000000000000000000000000000000 0000000000000000000000000000000000000000000000000000000000000000 0000000000000000000000000000000000000000000000000000000000000000 0000000000000000000000000000000000000000000000000000000000000000
0000000000000000000000000000000000000000000000000000000000000000 0000000000000000000000000000000000000000000000000000000000000000 0000000000000000000000000000000000000000000000000000000000000000 0000000000000000000000000000000000000000000000000000000000000000 0000000000000000000000000000000000000000000000000000000000000000
0000000000000000000000000000000000000000000000000000000000000000 0000000000000000000000000000000000000000000000000000000000000000 0000000000000000000000000000000000000000000000000000000000000000 0000000000000000000000000000000000000000000000000000000000000000 0000000000000000000000000000000000000000000000000000000000000000
0000000000000000000000000000000000000000000000000000000001010001 0000000000000000000000000000000000000000000000000000000010100011 0000000000000000000000000000000000000000000000000000000011110010 0000000000000000000000000000000000000000000000000000000010111000 0000000000000000000000000000000000000000000000000000000111111100
0000000000000000000000000000000000000000000000000000000001001011 0000000000000000000000000000000000000000000000000000000100101011 0000000000000000000000000000000000000000000000000000000011110010 0000000000000000000000000000000000000000000000000000000100100101 0000000000000000000000000000000000000000000000000000000100101111
0000000000000000000000000000000000000000000000000000000100100100 0000000000000000000000000000000000000000000000000000000100001110 0000000000000000000000000000000000000000000000000000000100001001 0000000000000000000000000000000000000000000000000000000011101010 0000000000000000000000000000000000000000000000000000000001100000
0000000000000000000000000000000000000000000000000000000011100001 0000000000000000000000000000000000000000000000000000000011110010 0000000000000000000000000000000000000000000000000000000010110011 0000000000000000000000000000000000000000000000000000000010000001 0000000000000000000000000000000000000000000000000000000010100110
0000000000000000000000000000000000000000000000000000000001111110 0000000000000000000000000000000000000000000000000000000001110011 0000000000000000000000000000000000000000000000000000000000010011 0000000000000000000000000000000000000000000000000000000000000101 0000000000000000000000000000000000000000000000000000000101101000
0000000000000000000000000000000000000000000000000000010101100010 0000000000000000000000000000000000000000000000000000001101011111 0000000000000000000000000000000000000000000000000000010011010010 0000000000000000000000000000000000000000000000000000001110100100 0000000000000000000000000000000000000000000000000000001111011110
0000000000000000000000000000000000000000000000000000010000101111 0000000000000000000000000000000000000000000000000000010001001100 0000000000000000000000000000000000000000000000000000010011010011 0000000000000000000000000000000000000000000000000000001111110111 0000000000000000000000000000000000000000000000000000010011001001
0000000000000000000000000000000000000000000000000000010000010110 0000000000000000000000000000000000000000000000000000010000001001 0000000000000000000000000000000000000000000000000000010001100101 0000000000000000000000000000000000000000000000000000010001101110 0000000000000000000000000000000000000000000000000000010010000101
0000000000000000000000000000000000000000000000000000010101010101 0000000000000000000000000000000000000000000000000000010010100000 0000000000000000000000000000000000000000000000000000010010100000 0000000000000000000000000000000000000000000000000000010000110111 0000000000000000000000000000000000000000000000000000001111010101
0000000000000000000000000000000000000000000000000000010110110001 0000000000000000000000000000000000000000000000000000010000010111 0000000000000000000000000000000000000000000000000000001111011001 0000000000000000000000000000000000000000000000000000010000010110 0000000000000000000000000000000000000000000000000000010000000001
0000000000000000000000000000000000000000000000000000010110100101 0000000000000000000000000000000000000000000000000000010100001110 0000000000000000000000000000000000000000000000000000010011001000 0000000000000000000000000000000000000000000000000000010111010110 0000000000000000000000000000000000000000000000000000010101011000
0000000000000000000000000000000000000000000000000000010110001011 0000000000000000000000000000000000000000000000000000010100101101 0000000000000000000000000000000000000000000000000000010111101110 0000000000000000000000000000000000000000000000000000010100100010 0000000000000000000000000000000000000000000000000000010011111101
0000000000000000000000000000000000000000000000000000010011011101 0000000000000000000000000000000000000000000000000000010101110010 0000000000000000000000000000000000000000000000000000010011111000 0000000000000000000000000000000000000000000000000000010101000101 0000000000000000000000000000000000000000000000000000010110000100
0000000000000000000000000000000000000000000000000000010011110001 0000000000000000000000000000000000000000000000000000010111100100 0000000000000000000000000000000000000000000000000000010100000000 0000000000000000000000000000000000000000000000000000010011110011 0000000000000000000000000000000000000000000000000000010101100001
0000000000000000000000000000000000000000000000000000010100111110 0000000000000000000000000000000000000000000000000000010110000101 0000000000000000000000000000000000000000000000000000010101111001 0000000000000000000000000000000000000000000000000000011000011101 0000000000000000000000000000000000000000000000000000010011111001
0000000000000000000000000000000000000000000000000000000010100101 0000000000000000000000000000000000000000000000000000000000101111 0000000000000000000000000000000000000000000000000000000001100010 0000000000000000000000000000000000000000000000000000000011111011 0000000000000000000000000000000000000000000000000000000000000000
0000000000000000000000000000000000000000000000000000000100010001 0000000000000000000000000000000000000000000000000000000001001111 0000000000000000000000000000000000000000000000000000000010111110 0000000000000000000000000000000000000000000000000000000010011001 0000000000000000000000000000000000000000000000000000000100011000
0000000000000000000000000000000000000000000000000000000000110001 0000000000000000000000000000000000000000000000000000000010000111 0000000000000000000000000000000000000000000000000000000000010110 0000000000000000000000000000000000000000000000000000000010110110 0000000000000000000000000000000000000000000000000000000100010001
0000000000000000000000000000000000000000000000000000000011011101 0000000000000000000000000000000000000000000000000000000010001100 0000000000000000000000000000000000000000000000000000000011001100 0000000000000000000000000000000000000000000000000000000001110110 0000000000000000000000000000000000000000000000000000000000101110
0000000000000000000000000000000000000000000000000000000000011011 0000000000000000000000000000000000000000000000000000000000000000 0000000000000000000000000000000000000000000000000000000010000100 0000000000000000000000000000000000000000000000000000000000001111 0000000000000000000000000000000000000000000000000000000100011111
0000000000000000000000000000000000000000000000000000010100001010 0000000000000000000000000000000000000000000000000000010110100110 0000000000000000000000000000000000000000000000000000010000110011 0000000000000000000000000000000000000000000000000000010110001100 0000000000000000000000000000000000000000000000000000010011110100
0000000000000000000000000000000000000000000000000000011001010001 0000000000000000000000000000000000000000000000000000010101011000 0000000000000000000000000000000000000000000000000000010100010011 0000000000000000000000000000000000000000000000000000010110110100 0000000000000000000000000000000000000000000000000000010011110101
0000000000000000000000000000000000000000000000000000011010010101 0000000000000000000000000000000000000000000000000000010101100010 0000000000000000000000000000000000000000000000000000010101111110 0000000000000000000000000000000000000000000000000000010110111011 0000000000000000000000000000000000000000000000000000010101110100
0000000000000000000000000000000000000000000000000000010111111100 0000000000000000000000000000000000000000000000000000010101111010 0000000000000000000000000000000000000000000000000000010010111011 0000000000000000000000000000000000000000000000000000010111010000 0000000000000000000000000000000000000000000000000000010001100001
0000000000000000000000000000000000000000000000000000010110000011 0000000000000000000000000000000000000000000000000000010100001100 0000000000000000000000000000000000000000000000000000010111010010 0000000000000000000000000000000000000000000000000000010101011100 0000000000000000000000000000000000000000000000000000010100100010
0000000000000000000000000000000000000000000000000000001100111111 0000000000000000000000000000000000000000000000000000010001011011 0000000000000000000000000000000000000000000000000000001110110110 0000000000000000000000000000000000000000000000000000001111000110 0000000000000000000000000000000000000000000000000000010001001100
0000000000000000000000000000000000000000000000000000010011001100 0000000000000000000000000000000000000000000000000000010001010010 0000000000000000000000000000000000000000000000000000010001001010 0000000000000000000000000000000000000000000000000000001110110011 0000000000000000000000000000000000000000000000000000010010011000
0000000000000000000000000000000000000000000000000000001110111101 0000000000000000000000000000000000000000000000000000010100011001 0000000000000000000000000000000000000000000000000000010000111000 0000000000000000000000000000000000000000000000000000010011010101 0000000000000000000000000000000000000000000000000000010001110001
0000000000000000000000000000000000000000000000000000010000111100 0000000000000000000000000000000000000000000000000000001111111100 0000000000000000000000000000000000000000000000000000010010100010 0000000000000000000000000000000000000000000000000000001110110000 0000000000000000000000000000000000000000000000000000001111101100
0000000000000000000000000000000000000000000000000000010000111000 0000000000000000000000000000000000000000000000000000001111011001 0000000000000000000000000000000000000000000000000000001111101011 0000000000000000000000000000000000000000000000000000010000101000 0000000000000000000000000000000000000000000000000000010010110001
0000000000000000000000000000000000000000000000000000001100100010 0000000000000000000000000000000000000000000000000000010000010101 0000000000000000000000000000000000000000000000000000001100000010 0000000000000000000000000000000000000000000000000000001001100010 0000000000000000000000000000000000000000000000000000001101100011
0000000000000000000000000000000000000000000000000000001101111100 0000000000000000000000000000000000000000000000000000001110000100 0000000000000000000000000000000000000000000000000000001001110101 0000000000000000000000000000000000000000000000000000001110110010 0000000000000000000000000000000000000000000000000000001101111111
0000000000000000000000000000000000000000000000000000001110110111 0000000000000000000000000000000000000000000000000000001011100010 0000000000000000000000000000000000000000000000000000001101111010 0000000000000000000000000000000000000000000000000000001110010110 0000000000000000000000000000000000000000000000000000001100110000
0000000000000000000000000000000000000000000000000000001011111111 0000000000000000000000000000000000000000000000000000001011101101 0000000000000000000000000000000000000000000000000000001001101100 0000000000000000000000000000000000000000000000000000001011111111 0000000000000000000000000000000000000000000000000000001110000011
0000000000000000000000000000000000000000000000000000001010110111 0000000000000000000000000000000000000000000000000000001100101000 0000000000000000000000000000000000000000000000000000001001111010 0000000000000000000000000000000000000000000000000000001100111001 0000000000000000000000000000000000000000000000000000001000011011
0000000000000000000000000000000000000000000000000000000011000010 0000000000000000000000000000000000000000000000000000000000000000 0000000000000000000000000000000000000000000000000000000100010100 0000000000000000000000000000000000000000000000000000000001100000 0000000000000000000000000000000000000000000000000000000001000000
0000000000000000000000000000000000000000000000000000000010111101 0000000000000000000000000000000000000000000000000000000011010010 0000000000000000000000000000000000000000000000000000000110010001 0000000000000000000000000000000000000000000000000000000100101101 0000000000000000000000000000000000000000000000000000000011001011
0000000000000000000000000000000000000000000000000000000011110100 0000000000000000000000000000000000000000000000000000000000111011 0000000000000000000000000000000000000000000000000000000000000000 0000000000000000000000000000000000000000000000000000000011001111 0000000000000000000000000000000000000000000000000000000000000011
0000000000000000000000000000000000000000000000000000000001000100 0000000000000000000000000000000000000000000000000000000100001000 0000000000000000000000000000000000000000000000000000000010000110 0000000000000000000000000000000000000000000000000000000101110000 0000000000000000000000000000000000000000000000000000000010101000
0000000000000000000000000000000000000000000000000000000000110110 0000000000000000000000000000000000000000000000000000000010010010 0000000000000000000000000000000000000000000000000000000001111101 0000000000000000000000000000000000000000000000000000000001110011 0000000000000000000000000000000000000000000000000000000001010101
0000000000000000000000000000000000000000000000000000000000101000 0000000000000000000000000000000000000000000000000000000000000000 0000000000000000000000000000000000000000000000000000000010010111 0000000000000000000000000000000000000000000000000000000001110101 0000000000000000000000000000000000000000000000000000000000110010
0000000000000000000000000000000000000000000000000000000010110110 0000000000000000000000000000000000000000000000000000000011100111 0000000000000000000000000000000000000000000000000000000011101101 0000000000000000000000000000000000000000000000000000000100000111 0000000000000000000000000000000000000000000000000000000001100010
0000000000000000000000000000000000000000000000000000000010100111 0000000000000000000000000000000000000000000000000000000000100001 0000000000000000000000000000000000000000000000000000000000000000 0000000000000000000000000000000000000000000000000000000000000000 0000000000000000000000000000000000000000000000000000000001100000
0000000000000000000000000000000000000000000000000000000000000000 0000000000000000000000000000000000000000000000000000000000000000 0000000000000000000000000000000000000000000000000000000000100101 0000000000000000000000000000000000000000000000000000000010010101 0000000000000000000000000000000000000000000000000000000000000000
0000000000000000000000000000000000000000000000000000000010010111 0000000000000000000000000000000000000000000000000000000000000000 0000000000000000000000000000000000000000000000000000000010101001 0000000000000000000000000000000000000000000000000000000000000000 0000000000000000000000000000000000000000000000000000000000000000
0000000000000000000000000000000000000000000000000000000000000000 0000000000000000000000000000000000000000000000000000000000000000 0000000000000000000000000000000000000000000000000000000000000000 0000000000000000000000000000000000000000000000000000000000000000 0000000000000000000000000000000000000000000000000000000000000000
0000000000000000000000000000000000000000000000000000000000000000 0000000000000000000000000000000000000000000000000000000001010101 0000000000000000000000000000000000000000000000000000000000000000 0000000000000000000000000000000000000000000000000000000000000000 0000000000000000000000000000000000000000000000000000000000000000
0000000000000000000000000000000000000000000000000000000000000000 0000000000000000000000000000000000000000000000000000000000000000 0000000000000000000000000000000000000000000000000000000000000000 0000000000000000000000000000000000000000000000000000000000000000 0000000000000000000000000000000000000000000000000000000000000000
0000000000000000000000000000000000000000000000000000000000000000 0000000000000000000000000000000000000000000000000000000000000000 0000000000000000000000000000000000000000000000000000000000000000 0000000000000000000000000000000000000000000000000000000000000000 0000000000000000000000000000000000000000000000000000000000000000
0000000000000000000000000000000000000000000000000000000000000000 0000000000000000000000000000000000000000000000000000000000000000 0000000000000000000000000000000000000000000000000000000000000000 0000000000000000000000000000000000000000000000000000000000000000 0000000000000000000000000000000000000000000000000000000000000000
