0 0 0 
0 0 0 
0 0 0 

0 0 0 
0 0 0 
0 0 0 

1225 1274 1274 
1748 1026 971 
1748 1026 971 

0 0 0 
0 0 0 
0 0 0 

2279 2279 276 
2279 2279 1713 
1770 1713 1713 

756 312 0 
759 759 0 
759 759 0 

0 0 0 
0 0 0 
0 0 0 

10015 10091 10091 
10015 10091 10091 
9218 7783 7609 

0 0 0 
0 0 0 
0 0 0 

3843 4905 4905 
3843 3448 3448 
2636 2690 2690 

0 0 0 
0 0 0 
0 0 0 

0 0 0 
0 0 0 
0 0 0 

1456 2356 2356 
1352 2356 2356 
364 597 597 

2418 2418 1341 
2418 2418 1909 
2288 1909 1909 

0 0 0 
0 0 0 
0 0 0 

0 0 0 
0 0 0 
0 0 0 

