0 0 0 0 0 0
0 0 0 0 0 0
0 0 0 0 0 0
0 0 0 0 0 0
0 0 0 0 0 0
0 0 0 0 0 0

0 0 0 0 0 0
0 0 0 0 0 0
0 0 0 0 0 0
0 0 0 0 0 0
0 0 0 0 0 0
0 0 0 0 0 0

97320 84489 101872 89323 78022 93334
101921 85418 82288 82525 94637 88073
95785 87140 97089 89833 73147 98371
89435 97375 97402 103611 97822 81337
90610 77165 96859 83396 83767 94180
101720 86273 96648 82797 91893 75598

219075 205064 223607 208243 213496 219193
207449 225676 207963 214414 207943 214499
213655 205178 198550 205498 220484 208095
205607 201736 226642 226659 203185 210745
211619 217613 225502 223042 197665 208620
214495 219108 212673 198694 194334 202469

125189 113624 113148 113106 123047 118504
126584 134474 130828 125897 125508 130402
116553 109092 109217 112865 139370 107183
140637 127029 122210 115601 104830 108383
110590 114619 120492 107876 98909 127668
127078 119830 120547 128300 99285 97939

96355 80805 94821 81908 80884 96060
85737 86291 107185 110863 104729 98274
109398 104872 104295 93723 96145 80063
105561 101200 87091 88364 108962 104275
98106 90536 84210 94811 98747 98074
92568 92355 110212 92984 87678 86992

0 0 0 0 0 0
0 0 0 0 0 0
0 0 0 0 0 0
0 0 0 0 0 0
0 0 0 0 0 0
0 0 0 0 0 0

89541 86769 90214 90065 94517 81133
93111 101124 103440 89615 83659 91606
77921 106383 91882 111116 103027 78499
92317 98941 81133 83741 78539 92519
92436 102038 92526 88273 94468 89334
95892 87102 80795 93095 88407 87184

108326 114534 107977 100589 120827 105181
113826 104483 114363 106654 117125 124049
115068 98981 101408 117236 111691 95374
103048 100747 101225 108128 114137 107809
103353 120131 119598 94961 96494 97621
110695 103367 113099 93999 94106 108466

153984 164807 174347 165551 166990 165996
172842 168882 153612 161785 149896 139809
165075 159651 156582 155398 164703 145400
156541 151055 166789 151691 147800 159976
160947 170240 154965 160934 154146 151636
149476 160971 154411 149569 140091 164435

0 0 0 0 0 0
0 0 0 0 0 0
0 0 0 0 0 0
0 0 0 0 0 0
0 0 0 0 0 0
0 0 0 0 0 0

0 0 0 0 0 0
0 0 0 0 0 0
0 0 0 0 0 0
0 0 0 0 0 0
0 0 0 0 0 0
0 0 0 0 0 0

211826 216081 216263 215024 212855 225103
210671 211852 218247 209937 209322 219024
228274 219572 222916 224557 225671 214050
200370 192681 215028 210227 217749 212425
211356 215117 226520 228903 215605 200106
218366 205021 209777 202842 203975 208351

0 0 0 0 0 0
0 0 0 0 0 0
0 0 0 0 0 0
0 0 0 0 0 0
0 0 0 0 0 0
0 0 0 0 0 0

78741 86096 70810 79253 81696 65525
65586 85282 87990 62248 71977 82831
70789 61455 62316 82067 73171 69976
73131 72828 84751 81233 78546 84393
59889 60508 69100 81957 75252 75850
74554 89154 78938 68551 79066 71386

0 0 0 0 0 0
0 0 0 0 0 0
0 0 0 0 0 0
0 0 0 0 0 0
0 0 0 0 0 0
0 0 0 0 0 0

