0 0 0 0 0 0 0 0 0 0 0 0 0 0 0 0 0 0 0 0 0 0 0 0 0 0 0 0 0 0 0 0 0 0 0 0 0 0
0 0 0 0 0 0 0 0 0 0 0 0 0 0 0 0 0 0 0 0 0 0 0 0 0 0 0 0 0 0 0 0 0 0 0 0 0 0
0 0 0 0 0 0 0 0 0 0 0 0 0 0 0 0 0 0 0 0 0 0 0 0 0 0 0 0 0 0 0 0 0 0 0 0 0 0
0 0 0 0 0 0 0 0 0 0 0 0 0 0 0 0 0 0 0 0 0 0 0 0 0 0 0 0 0 0 0 0 0 0 0 0 0 0
0 0 0 0 0 0 0 0 0 0 0 0 0 0 0 0 0 0 0 0 0 0 0 0 0 0 0 0 0 0 0 0 0 0 0 0 0 0
0 0 0 0 0 0 0 0 0 0 0 0 0 0 0 0 0 0 0 0 0 0 0 0 0 0 0 0 0 0 0 0 0 0 0 0 0 0
0 0 0 0 0 0 0 0 0 0 0 0 0 0 0 0 0 0 0 0 0 0 0 0 0 0 0 0 0 0 0 0 0 0 0 0 0 0
0 0 0 0 0 0 0 0 0 0 0 0 0 0 0 0 0 0 0 0 0 0 0 0 0 0 0 0 0 0 0 0 0 0 0 0 0 0
0 0 0 0 0 0 0 0 0 0 0 0 0 0 0 0 0 0 0 0 0 0 0 0 0 0 0 0 0 0 0 0 0 0 0 0 0 0
0 0 0 0 0 0 0 0 0 0 0 0 0 0 0 0 0 0 0 0 0 0 0 0 0 0 0 0 0 0 0 0 0 0 0 0 0 0
0 0 0 0 0 0 0 0 0 0 0 0 0 0 0 0 0 0 0 0 0 0 0 0 0 0 0 0 0 0 0 0 0 0 0 0 0 0
0 0 0 0 0 0 0 0 0 0 0 0 0 0 0 0 0 0 0 0 0 0 0 0 0 0 0 0 0 0 0 0 0 0 0 0 0 0
0 0 0 0 0 0 0 0 0 0 0 0 0 0 0 0 0 0 0 0 0 0 0 0 0 0 0 0 0 0 0 0 0 0 0 0 0 0
0 0 0 0 0 0 0 0 0 0 0 0 0 0 0 0 0 0 0 0 0 0 0 0 0 0 0 0 0 0 0 0 0 0 0 0 0 0
0 0 0 0 0 0 0 0 0 0 0 0 0 0 0 0 0 0 0 0 0 0 0 0 0 0 0 0 0 0 0 0 0 0 0 0 0 0
0 0 0 0 0 0 0 0 0 0 0 0 0 0 0 0 0 0 0 0 0 0 0 0 0 0 0 0 0 0 0 0 0 0 0 0 0 0
0 0 0 0 0 0 0 0 0 0 0 0 0 0 0 0 0 0 0 0 0 0 0 0 0 0 0 0 0 0 0 0 0 0 0 0 0 0
0 0 0 0 0 0 0 0 0 0 0 0 0 0 0 0 0 0 0 0 0 0 0 0 0 0 0 0 0 0 0 0 0 0 0 0 0 0
0 0 0 0 0 0 0 0 0 0 0 0 0 0 0 0 0 0 0 0 0 0 0 0 0 0 0 0 0 0 0 0 0 0 0 0 0 0
0 0 0 0 0 0 0 0 0 0 0 0 0 0 0 0 0 0 0 0 0 0 0 0 0 0 0 0 0 0 0 0 0 0 0 0 0 0
0 0 0 0 0 0 0 0 0 0 0 0 0 0 0 0 0 0 0 0 0 0 0 0 0 0 0 0 0 0 0 0 0 0 0 0 0 0
0 0 0 0 0 0 0 0 0 0 0 0 0 0 0 0 0 0 0 0 0 0 0 0 0 0 0 0 0 0 0 0 0 0 0 0 0 0
0 0 0 0 0 0 0 0 0 0 0 0 0 0 0 0 0 0 0 0 0 0 0 0 0 0 0 0 0 0 0 0 0 0 0 0 0 0
0 0 0 0 0 0 0 0 0 0 0 0 0 0 0 0 0 0 0 0 0 0 0 0 0 0 0 0 0 0 0 0 0 0 0 0 0 0
0 0 0 0 0 0 0 0 0 0 0 0 0 0 0 0 0 0 0 0 0 0 0 0 0 0 0 0 0 0 0 0 0 0 0 0 0 0
0 0 0 0 0 0 0 0 0 0 0 0 0 0 0 0 0 0 0 0 0 0 0 0 0 0 0 0 0 0 0 0 0 0 0 0 0 0
0 0 0 0 0 0 0 0 0 0 0 0 0 0 0 0 0 0 0 0 0 0 0 0 0 0 0 0 0 0 0 0 0 0 0 0 0 0
0 0 0 0 0 0 0 0 0 0 0 0 0 0 0 0 0 0 0 0 0 0 0 0 0 0 0 0 0 0 0 0 0 0 0 0 0 0
0 0 0 0 0 0 0 0 0 0 0 0 0 0 0 0 0 0 0 0 0 0 0 0 0 0 0 0 0 0 0 0 0 0 0 0 0 0
0 0 0 0 0 0 0 0 0 0 0 0 0 0 0 0 0 0 0 0 0 0 0 0 0 0 0 0 0 0 0 0 0 0 0 0 0 0
0 0 0 0 0 0 0 0 0 0 0 0 0 0 0 0 0 0 0 0 0 0 0 0 0 0 0 0 0 0 0 0 0 0 0 0 0 0
0 0 0 0 0 0 0 0 0 0 0 0 0 0 0 0 0 0 0 0 0 0 0 0 0 0 0 0 0 0 0 0 0 0 0 0 0 0
0 0 0 0 0 0 0 0 0 0 0 0 0 0 0 0 0 0 0 0 0 0 0 0 0 0 0 0 0 0 0 0 0 0 0 0 0 0
0 0 0 0 0 0 0 0 0 0 0 0 0 0 0 0 0 0 0 0 0 0 0 0 0 0 0 0 0 0 0 0 0 0 0 0 0 0
0 0 0 0 0 0 0 0 0 0 0 0 0 0 0 0 0 0 0 0 0 0 0 0 0 0 0 0 0 0 0 0 0 0 0 0 0 0
0 0 0 0 0 0 0 0 0 0 0 0 0 0 0 0 0 0 0 0 0 0 0 0 0 0 0 0 0 0 0 0 0 0 0 0 0 0
0 0 0 0 0 0 0 0 0 0 0 0 0 0 0 0 0 0 0 0 0 0 0 0 0 0 0 0 0 0 0 0 0 0 0 0 0 0
0 0 0 0 0 0 0 0 0 0 0 0 0 0 0 0 0 0 0 0 0 0 0 0 0 0 0 0 0 0 0 0 0 0 0 0 0 0

0 0 0 0 0 0 0 0 0 0 0 0 0 0 0 0 0 0 0 0 0 0 0 0 0 0 0 0 0 0 0 0 0 0 0 0 0 0
0 0 0 0 0 0 0 0 0 0 0 0 0 0 0 0 0 0 0 0 0 0 0 0 0 0 0 0 0 0 0 0 0 0 0 0 0 0
0 0 0 0 0 0 0 0 0 0 0 0 0 0 0 0 0 0 0 0 0 0 0 0 0 0 0 0 0 0 0 0 0 0 0 0 0 0
0 0 0 0 0 0 0 0 0 0 0 0 0 0 0 0 0 0 0 0 0 0 0 0 0 0 0 0 0 0 0 0 0 0 0 0 0 0
0 0 0 0 0 0 0 0 0 0 0 0 0 0 0 0 0 0 0 0 0 0 0 0 0 0 0 0 0 0 0 0 0 0 0 0 0 0
0 0 0 0 0 0 0 0 0 0 0 0 0 0 0 0 0 0 0 0 0 0 0 0 0 0 0 0 0 0 0 0 0 0 0 0 0 0
0 0 0 0 0 0 0 0 0 0 0 0 0 0 0 0 0 0 0 0 0 0 0 0 0 0 0 0 0 0 0 0 0 0 0 0 0 0
0 0 0 0 0 0 0 0 0 0 0 0 0 0 0 0 0 0 0 0 0 0 0 0 0 0 0 0 0 0 0 0 0 0 0 0 0 0
0 0 0 0 0 0 0 0 0 0 0 0 0 0 0 0 0 0 0 0 0 0 0 0 0 0 0 0 0 0 0 0 0 0 0 0 0 0
0 0 0 0 0 0 0 0 0 0 0 0 0 0 0 0 0 0 0 0 0 0 0 0 0 0 0 0 0 0 0 0 0 0 0 0 0 0
0 0 0 0 0 0 0 0 0 0 0 0 0 0 0 0 0 0 0 0 0 0 0 0 0 0 0 0 0 0 0 0 0 0 0 0 0 0
0 0 0 0 0 0 0 0 0 0 0 0 0 0 0 0 0 0 0 0 0 0 0 0 0 0 0 0 0 0 0 0 0 0 0 0 0 0
0 0 0 0 0 0 0 0 0 0 0 0 0 0 0 0 0 0 0 0 0 0 0 0 0 0 0 0 0 0 0 0 0 0 0 0 0 0
0 0 0 0 0 0 0 0 0 0 0 0 0 0 0 0 0 0 0 0 0 0 0 0 0 0 0 0 0 0 0 0 0 0 0 0 0 0
0 0 0 0 0 0 0 0 0 0 0 0 0 0 0 0 0 0 0 0 0 0 0 0 0 0 0 0 0 0 0 0 0 0 0 0 0 0
0 0 0 0 0 0 0 0 0 0 0 0 0 0 0 0 0 0 0 0 0 0 0 0 0 0 0 0 0 0 0 0 0 0 0 0 0 0
0 0 0 0 0 0 0 0 0 0 0 0 0 0 0 0 0 0 0 0 0 0 0 0 0 0 0 0 0 0 0 0 0 0 0 0 0 0
0 0 0 0 0 0 0 0 0 0 0 0 0 0 0 0 0 0 0 0 0 0 0 0 0 0 0 0 0 0 0 0 0 0 0 0 0 0
0 0 0 0 0 0 0 0 0 0 0 0 0 0 0 0 0 0 0 0 0 0 0 0 0 0 0 0 0 0 0 0 0 0 0 0 0 0
0 0 0 0 0 0 0 0 0 0 0 0 0 0 0 0 0 0 0 0 0 0 0 0 0 0 0 0 0 0 0 0 0 0 0 0 0 0
0 0 0 0 0 0 0 0 0 0 0 0 0 0 0 0 0 0 0 0 0 0 0 0 0 0 0 0 0 0 0 0 0 0 0 0 0 0
0 0 0 0 0 0 0 0 0 0 0 0 0 0 0 0 0 0 0 0 0 0 0 0 0 0 0 0 0 0 0 0 0 0 0 0 0 0
0 0 0 0 0 0 0 0 0 0 0 0 0 0 0 0 0 0 0 0 0 0 0 0 0 0 0 0 0 0 0 0 0 0 0 0 0 0
0 0 0 0 0 0 0 0 0 0 0 0 0 0 0 0 0 0 0 0 0 0 0 0 0 0 0 0 0 0 0 0 0 0 0 0 0 0
0 0 0 0 0 0 0 0 0 0 0 0 0 0 0 0 0 0 0 0 0 0 0 0 0 0 0 0 0 0 0 0 0 0 0 0 0 0
0 0 0 0 0 0 0 0 0 0 0 0 0 0 0 0 0 0 0 0 0 0 0 0 0 0 0 0 0 0 0 0 0 0 0 0 0 0
0 0 0 0 0 0 0 0 0 0 0 0 0 0 0 0 0 0 0 0 0 0 0 0 0 0 0 0 0 0 0 0 0 0 0 0 0 0
0 0 0 0 0 0 0 0 0 0 0 0 0 0 0 0 0 0 0 0 0 0 0 0 0 0 0 0 0 0 0 0 0 0 0 0 0 0
0 0 0 0 0 0 0 0 0 0 0 0 0 0 0 0 0 0 0 0 0 0 0 0 0 0 0 0 0 0 0 0 0 0 0 0 0 0
0 0 0 0 0 0 0 0 0 0 0 0 0 0 0 0 0 0 0 0 0 0 0 0 0 0 0 0 0 0 0 0 0 0 0 0 0 0
0 0 0 0 0 0 0 0 0 0 0 0 0 0 0 0 0 0 0 0 0 0 0 0 0 0 0 0 0 0 0 0 0 0 0 0 0 0
0 0 0 0 0 0 0 0 0 0 0 0 0 0 0 0 0 0 0 0 0 0 0 0 0 0 0 0 0 0 0 0 0 0 0 0 0 0
0 0 0 0 0 0 0 0 0 0 0 0 0 0 0 0 0 0 0 0 0 0 0 0 0 0 0 0 0 0 0 0 0 0 0 0 0 0
0 0 0 0 0 0 0 0 0 0 0 0 0 0 0 0 0 0 0 0 0 0 0 0 0 0 0 0 0 0 0 0 0 0 0 0 0 0
0 0 0 0 0 0 0 0 0 0 0 0 0 0 0 0 0 0 0 0 0 0 0 0 0 0 0 0 0 0 0 0 0 0 0 0 0 0
0 0 0 0 0 0 0 0 0 0 0 0 0 0 0 0 0 0 0 0 0 0 0 0 0 0 0 0 0 0 0 0 0 0 0 0 0 0
0 0 0 0 0 0 0 0 0 0 0 0 0 0 0 0 0 0 0 0 0 0 0 0 0 0 0 0 0 0 0 0 0 0 0 0 0 0
0 0 0 0 0 0 0 0 0 0 0 0 0 0 0 0 0 0 0 0 0 0 0 0 0 0 0 0 0 0 0 0 0 0 0 0 0 0

0 0 0 0 0 0 0 0 0 0 0 0 0 0 0 0 0 0 0 0 0 0 0 0 0 0 0 0 0 0 0 0 0 0 0 0 0 0
0 0 0 0 0 0 0 0 0 0 0 0 0 0 0 0 0 0 0 0 0 0 0 0 0 0 0 0 0 0 0 0 0 0 0 0 0 0
0 0 0 0 0 0 0 0 0 0 0 0 0 0 0 0 0 0 0 0 0 0 0 0 0 0 0 0 0 0 0 0 0 0 0 0 0 0
0 0 0 0 0 0 0 0 0 0 0 0 0 0 0 0 0 0 0 0 0 0 0 0 0 0 0 0 0 0 0 0 0 0 0 0 0 0
0 0 0 0 0 0 0 0 0 0 0 0 0 0 0 0 0 0 0 0 0 0 0 0 0 0 0 0 0 0 0 0 0 0 0 0 0 0
0 0 0 0 0 0 0 0 0 0 0 0 0 0 0 0 0 0 0 0 0 0 0 0 0 0 0 0 0 0 0 0 0 0 0 0 0 0
0 0 0 0 0 0 0 0 0 0 0 0 0 0 0 0 0 0 0 0 0 0 0 0 0 0 0 0 0 124 0 0 0 0 0 0 0 0
0 0 0 0 0 0 0 0 0 0 0 0 0 0 0 0 0 0 0 0 0 0 0 0 0 0 0 0 0 0 0 0 0 0 0 0 0 0
0 0 0 0 0 0 0 0 0 0 0 0 0 0 0 0 0 0 0 0 0 0 0 0 0 0 0 0 0 0 0 0 0 0 0 0 0 0
0 0 0 0 0 0 0 0 0 0 0 0 0 0 0 0 0 0 0 0 0 0 0 0 0 0 0 0 0 0 0 0 0 0 0 0 0 0
0 0 0 0 0 0 0 0 0 0 0 0 0 0 0 0 0 0 0 0 0 0 0 0 0 0 0 0 0 0 0 0 0 0 0 0 0 0
0 0 0 0 0 0 0 0 0 0 0 0 0 0 0 0 0 0 0 0 0 0 0 0 0 0 0 0 0 0 0 0 0 0 0 0 0 0
0 0 0 0 0 0 0 0 0 0 0 0 0 0 0 0 0 0 0 0 0 0 0 0 0 0 0 0 0 0 0 0 0 0 0 0 0 0
0 0 0 0 0 0 0 0 0 0 0 0 0 0 0 0 0 0 0 0 0 0 0 0 0 0 0 0 0 0 0 0 0 0 0 0 0 0
0 0 0 0 0 0 0 0 0 0 0 0 0 0 0 0 0 0 0 0 0 0 0 0 0 0 0 0 0 0 0 0 0 0 0 0 0 0
0 0 0 0 0 0 0 0 0 0 0 0 0 0 0 0 0 0 0 0 0 0 0 0 0 0 0 0 0 0 0 0 0 0 0 0 0 0
0 0 0 0 0 0 0 0 0 0 0 0 0 0 0 0 0 0 0 0 0 0 0 0 0 0 0 0 0 0 0 0 0 0 0 0 0 0
0 0 0 0 0 0 0 0 0 0 0 0 0 0 0 0 0 0 0 0 0 0 0 0 0 0 0 0 0 0 0 0 0 0 0 0 0 0
0 0 0 0 0 0 0 0 0 0 0 0 0 0 0 0 0 0 0 0 0 0 0 0 0 0 0 0 0 0 0 0 0 0 0 0 0 0
0 0 0 0 0 0 0 0 0 0 0 0 0 0 0 0 0 0 0 0 0 0 0 0 0 0 0 0 0 0 0 0 0 0 0 0 0 0
0 0 0 0 0 0 0 0 0 0 0 0 0 0 0 0 0 0 0 0 0 0 0 0 0 0 0 0 0 0 0 0 0 0 0 0 0 0
0 0 0 0 0 0 0 0 0 0 0 0 0 0 0 0 0 0 0 0 0 0 0 0 0 0 0 0 0 0 0 0 0 0 0 0 0 0
0 0 0 0 0 0 0 0 0 0 0 0 0 0 0 0 0 0 0 0 0 0 0 0 0 0 0 0 0 0 0 0 0 0 0 0 0 0
0 0 0 0 0 0 0 0 0 0 0 0 0 0 0 0 0 0 0 0 0 0 0 0 0 0 0 0 0 0 0 0 0 0 0 0 0 0
0 0 0 0 0 0 0 0 0 0 0 0 0 0 0 0 0 0 0 0 0 0 0 0 0 0 0 0 0 0 0 0 0 0 0 0 0 0
0 0 0 0 0 0 0 0 0 0 0 0 0 0 0 0 0 0 0 0 0 0 0 0 0 0 0 0 0 0 0 0 0 0 0 0 0 0
0 0 0 0 0 0 0 0 0 0 0 0 0 0 0 0 0 0 0 0 0 0 0 0 0 0 0 0 0 0 0 0 0 0 0 0 0 0
0 0 0 0 0 0 0 0 0 0 0 0 0 0 0 0 0 0 0 0 0 0 0 0 0 0 0 0 0 0 0 0 0 0 0 0 0 0
0 0 0 0 0 0 0 0 0 0 0 0 0 0 0 0 0 0 0 0 0 0 0 0 0 0 0 0 0 0 0 0 0 0 0 0 0 0
0 0 0 0 0 0 0 0 0 0 0 0 0 0 0 0 0 0 0 0 0 0 0 0 0 0 0 0 0 0 0 0 0 0 0 0 0 0
0 0 0 0 0 0 0 0 0 0 0 0 0 0 0 0 0 0 0 0 0 0 0 0 0 0 0 0 0 0 0 0 0 0 0 0 0 0
0 0 0 0 0 0 0 0 0 0 0 0 0 0 0 0 0 0 0 0 0 0 0 0 0 0 0 0 0 0 0 0 0 0 0 0 0 0
0 0 0 0 0 0 0 0 0 0 0 0 0 0 0 0 0 0 0 0 0 0 0 0 0 0 0 0 0 0 0 0 0 0 0 0 0 0
0 0 0 0 0 0 0 0 0 0 0 0 0 0 0 0 0 0 0 0 0 0 0 0 0 0 0 0 0 0 0 0 0 0 0 0 0 0
0 0 0 0 0 0 0 0 0 0 0 0 0 0 0 0 0 0 0 0 0 0 0 0 0 0 0 0 0 0 0 0 0 0 0 0 0 0
0 0 0 0 0 0 0 0 0 0 0 0 0 0 0 0 0 0 0 0 0 0 0 0 0 0 0 0 0 0 0 0 0 0 0 0 0 0
0 0 0 0 0 0 0 0 0 0 0 0 0 0 0 0 0 0 0 0 0 0 0 0 0 0 0 0 0 0 0 0 0 0 0 0 0 0
0 0 0 0 0 0 0 0 0 0 0 0 0 0 0 0 0 0 0 0 0 0 0 0 0 0 0 0 0 0 0 0 0 0 0 0 0 0

786 839 798 558 658 627 796 815 808 848 841 743 738 784 789 711 741 686 774 844 702 671 581 755 771 689 836 693 692 636 481 745 663 780 928 531 677 694
605 920 935 746 774 605 949 712 966 794 620 631 992 627 745 864 705 885 765 506 635 597 693 698 696 697 656 831 903 715 778 788 918 566 668 675 660 747
741 883 704 988 739 744 890 961 936 679 943 735 712 714 867 751 724 696 651 617 650 696 645 749 904 719 688 729 689 530 655 712 759 671 896 705 700 796
548 683 953 785 831 761 853 562 597 826 781 709 617 709 851 657 818 643 731 714 647 660 459 772 710 788 519 800 698 737 696 812 761 804 800 841 761 820
754 760 773 693 905 692 790 854 602 685 776 866 556 656 1065 877 470 847 777 673 755 561 741 431 802 690 741 879 899 840 517 790 765 722 716 591 667 626
631 596 740 780 736 693 688 849 801 727 573 680 758 869 786 611 778 929 694 713 764 795 722 792 846 673 813 741 824 666 674 842 734 571 595 765 592 710
860 466 777 724 887 705 832 548 564 604 675 609 1042 627 704 793 699 521 762 738 553 845 749 765 885 671 828 816 814 880 827 726 778 879 590 679 877 651
722 684 930 719 666 977 753 707 788 908 819 657 701 668 803 858 819 989 797 748 802 726 441 786 663 827 620 499 693 668 701 591 681 606 707 915 661 633
755 661 800 853 876 543 602 719 781 903 578 691 906 804 762 677 682 765 655 681 921 607 805 620 849 618 767 893 825 579 834 1075 876 762 521 731 703 748
581 850 605 796 743 609 583 557 585 740 734 899 482 891 618 829 856 862 793 689 615 847 472 747 690 700 909 699 861 679 677 584 774 919 754 749 841 774
773 889 717 645 816 808 706 1063 500 625 718 556 826 649 812 635 690 730 625 659 848 835 650 696 735 671 632 685 909 611 570 845 714 578 617 782 886 750
690 597 590 851 941 610 847 674 750 748 849 804 653 769 831 640 702 829 696 760 563 688 800 809 814 709 579 625 823 819 756 679 817 662 744 868 611 755
627 1031 546 831 893 814 835 843 882 578 930 865 677 714 764 931 746 730 756 758 925 834 813 811 712 850 780 582 864 678 619 828 749 809 645 676 841 819
756 794 817 710 523 741 632 684 907 690 794 686 847 988 663 665 716 1025 764 638 828 719 831 664 760 640 710 694 743 765 689 922 846 765 667 1037 667 687
810 654 719 805 753 613 854 757 680 915 665 767 668 762 819 708 847 691 903 655 826 775 693 723 783 680 829 642 782 738 730 742 650 697 760 884 695 799
598 629 624 741 723 785 700 838 799 879 828 650 784 910 751 712 675 636 801 487 912 780 794 677 1004 876 635 910 778 690 883 755 786 659 796 607 765 930
669 693 772 875 793 878 930 692 570 641 581 703 919 482 865 1110 521 938 718 592 842 740 601 818 869 832 766 576 808 771 751 755 866 964 677 658 870 767
759 773 843 720 628 528 615 694 700 729 809 803 548 623 843 630 662 777 791 868 818 667 825 612 867 1168 863 684 904 806 683 738 790 763 635 744 898 687
699 635 717 758 736 856 782 803 963 683 655 877 702 764 638 814 722 514 787 910 722 661 694 706 599 622 983 600 640 897 657 867 648 1076 606 521 1096 698
870 843 536 665 635 777 763 868 903 645 796 820 794 672 843 976 726 723 786 735 798 657 682 798 932 668 870 660 1099 697 673 571 983 830 842 637 599 903
779 793 833 672 880 621 982 663 730 725 792 763 633 584 764 704 799 602 678 510 823 592 494 622 700 650 688 625 584 668 882 590 711 652 806 601 585 861
641 721 763 715 702 574 758 714 705 723 698 685 947 787 821 708 639 724 717 779 865 647 602 603 658 661 657 730 631 720 836 911 596 757 952 809 653 940
775 881 565 787 860 839 558 672 835 552 796 767 706 789 720 736 681 935 714 785 756 760 732 850 890 694 581 870 759 803 655 759 673 905 580 669 702 778
596 794 776 609 597 513 721 732 575 647 732 810 738 970 904 625 671 664 757 595 871 661 621 566 651 590 659 657 699 810 868 951 661 750 564 767 943 695
602 588 770 554 763 643 829 700 570 820 810 700 663 860 737 832 886 694 722 730 792 809 623 771 876 1005 620 686 845 624 878 706 701 752 716 923 680 789
681 710 829 884 811 704 786 711 786 674 813 762 733 646 868 692 543 717 581 555 872 702 675 723 744 823 687 535 541 743 731 755 788 692 809 835 969 824
794 614 843 758 560 601 902 784 732 556 799 699 550 805 836 853 752 688 853 578 635 576 706 597 880 837 533 777 737 893 627 724 663 706 788 862 713 962
841 713 750 729 833 753 827 677 663 671 757 611 711 834 652 760 614 744 721 661 667 990 627 901 645 862 803 803 738 788 872 632 820 687 777 549 772 751
1015 643 638 611 714 794 679 798 712 773 659 826 951 514 770 719 766 683 961 756 628 631 802 661 641 635 794 577 851 685 567 795 827 689 680 890 629 708
793 753 428 937 744 721 718 815 631 642 571 602 540 724 814 607 722 943 717 664 915 720 662 683 793 561 887 703 632 624 544 661 699 709 766 805 997 806
688 696 695 637 806 761 787 758 550 640 637 781 858 1039 792 724 973 744 818 739 736 765 812 920 585 676 699 738 834 961 750 860 899 722 551 736 802 678
826 756 579 623 749 869 728 737 794 834 813 758 582 714 608 657 630 834 798 581 705 765 768 615 636 746 807 551 806 672 588 834 706 772 576 753 737 849
826 682 661 592 673 625 871 711 589 576 690 511 779 640 660 599 704 784 690 658 808 864 903 610 779 688 907 640 594 786 927 789 745 708 741 796 802 713
705 571 1050 730 772 638 827 610 719 673 641 845 691 794 537 628 842 844 694 881 912 842 664 625 601 760 814 870 787 712 517 862 482 604 695 847 806 853
686 797 847 998 836 672 557 872 749 721 754 904 807 598 903 779 663 769 721 774 541 999 691 588 856 775 464 645 635 719 753 695 774 907 956 440 1043 818
613 803 906 518 751 566 699 792 740 835 660 711 677 680 822 687 519 610 579 734 990 855 646 729 673 912 708 797 689 731 749 578 702 1093 783 720 645 818
726 878 720 709 667 624 721 850 621 661 770 779 989 571 736 755 673 709 807 598 1110 751 694 724 817 823 682 861 863 573 874 850 830 739 769 460 714 825
819 1030 582 844 721 518 508 778 844 829 612 788 755 816 633 630 651 1003 640 556 748 680 772 1045 705 779 549 770 635 718 553 783 809 568 654 634 793 642

0 0 0 0 0 0 0 0 0 0 0 0 0 0 0 0 0 0 0 0 0 0 0 0 0 0 0 0 0 0 0 0 0 0 0 0 0 0
0 0 0 0 0 0 0 0 0 0 0 0 0 0 0 0 0 0 0 0 0 0 0 0 0 0 0 0 0 0 0 0 0 0 0 0 0 0
0 0 0 0 0 0 0 0 0 0 0 0 0 0 0 0 0 0 0 0 0 0 0 0 0 0 0 0 0 0 0 0 0 0 0 0 0 0
0 0 0 0 0 0 0 0 0 0 0 0 0 0 0 0 0 0 0 0 0 0 0 0 0 0 0 0 0 0 0 0 0 0 0 0 0 0
0 0 0 0 0 0 0 0 0 0 0 0 0 0 0 0 0 0 0 0 0 0 0 0 0 0 0 0 0 0 0 0 0 0 0 0 0 0
0 0 0 0 0 0 0 0 0 0 0 0 0 0 0 0 0 0 0 0 0 0 0 0 0 0 0 0 0 0 0 0 0 0 0 0 0 0
0 0 0 0 0 0 0 0 0 0 0 0 0 0 0 0 0 0 0 0 0 0 0 0 0 0 0 0 0 0 0 0 0 0 0 0 0 0
0 0 0 0 0 0 0 0 0 0 0 0 0 0 0 0 0 0 0 0 0 0 0 0 0 0 0 0 0 0 0 0 0 0 0 0 0 0
0 0 0 0 0 0 0 0 0 0 0 0 0 0 0 0 0 0 0 0 0 0 0 0 0 0 0 0 0 0 0 0 0 0 0 0 0 0
0 0 0 0 0 0 0 0 0 0 0 0 0 0 0 0 0 0 0 0 0 0 0 0 0 0 0 0 0 0 0 0 0 0 0 0 0 0
0 0 0 0 0 0 0 0 0 0 0 0 0 0 0 0 0 0 0 0 0 0 0 0 0 0 0 0 0 0 0 0 0 0 0 0 0 0
0 0 0 0 0 0 0 0 0 0 0 0 0 0 0 0 0 0 0 0 0 0 0 0 0 0 0 0 0 0 0 0 0 0 0 0 0 0
0 0 0 0 0 0 0 0 0 0 0 0 0 0 0 0 0 0 0 0 0 0 0 0 0 0 0 0 0 0 0 0 0 0 0 0 0 0
0 0 0 0 0 0 0 0 0 0 0 0 0 0 0 0 0 0 0 0 0 0 0 0 0 0 0 0 0 0 0 0 0 0 0 0 0 0
0 0 0 0 0 0 0 0 0 0 0 0 0 0 0 0 0 0 0 0 0 0 0 0 0 0 0 0 0 0 0 0 0 0 0 0 0 0
0 0 0 0 0 0 0 0 0 0 0 0 0 0 0 0 0 0 0 0 0 0 0 0 0 0 0 0 0 0 0 0 0 0 0 0 0 0
0 0 0 0 0 0 0 0 0 0 0 0 0 0 0 0 0 0 0 0 0 0 0 0 0 0 0 0 0 0 0 0 0 0 0 0 0 0
0 0 0 0 0 0 0 0 0 0 0 0 0 0 0 0 0 0 0 0 0 0 0 0 0 0 0 0 0 0 0 0 0 0 0 0 0 0
0 0 0 0 0 0 0 0 0 0 0 0 0 0 0 0 0 0 0 0 0 0 0 0 0 0 0 0 0 0 0 0 0 0 0 0 0 0
0 0 0 0 0 0 0 0 0 0 0 0 0 0 0 0 0 0 0 0 0 0 0 0 0 0 0 0 0 0 0 0 0 0 0 0 0 0
0 0 0 0 0 0 0 0 0 0 0 0 0 0 0 0 0 0 0 0 0 0 0 0 0 0 0 0 0 0 0 0 0 0 0 0 0 0
0 0 0 0 0 0 0 0 0 0 0 0 0 0 0 0 0 0 0 0 0 0 0 0 0 0 0 0 0 0 0 0 0 0 0 0 0 0
0 0 0 0 0 0 0 0 0 0 0 0 0 0 0 0 0 0 0 0 0 0 0 0 0 0 0 0 0 0 0 0 0 0 0 0 0 0
0 0 0 0 0 0 0 0 0 0 0 0 0 0 0 0 0 0 0 0 0 0 0 0 0 0 0 0 0 0 0 0 0 0 0 0 0 0
0 0 0 0 0 0 0 0 0 0 0 0 0 0 0 0 0 0 0 0 0 0 0 0 0 0 0 0 0 0 0 0 0 0 0 0 0 0
0 0 0 0 0 0 0 0 0 0 0 0 0 0 0 0 0 0 0 0 0 0 0 0 0 0 0 0 0 0 0 0 0 0 0 0 0 0
0 0 0 0 0 0 0 0 0 0 0 0 0 0 0 0 0 0 0 0 0 0 0 0 0 0 0 0 0 0 0 0 0 0 0 0 0 0
0 0 0 0 0 0 0 0 0 0 0 0 0 0 0 0 0 0 0 0 0 0 0 0 0 0 0 0 0 0 0 0 0 0 0 0 0 0
0 0 0 0 0 0 0 0 0 0 0 0 0 0 0 0 0 0 0 0 0 0 0 0 0 0 0 0 0 0 0 0 0 0 0 0 0 0
0 0 0 0 0 0 0 0 0 0 0 0 0 0 0 0 0 0 0 0 0 0 0 0 0 0 0 0 0 0 0 0 0 0 0 0 0 0
0 0 0 0 0 0 0 0 0 0 0 0 0 0 0 0 0 0 0 0 0 0 0 0 0 0 0 0 0 0 0 0 0 0 0 0 0 0
0 0 0 0 0 0 0 0 0 0 0 0 0 0 0 0 0 0 0 0 0 0 0 0 0 0 0 0 0 0 0 0 0 0 0 0 0 0
0 0 0 0 0 0 0 0 0 0 0 0 0 0 0 0 0 0 0 0 0 0 0 0 0 0 0 0 0 0 0 0 0 0 0 0 0 0
0 0 0 0 0 0 0 0 0 0 0 0 0 0 0 0 0 0 0 0 0 0 0 0 0 0 0 0 0 0 0 0 0 0 0 0 0 0
0 0 0 0 0 0 0 0 0 0 0 0 0 0 0 0 0 0 0 0 0 0 0 0 0 0 0 0 0 0 0 0 0 0 0 0 0 0
0 0 0 0 0 0 0 0 0 0 0 0 0 0 0 0 0 0 0 0 0 0 0 0 0 0 0 0 0 0 0 0 0 0 0 0 0 0
0 0 0 0 0 0 0 0 0 0 0 0 0 0 0 0 0 0 0 0 0 0 0 0 0 0 0 0 0 0 0 0 0 0 0 0 0 0
0 0 0 0 0 0 0 0 0 0 0 0 0 0 0 0 0 0 0 0 0 0 0 0 0 0 0 0 0 0 0 0 0 0 0 0 0 0

1608 1844 1647 1647 1709 1708 1631 1482 1753 1520 1643 1490 1529 1783 1765 1525 1620 1794 1783 1801 1530 1680 1754 1494 1589 1521 1711 1477 1633 1684 1500 1676 1971 1712 1701 1718 1621 1655
1671 1614 1672 1770 1595 1593 1675 1629 1797 1722 1747 1491 1497 1713 1644 1780 1576 1707 1535 1662 1762 1521 1648 1649 1522 1898 1570 1525 1784 1795 1609 1537 1547 1558 1423 1570 1644 1541
1606 1497 1567 1579 1665 1647 1510 1621 1913 1483 1449 1497 1840 1951 1820 1582 1476 1577 1586 1599 1599 1682 1601 1443 1853 1546 1631 1905 1473 1832 1534 1533 1567 1570 1630 1607 1507 1436
1572 1644 1664 1680 1738 1780 1481 1545 1727 1623 1554 1818 1633 1540 1656 1666 1841 1362 1645 1753 1588 1482 1425 1661 1688 1600 1572 1708 1723 1635 1517 1713 1703 1599 1649 1696 1523 1733
1600 1667 1625 1728 1619 1664 1815 1684 1556 1496 1918 1710 1591 1487 1791 1704 1720 1696 1672 1697 1736 1729 1556 1707 1658 1702 1873 1414 1762 1691 1814 1599 1645 1703 1802 1595 1891 1612
1648 1765 1773 1665 1711 1801 1826 1592 1637 1523 1662 1732 1652 1630 1770 1789 1736 1531 1512 1617 1679 1624 1595 1846 1589 1750 1483 1625 1623 1625 1897 1413 1644 1674 1497 1651 1765 1638
1570 1459 1466 1564 1914 1722 1479 1666 1562 1595 1593 1736 1811 1698 1822 1514 1452 1619 1414 1488 1538 1673 1707 1481 1691 1651 1549 1838 1461 1608 1724 1593 1427 1506 2061 1741 1803 1825
1486 1765 1494 1659 1638 1818 1580 1572 1590 1766 1624 1694 1643 1666 1636 1868 1544 1770 1791 1609 1616 1558 1654 1621 1709 1436 1496 1863 1530 1798 1869 1686 1695 1506 1554 1569 1816 1688
1439 1743 1721 1715 1774 1476 1779 1742 1791 1720 1506 1371 1582 1640 1647 1585 1667 1638 1711 1521 1720 1686 1871 1619 1585 1562 1611 1618 1769 1694 1604 1800 1392 1552 1794 1670 1491 1660
1613 1363 1722 1669 1448 1447 1445 1766 1670 1547 1701 1582 1614 1663 1646 1744 1594 1691 1647 1580 1228 1585 1633 1576 1568 1827 1984 1554 1693 1392 1458 1532 1689 1606 1706 1660 1530 1742
1724 1756 1646 1556 1770 1578 1728 1605 1459 1677 1793 1537 1696 1625 1764 1470 1619 1546 1654 1941 1842 1562 1424 1564 1757 1658 1519 1741 1772 1617 1730 1615 1865 1641 1433 1501 1734 1827
1638 1418 1438 1733 1572 1702 1484 1511 1595 1624 1593 1738 1673 1627 1668 1556 1697 1707 1676 1469 1450 1707 1655 1614 1601 1635 1553 1385 1682 1599 1435 1592 1462 1720 1539 1483 1613 1418
1894 1580 1544 1584 1766 1591 1530 1776 1754 1466 1514 1555 1672 1667 1644 1684 1622 1965 1854 1831 1617 1820 1383 1757 1679 1699 1472 1571 1739 1506 1661 1650 1671 1904 1436 1711 1735 1723
1847 1741 1850 1394 1650 1516 1659 1542 1604 1543 1745 1553 1717 1664 1610 1675 1594 1507 1459 1798 1661 1645 1388 1727 1407 1757 1493 1613 1725 1569 1708 1505 1720 1713 1674 1611 1526 1598
1514 1734 1662 1609 1586 1593 1823 1740 1636 1655 1434 1925 1635 1872 1762 1383 1757 1990 1683 1716 1758 1914 1743 1476 1582 1770 1605 1613 1379 1561 1435 1647 1495 1659 1588 1574 1460 1732
1911 1754 1431 1871 1665 1747 2067 1556 1807 1789 1692 1641 1540 1653 1548 1737 1496 1476 1608 1742 1431 1656 1737 1612 1750 1746 1557 1596 1656 1914 1652 1755 1485 1631 1410 1619 1802 1872
1566 1559 1538 1744 1681 1553 1718 1551 1769 1555 1939 1625 1591 1571 1411 1654 1762 1442 1613 1596 1607 1688 1525 1494 1552 1730 1621 1672 1814 1612 1813 1588 1667 1737 1725 1785 1803 1627
1485 1538 1614 1652 1519 1560 1575 1816 1508 1667 1541 1751 1709 1740 1499 1750 1496 1727 1747 1617 1594 1668 1597 1616 1863 1813 1702 1883 1511 1785 1586 1591 1610 1604 1654 1827 1659 1775
1664 1495 2049 2088 1872 1728 1514 1712 1755 1473 1486 1745 1751 1659 1569 1667 1631 1591 1687 1743 1739 1850 1880 1794 1629 1650 1601 1498 1755 1627 1532 1578 1790 1649 1447 1768 1669 1585
1669 1661 1491 1874 1717 1748 1801 1640 1597 1573 1588 1508 1551 1463 1777 1641 1600 1589 1444 1517 1418 1614 1633 1482 1752 1803 1687 1501 1467 1508 1519 1450 1562 1659 1791 1482 1674 1567
1640 1546 1959 1648 1693 1559 1764 1563 1568 1722 1601 1762 1555 1660 1620 1852 1545 1777 1423 1594 1677 1675 1518 1359 1746 1978 1721 1680 1416 1546 1685 1418 1402 1659 1775 1569 1543 1758
1835 1578 1766 1607 1802 1695 1585 1611 1917 1743 1535 1468 1735 1397 1594 1578 1648 1648 1913 1642 1892 1874 1504 1593 1630 1699 1533 1499 1608 1556 1862 1466 1565 1792 1604 1550 1504 1744
1857 1725 1672 1643 1530 1813 1585 1567 1473 1575 1640 1530 1558 1674 1479 1676 1510 1800 1641 1594 1906 1631 1589 1777 1841 1620 1695 1644 1727 1772 1834 1661 1807 1407 1625 1423 1552 1530
1552 1736 1679 1714 1450 1818 1635 1557 1631 1704 1992 1604 1900 1599 1535 1604 1652 1541 1727 2006 1817 1731 1394 1547 1459 1583 1597 1476 1613 1903 1643 1877 1652 1584 1783 1654 1698 1557
1646 1649 1827 1660 1434 1397 1647 1613 1561 1702 1492 1529 1835 1863 1729 2254 1700 1553 1634 1489 1797 1546 1544 1810 1601 1601 1789 1648 1632 1551 1732 1928 1822 1731 1540 1626 1588 1503
1540 1577 1829 1790 1683 1459 1617 1734 1552 1412 1781 1601 1491 1702 1519 1559 1821 1437 1575 1571 1510 1717 1719 1600 1666 1627 1512 1518 1504 1637 1572 1673 1517 1654 1450 1668 1740 1632
1534 1438 1561 1698 1815 1690 1660 1713 1758 1780 1680 1694 1947 1623 1712 1528 1565 1719 1667 1696 1722 1671 1806 1736 1382 1561 1722 1499 1749 1731 1849 1588 1542 1566 1872 1941 1670 1855
1616 1637 1444 1710 1639 1736 1572 1547 1521 1511 1522 1534 1714 1418 1638 1537 1705 1763 1754 1877 1416 1787 1587 1647 1781 1719 1427 1385 1645 1511 1690 1575 1607 1529 1630 1610 1888 1710
1592 1721 1358 1535 1712 1661 1423 1591 1510 1780 1385 1519 1535 1798 1662 1684 1903 1757 1686 1483 1610 1628 1741 1490 1541 1596 1480 1728 1461 1649 1653 1807 1567 1608 1518 1853 1506 1725
1770 1712 1456 1510 1594 1629 1634 1673 1495 1663 1504 1721 1685 1525 1679 1659 1699 1817 1616 1605 1725 1573 1580 1720 1518 1841 1593 1606 1560 1566 1502 1937 1744 1466 1579 1495 1550 1504
1742 1861 1551 1719 1638 1574 1714 1489 1728 1419 1754 1676 1760 1575 1514 1600 1435 1493 1656 1638 1612 1603 1782 1654 1629 1457 1678 1478 1673 1824 1535 1746 1783 1924 1653 1648 1680 1713
1785 1603 1682 1789 1709 1778 1741 1717 1550 1560 1859 1849 1667 1685 1889 1519 1739 1816 1766 1861 1589 1817 1646 1584 1557 1799 1747 1335 1607 1805 1784 1489 1690 1486 1586 1492 1615 1514
1737 1645 1348 1484 1766 1500 1841 1743 1548 1723 1742 1637 1739 1648 1600 1545 1646 1763 1686 1621 1590 1659 1829 1681 1714 1587 1724 1527 1629 1479 1655 1495 1453 1659 1619 1670 1623 1349
1464 1574 1728 1680 1701 1593 1566 1528 1709 1488 1522 1611 1820 1572 1805 1575 1612 1482 1770 1450 1737 1653 1744 1648 1660 1696 1790 1593 1511 1732 1610 1632 1678 1525 1827 1750 1656 1678
1526 1397 1501 1743 1655 1502 1600 1587 1583 1644 1479 1732 1704 1666 1826 1577 1737 1517 1531 1747 1728 1859 1639 1468 1546 1630 1580 1664 1647 1491 1620 1605 1498 1713 1741 1506 1656 1631
1708 1578 1553 1850 1597 1449 1566 1738 1606 1838 1600 1382 1720 1655 1944 1658 1673 1881 1626 1730 1739 1759 1588 1733 1687 1289 1496 1756 1559 1588 1754 1604 1949 1661 1682 1625 1809 1558
1637 1762 1711 1511 1631 1542 1590 1480 1672 1539 1774 1627 1672 1446 1744 1793 1531 1554 1589 1490 1636 1676 1778 1890 1319 1592 1543 1682 1549 1805 1565 1638 1781 1807 1457 1432 1746 1692
1910 1441 1587 1519 1559 1602 1519 1498 1680 1784 1568 1717 1745 1595 1877 1556 1428 1434 1640 1606 1555 1521 1615 1599 1731 1541 1514 1483 1697 1684 1519 1393 1631 1563 1630 1575 1515 1596

130 128 157 144 123 23 181 93 155 211 163 143 165 332 161 561 162 12 83 184 73 114 25 62 230 291 102 94 243 252 0 158 274 530 135 30 250 128
137 267 19 64 228 0 54 109 221 276 154 145 163 200 0 205 172 176 0 164 0 55 380 107 277 246 41 292 199 0 361 393 126 197 363 249 351 200
225 129 121 241 115 11 281 312 262 93 374 88 217 165 232 163 137 66 181 160 173 265 72 100 141 188 46 157 89 358 8 301 71 73 193 68 425 376
67 189 274 349 170 198 113 124 246 46 323 329 278 191 355 60 349 155 391 151 226 21 149 92 425 0 205 342 0 363 20 244 77 214 109 292 141 141
158 262 184 203 54 190 227 63 214 27 8 201 215 172 377 229 283 0 324 123 22 87 290 63 308 168 126 182 404 145 332 204 155 233 48 0 372 108
270 70 154 297 157 239 23 48 165 245 384 0 146 209 297 68 181 267 292 109 0 252 123 227 277 248 234 0 243 149 301 64 119 101 224 77 4 222
72 387 187 303 67 243 284 116 126 130 298 196 153 383 218 0 0 117 278 347 157 85 60 254 356 96 155 305 362 153 130 48 324 162 199 400 171 191
70 15 308 2 139 245 45 226 138 146 139 55 61 0 183 177 26 333 25 103 90 54 37 225 298 54 275 251 120 152 172 221 237 154 141 124 329 186
198 135 0 458 153 85 52 175 0 187 475 334 0 214 177 26 41 385 95 58 179 111 327 300 211 76 138 144 213 140 217 29 76 346 449 173 129 58
222 303 139 323 304 0 72 116 0 103 280 200 91 54 330 212 306 311 50 66 144 199 15 12 115 123 280 68 199 4 499 319 45 94 231 255 180 230
270 171 124 24 162 199 244 200 35 246 146 213 161 222 45 160 77 151 249 69 168 346 422 129 124 261 191 302 3 158 171 0 339 0 238 29 189 199
301 95 121 191 102 300 265 260 233 320 133 223 87 48 15 303 471 3 96 136 132 148 275 194 256 0 118 137 318 160 78 180 166 91 196 185 375 198
162 161 150 133 213 81 0 233 128 54 193 88 369 203 127 258 337 206 323 203 189 77 254 191 106 221 94 245 225 0 7 299 78 297 155 105 251 258
399 334 54 332 172 95 40 93 306 57 322 80 296 287 89 135 181 223 236 90 249 269 103 0 191 178 64 49 265 116 37 175 59 0 241 361 206 123
326 12 403 280 140 161 200 301 71 225 308 363 51 118 146 0 233 127 155 118 275 274 227 323 114 130 167 82 267 68 214 76 150 217 213 197 0 66
139 236 76 19 199 85 151 171 366 215 0 279 112 137 184 195 350 192 204 70 190 394 69 230 55 160 309 154 350 166 98 378 124 189 221 137 170 362
111 80 151 169 0 274 57 36 74 221 103 161 147 173 211 46 192 160 132 113 152 145 229 107 341 201 198 69 117 222 93 170 193 268 137 107 342 258
322 279 173 246 10 421 159 112 311 157 181 140 188 224 239 145 232 169 206 0 275 329 311 297 269 311 262 162 124 62 281 202 376 90 21 90 82 164
149 89 335 0 110 301 123 139 117 349 148 212 20 228 64 224 190 231 297 118 167 217 76 0 270 197 164 231 214 392 250 150 143 155 167 407 147 117
156 248 296 409 0 18 125 241 0 255 130 390 44 168 36 166 95 177 231 197 165 98 48 121 0 150 6 153 345 72 128 253 107 145 4 384 72 63
0 0 201 108 157 163 161 313 400 239 227 276 209 236 335 129 154 131 45 190 165 169 171 112 103 165 0 175 183 74 248 215 233 278 268 118 40 174
201 203 94 100 18 265 181 112 110 239 203 139 361 0 266 151 0 272 0 59 259 143 273 186 155 54 115 208 268 265 140 0 188 0 212 190 191 153
368 0 177 84 54 30 173 274 214 141 143 233 84 93 103 430 105 55 299 64 65 258 284 24 160 316 84 270 88 149 182 146 167 322 0 329 197 289
213 15 206 234 188 155 69 132 77 284 6 60 154 68 117 15 13 324 143 511 20 377 110 157 175 299 61 47 21 311 55 423 61 177 384 9 233 437
205 260 138 253 399 237 316 375 201 9 99 133 0 267 48 312 16 405 240 142 0 154 187 217 138 156 104 173 122 195 165 187 41 87 260 267 179 421
110 117 77 141 35 47 134 214 239 181 131 312 530 560 199 74 247 1 264 141 166 263 152 230 133 54 101 290 86 195 281 0 109 295 374 109 199 151
95 154 149 310 65 219 96 138 0 109 98 148 150 413 0 236 163 20 355 13 59 106 133 119 0 370 59 331 166 0 103 293 271 236 436 136 244 293
310 271 423 226 80 293 183 85 135 213 83 204 8 185 231 157 60 282 118 100 337 143 27 76 138 246 31 246 187 184 288 82 184 169 277 229 182 430
218 209 23 225 398 0 92 220 97 49 145 179 120 142 258 47 224 356 205 120 115 266 0 194 404 177 124 218 24 70 44 303 181 12 216 141 204 197
82 0 92 200 180 139 229 196 226 227 0 83 167 237 243 133 330 70 290 67 263 95 132 128 194 361 197 353 292 0 303 122 311 166 417 30 196 185
286 291 3 181 257 215 151 119 211 126 340 39 150 192 409 182 454 231 184 226 228 21 174 46 253 104 0 313 141 292 53 356 66 124 5 255 244 190
92 50 101 205 363 73 182 252 163 23 228 51 233 246 191 65 380 305 173 204 128 305 218 116 85 277 208 47 47 81 62 158 260 12 58 451 163 134
227 59 72 399 190 0 121 112 117 8 176 170 247 211 65 162 197 204 187 239 94 198 110 122 224 123 447 163 324 213 174 93 196 219 0 258 219 100
222 9 280 77 173 345 148 162 123 321 132 157 200 259 121 247 283 274 222 106 212 340 23 298 248 220 101 0 328 216 199 134 26 157 0 226 111 180
128 206 195 0 168 174 143 380 308 127 96 65 327 27 97 174 0 260 244 197 213 153 130 191 118 235 41 0 0 341 230 286 87 80 100 212 145 82
434 81 67 147 248 288 239 140 70 239 109 309 281 140 172 0 240 128 124 245 60 186 202 345 258 81 208 267 314 301 24 308 296 159 154 138 64 262
173 245 103 272 28 0 187 219 163 240 217 25 156 95 103 0 283 64 198 360 0 159 35 93 102 127 131 167 165 58 148 258 278 255 81 343 110 46
55 270 252 112 202 122 165 354 65 58 421 34 0 100 203 10 198 177 51 238 234 33 534 37 201 228 42 121 217 0 592 0 141 184 113 85 206 6

0 0 0 0 0 0 0 0 0 0 15 0 0 0 0 0 0 0 0 0 0 0 0 0 0 0 0 0 0 0 0 0 0 0 0 0 0 0
0 1 0 0 0 0 0 0 0 0 0 0 0 0 0 0 0 0 0 0 0 0 0 0 0 0 0 0 0 0 0 0 0 0 0 0 0 0
0 0 0 0 0 0 0 0 0 0 0 0 0 0 0 0 0 0 0 0 0 0 0 0 0 0 0 0 0 0 0 0 0 0 0 0 0 0
0 0 0 0 0 0 0 53 0 0 0 0 0 0 0 0 0 0 0 0 0 0 0 0 0 10 0 0 0 0 0 0 0 0 0 0 0 0
0 0 0 0 0 0 0 0 0 0 0 0 0 0 0 0 0 0 0 0 12 0 0 0 0 0 0 0 0 0 183 0 0 80 0 0 0 0
0 0 0 0 0 0 0 0 0 0 2 0 0 0 0 0 0 0 0 0 0 0 0 0 0 0 0 0 0 0 0 0 0 0 0 0 0 0
0 0 0 0 87 0 0 0 0 0 0 0 0 0 0 0 0 0 0 0 0 0 0 0 0 0 0 0 0 0 0 0 0 0 0 0 0 0
0 0 0 0 0 0 0 0 0 0 0 0 0 0 0 0 0 0 0 0 15 0 0 0 0 0 0 0 0 50 0 0 0 0 0 0 0 0
0 0 0 0 0 0 0 0 88 0 31 0 0 0 0 0 0 0 0 0 0 0 168 0 0 0 0 0 0 0 0 0 0 0 0 5 0 0
0 0 0 0 0 0 0 0 0 0 0 0 0 0 0 0 0 0 0 0 0 0 0 0 0 0 0 0 0 0 0 0 0 0 0 0 0 0
0 0 0 0 0 0 0 0 0 0 0 0 0 0 0 0 0 0 0 0 0 0 0 0 0 0 0 0 0 0 0 0 0 0 0 0 0 0
0 0 0 0 0 0 0 0 0 0 0 0 0 0 0 0 0 0 0 0 0 0 0 0 0 0 0 0 0 0 0 0 0 0 0 0 0 0
0 0 0 0 0 0 0 0 0 0 0 0 0 0 0 0 0 0 0 0 0 40 0 0 0 0 0 0 0 0 0 0 0 0 0 0 0 0
0 0 0 0 0 0 15 0 0 0 0 0 0 0 0 0 0 0 0 171 0 0 0 0 0 0 18 0 0 0 0 0 0 0 0 0 0 0
0 0 0 0 0 0 0 0 0 0 0 0 0 0 0 0 0 0 0 0 0 0 0 0 0 0 0 0 0 0 0 0 81 0 0 0 0 0
0 0 0 0 0 0 0 0 0 0 0 0 0 0 0 4 0 0 0 0 0 0 0 0 0 0 0 0 0 0 0 0 0 0 0 0 0 0
0 0 0 0 0 0 0 0 0 0 0 0 0 0 0 0 0 0 0 0 0 0 0 30 0 0 0 0 0 0 0 0 0 0 21 0 0 0
0 0 0 107 0 0 0 0 0 0 0 0 0 62 0 60 0 0 0 0 0 0 0 0 0 0 0 0 0 0 0 0 0 0 0 0 0 0
0 0 0 0 0 0 0 0 0 0 0 0 0 0 0 0 0 0 0 0 0 0 0 0 0 0 0 0 0 0 0 0 0 0 103 0 0 0
0 0 0 0 0 0 0 0 0 0 0 0 0 0 0 0 0 0 0 0 0 0 151 0 0 0 0 70 0 0 0 0 0 0 0 0 0 0
0 0 0 0 0 0 0 0 0 0 0 0 0 0 0 52 0 0 0 0 0 0 0 0 0 74 0 0 0 0 0 0 0 0 0 0 0 0
0 0 0 0 0 0 0 0 0 0 0 60 0 0 0 0 0 0 0 0 0 0 0 0 0 0 0 0 0 0 0 0 0 0 0 0 0 0
17 0 0 0 0 0 0 0 0 0 0 0 0 0 0 0 0 0 0 0 0 0 0 0 0 0 0 0 0 0 0 66 0 0 67 0 0 0
0 0 0 0 0 0 0 0 0 0 0 0 2 0 0 0 0 0 0 0 0 0 0 0 0 0 0 0 0 0 0 0 0 0 0 0 0 0
0 0 0 0 0 0 0 0 0 0 0 0 0 0 0 0 0 0 0 0 0 0 33 0 0 0 0 0 0 0 0 2 0 0 0 0 0 18
0 0 0 0 0 0 0 0 0 0 0 4 0 0 0 0 0 0 0 6 0 0 0 0 0 0 0 7 0 0 0 0 0 0 0 0 0 0
0 84 0 0 0 0 0 0 0 0 0 0 0 0 0 0 0 0 0 0 0 0 0 0 0 0 0 0 0 0 0 0 0 0 0 36 0 65
0 0 0 0 0 0 0 0 0 0 0 0 0 0 0 0 0 0 0 0 0 0 0 7 0 0 0 0 0 0 0 0 0 0 0 0 0 0
0 32 0 0 0 0 0 0 0 0 0 0 0 0 0 0 0 0 0 0 0 0 0 0 0 79 0 0 0 0 0 0 0 0 0 0 0 0
0 55 0 0 0 0 0 0 0 0 0 0 0 0 0 0 0 0 0 0 0 0 0 0 0 0 0 0 0 0 0 0 0 0 0 0 0 0
53 0 0 0 0 0 0 0 0 0 0 0 0 0 0 0 0 0 0 0 0 0 47 0 0 0 0 0 0 0 0 0 0 0 0 0 0 0
0 0 0 0 0 0 0 85 0 0 0 0 0 0 0 0 0 0 0 10 0 0 0 0 0 0 0 0 0 0 0 0 0 0 0 0 41 0
0 0 0 0 0 0 0 0 0 26 0 0 0 0 0 0 0 0 0 0 0 0 0 0 0 0 0 0 0 0 0 0 0 0 0 0 0 0
0 0 0 0 0 0 0 0 0 0 0 0 0 0 0 0 0 0 0 0 0 0 0 0 0 0 0 0 0 0 0 0 0 0 0 0 0 0
0 0 0 0 0 0 0 0 0 0 0 0 0 0 0 0 0 0 0 0 0 0 0 0 0 0 0 0 0 0 0 0 0 0 0 0 0 0
0 0 0 0 0 0 0 0 0 0 0 0 0 0 0 0 0 0 0 0 0 0 0 0 0 0 0 0 0 0 0 0 0 0 0 0 0 0
0 0 0 0 0 19 0 0 83 0 0 0 0 0 0 0 0 0 0 0 0 0 0 0 0 0 0 0 120 29 0 0 0 0 0 0 0 0
0 0 0 0 0 0 0 0 0 0 0 0 0 0 0 0 0 0 0 0 0 0 0 0 0 0 0 0 0 0 0 0 0 0 0 0 0 0

0 0 0 0 0 0 0 0 0 0 0 0 0 0 0 0 0 0 0 0 0 0 0 0 0 0 0 0 0 0 0 0 0 0 0 0 0 0
0 0 0 0 0 0 0 0 0 0 0 0 0 0 0 0 0 0 0 0 0 0 0 0 0 0 0 0 0 0 0 0 0 0 0 0 0 0
0 0 0 0 0 0 0 0 0 0 0 0 0 0 0 0 0 0 0 0 0 0 0 0 0 0 0 0 0 0 0 0 0 0 0 0 0 0
0 0 0 0 0 0 0 0 0 0 0 0 0 0 0 0 0 0 0 0 0 0 0 0 0 0 0 0 0 0 0 0 0 0 0 0 0 0
0 0 0 0 0 0 0 0 0 0 0 0 0 0 0 0 0 0 0 0 0 0 0 0 0 0 0 0 0 0 0 0 0 0 0 0 0 0
0 0 0 0 0 0 0 0 0 0 0 0 0 0 0 0 0 0 0 0 0 0 0 0 0 0 0 0 0 0 0 0 0 0 0 0 0 0
0 0 0 0 0 0 0 0 0 0 0 0 0 0 0 0 0 0 0 0 0 0 0 0 0 0 0 0 0 0 0 0 0 0 0 0 0 0
0 0 0 0 0 0 0 0 0 0 0 0 0 0 0 0 0 0 0 0 0 0 0 0 0 0 0 0 0 0 0 0 0 0 0 0 0 0
0 0 0 0 0 0 0 0 0 0 0 0 0 0 0 0 0 0 0 0 0 0 0 0 0 0 0 0 0 0 0 0 0 0 0 0 0 0
0 0 0 0 54 0 0 0 0 0 0 0 0 0 0 0 0 0 0 0 0 0 0 0 0 0 0 0 0 0 0 0 0 0 0 0 0 0
0 0 0 0 0 0 0 0 0 0 0 0 0 0 0 0 0 0 0 0 0 0 0 0 0 0 0 0 0 0 0 0 0 0 0 0 0 0
0 0 0 0 0 0 0 0 0 0 0 0 0 0 0 0 0 0 0 0 0 0 0 0 0 0 0 0 0 0 0 0 0 0 0 0 0 0
0 0 0 0 0 0 0 0 0 0 0 0 0 0 0 0 0 0 0 0 0 0 0 0 0 0 0 0 0 0 0 0 0 0 0 0 0 0
0 0 0 0 0 0 0 0 0 0 0 0 0 0 0 0 0 0 0 0 0 0 0 0 0 0 0 0 0 0 0 0 0 0 0 0 0 0
0 0 0 0 0 0 0 0 0 0 0 0 0 0 0 0 0 0 0 0 0 0 0 0 0 0 0 0 0 0 0 0 0 0 0 0 0 0
0 0 0 0 0 0 0 0 0 0 0 0 0 0 0 0 0 0 0 0 0 0 0 0 0 0 0 0 0 0 0 0 0 0 0 0 0 0
0 0 0 0 0 0 0 0 0 0 0 0 0 0 0 0 0 0 0 0 0 0 0 0 0 0 0 0 0 0 0 0 0 0 0 0 0 0
0 0 0 0 0 0 0 0 0 0 0 0 0 0 0 0 0 0 0 0 0 0 0 0 0 0 0 0 0 0 0 0 0 0 0 0 0 0
0 0 0 0 0 0 0 0 0 0 0 0 0 0 0 0 0 0 0 0 0 0 0 0 0 0 0 0 0 0 0 0 0 0 0 0 0 0
0 0 0 0 0 0 0 0 0 0 0 0 0 0 0 0 0 0 0 0 0 0 0 0 0 0 0 0 0 0 0 0 0 0 0 0 0 0
0 0 0 0 0 0 0 0 0 0 0 0 0 0 0 0 0 0 0 0 0 0 0 0 0 0 0 0 0 0 0 0 0 0 0 0 0 0
0 0 0 0 0 0 0 0 0 0 0 0 0 0 0 0 0 0 0 0 0 0 0 0 0 0 0 0 0 0 0 0 0 0 0 0 0 0
0 0 0 0 0 0 0 0 0 0 0 0 0 0 0 0 0 0 0 0 0 0 0 0 0 0 0 0 0 0 0 0 0 0 0 0 0 0
0 0 0 0 0 0 0 0 0 0 0 0 0 0 0 0 0 0 0 0 0 0 0 0 0 0 0 0 0 0 0 0 0 0 0 0 0 0
0 0 0 0 0 0 0 0 0 0 0 0 0 0 0 0 0 0 0 0 0 0 0 0 0 0 0 0 0 0 0 0 0 0 0 0 0 0
0 0 0 0 0 0 0 0 0 0 0 0 0 0 0 0 0 0 0 0 0 0 0 0 0 0 0 0 0 0 0 0 0 0 0 0 0 0
0 0 0 0 0 0 0 0 0 0 0 0 0 0 0 0 0 0 0 0 0 0 0 0 0 0 0 0 0 0 0 0 0 0 0 0 0 0
0 0 0 0 0 0 0 0 0 0 0 0 0 0 0 0 0 0 0 0 0 0 0 0 0 0 0 0 0 0 0 0 0 0 0 0 0 0
0 0 0 0 0 0 0 0 0 0 0 0 0 0 0 0 0 0 0 0 0 0 0 0 0 0 0 0 0 0 0 0 0 0 0 0 0 0
0 0 0 0 0 0 0 0 0 0 0 0 0 0 0 0 0 0 0 0 0 0 0 0 0 0 0 0 0 0 0 0 0 0 0 0 0 0
0 0 0 0 0 0 0 0 0 0 0 0 0 0 0 0 0 0 0 0 0 0 0 0 21 0 0 0 0 0 0 0 0 0 0 0 0 0
0 0 0 0 0 0 0 0 0 0 0 0 0 0 0 0 0 0 0 0 0 0 0 0 0 0 0 0 0 0 0 0 0 0 0 0 0 0
0 0 0 0 0 0 0 0 0 0 0 0 0 0 0 0 0 0 0 0 0 0 0 0 0 0 0 0 0 0 0 0 0 0 0 0 0 0
0 0 0 0 0 0 0 0 0 0 0 0 0 0 0 0 0 0 0 0 0 0 0 0 0 0 0 0 0 0 0 0 0 0 0 0 0 0
0 0 0 0 0 0 0 0 0 0 0 0 0 0 0 0 0 0 0 0 0 0 0 0 0 0 0 0 0 0 0 0 0 0 0 0 0 0
0 0 0 0 0 0 0 0 0 0 0 0 0 0 0 0 0 0 0 0 0 0 0 0 0 0 0 0 0 0 0 0 0 0 0 0 0 0
0 0 0 0 0 0 0 0 0 0 0 0 0 0 0 0 0 0 0 0 0 0 0 0 0 0 0 0 0 0 0 0 0 0 0 0 0 0
0 0 0 0 0 0 0 0 0 0 0 0 0 0 0 0 0 0 0 0 0 0 0 0 0 0 0 0 0 0 0 0 0 0 0 0 0 0

0 0 23 4 0 0 0 54 0 88 0 99 68 0 0 129 0 52 0 0 21 64 0 0 117 0 252 0 0 0 0 24 310 0 0 0 27 0
22 0 100 0 0 0 0 0 0 0 0 0 0 0 0 0 194 8 25 0 0 32 0 0 0 0 0 0 84 0 0 74 0 0 0 0 0 0
0 0 189 0 0 0 315 0 0 26 0 0 128 69 0 0 0 23 29 0 0 0 0 6 0 119 0 0 0 0 0 0 0 0 15 0 0 0
0 59 0 46 0 62 0 0 96 0 0 0 0 0 0 0 0 0 97 0 0 0 36 0 16 60 0 177 0 0 88 250 0 0 0 0 0 16
74 0 0 55 179 75 13 0 2 16 117 0 0 0 23 0 132 30 104 0 0 0 0 28 66 51 100 0 71 0 0 0 0 0 0 0 0 0
0 0 44 0 0 0 0 0 145 0 0 0 0 0 0 91 0 0 55 0 0 0 0 0 0 36 30 0 0 0 0 7 0 78 0 10 16 0
0 0 109 0 0 0 0 147 29 61 0 0 32 0 0 0 52 101 0 0 0 0 0 45 0 37 0 0 64 42 0 67 0 0 96 0 0 108
0 7 0 0 131 0 0 0 0 0 0 88 0 1 130 0 0 64 123 0 0 0 0 0 0 0 0 0 389 0 0 0 0 0 242 0 0 0
114 10 0 0 0 167 0 114 0 0 0 0 0 0 152 0 0 145 217 0 0 0 0 0 0 0 18 0 0 0 0 22 0 0 0 0 0 0
158 0 6 0 0 0 0 0 0 74 0 0 0 0 0 0 5 127 0 82 0 0 0 0 4 27 23 0 75 0 0 180 0 0 0 150 0 0
0 10 0 0 0 8 0 0 0 0 0 0 0 0 0 86 72 0 0 163 0 0 0 0 0 0 33 181 0 0 0 0 77 0 0 0 0 0
0 0 119 0 0 67 0 0 0 0 60 0 0 0 101 0 300 0 0 0 7 0 0 55 0 0 25 0 318 0 212 0 0 0 0 135 0 0
119 0 58 174 0 0 144 63 0 0 0 91 0 452 0 0 0 170 86 0 112 9 166 0 0 0 0 0 0 0 0 9 93 0 0 0 0 0
0 48 0 27 0 0 0 0 54 0 42 44 161 0 0 0 326 6 0 131 0 0 0 62 0 75 27 0 0 0 92 0 0 8 0 0 65 0
0 0 0 92 0 0 0 0 0 0 107 0 6 31 22 0 0 0 0 0 239 0 0 0 0 0 0 0 0 0 0 28 0 15 0 0 0 79
0 0 0 0 0 0 0 15 0 0 0 0 157 44 0 0 0 0 0 0 0 0 170 97 0 0 8 0 0 8 0 0 0 0 0 106 0 0
42 0 0 0 0 0 0 0 14 0 0 0 0 0 168 0 0 7 0 0 0 0 0 135 0 0 0 0 15 18 44 0 0 0 34 0 0 0
0 0 0 0 0 0 0 0 0 0 28 0 0 0 0 0 0 10 0 0 0 0 0 0 0 0 0 0 0 0 0 84 45 0 0 0 0 0
0 0 0 0 0 0 0 0 0 109 0 36 0 0 72 65 0 0 118 0 0 0 0 0 0 287 0 16 0 0 0 9 0 0 0 0 0 0
54 0 0 0 112 0 166 209 8 0 167 0 0 0 134 0 76 0 0 31 0 145 0 0 0 141 54 0 108 0 0 0 11 33 0 79 0 0
0 37 0 0 0 0 109 0 0 0 10 0 0 41 30 0 3 0 0 0 0 0 102 27 0 52 0 0 43 0 0 0 0 0 0 0 231 0
0 0 0 0 0 0 0 0 0 0 49 0 119 0 11 0 0 0 70 0 0 0 101 0 0 0 83 170 0 0 204 0 0 0 5 0 0 0
0 0 0 0 0 0 0 17 0 0 0 25 71 0 0 0 0 156 0 3 0 0 0 160 0 0 57 0 0 0 34 0 0 18 0 0 0 105
62 0 0 0 0 0 0 0 0 0 0 0 63 0 0 0 0 0 71 7 0 0 39 12 0 0 0 0 0 0 0 106 0 0 13 0 0 0
76 100 0 0 0 79 0 0 97 6 0 0 2 69 0 0 0 0 0 0 139 0 0 0 0 0 0 0 0 0 0 0 0 0 171 83 0 0
0 0 0 0 48 0 0 0 0 0 175 0 0 59 0 204 154 0 181 91 154 130 0 204 0 0 0 0 103 0 0 0 13 0 0 0 0 0
0 0 0 21 0 42 0 0 0 0 0 104 0 0 180 2 0 0 0 0 0 86 173 0 0 0 0 30 0 0 0 42 0 0 116 0 0 0
0 0 0 58 0 0 0 38 0 0 0 0 299 5 0 0 0 0 0 0 96 0 0 0 35 0 0 0 0 0 0 0 0 219 89 113 0 0
79 0 0 0 0 0 3 0 0 0 19 0 0 0 0 23 9 41 0 0 0 0 0 13 0 0 0 0 0 0 0 49 48 0 23 0 0 0
0 0 0 55 0 0 0 0 0 0 139 77 113 0 98 0 247 0 0 0 80 0 0 0 0 0 0 0 0 0 53 0 0 0 0 0 0 0
30 0 0 0 0 0 0 0 109 0 19 0 0 0 0 0 12 0 273 0 0 0 0 0 0 36 85 147 0 8 0 0 0 0 0 0 215 0
0 0 194 0 0 0 0 0 0 0 0 0 361 0 0 0 173 0 179 177 0 0 0 100 0 0 66 130 271 2 0 122 0 54 77 0 0 0
0 0 0 0 95 0 19 0 19 0 0 0 0 0 0 0 0 57 0 45 0 0 0 0 1 0 85 0 94 0 0 0 0 142 0 0 0 0
10 0 107 0 0 0 0 0 2 0 0 0 0 0 0 265 0 0 0 0 0 0 18 0 0 0 60 0 98 0 0 0 0 0 0 0 0 0
77 0 93 0 164 0 129 37 0 0 0 0 0 0 0 0 0 16 0 0 61 0 0 0 0 0 0 60 0 41 0 0 0 67 0 98 0 0
0 0 0 0 103 0 0 184 34 0 0 0 0 0 0 0 181 0 30 0 82 0 6 0 0 0 0 53 0 54 0 46 118 0 0 0 0 0
32 0 0 0 0 0 181 0 0 56 0 0 0 0 0 0 0 0 0 0 138 0 0 185 0 0 0 0 0 0 201 0 16 0 0 0 123 0
0 0 0 0 93 22 166 0 65 27 0 141 0 0 20 126 98 15 0 0 0 0 53 59 0 0 0 0 50 0 109 0 43 8 0 0 0 0

0 0 0 0 0 0 0 0 0 0 0 0 0 0 0 0 0 0 0 0 0 0 0 0 0 0 0 0 0 0 0 0 0 0 0 0 0 0
0 0 0 0 0 0 0 0 0 0 0 0 0 0 0 0 0 0 0 0 0 0 0 0 0 0 0 0 0 0 0 0 0 0 0 0 0 0
0 0 0 0 0 0 0 0 0 0 0 0 0 0 0 0 0 0 0 0 0 0 0 0 0 0 0 0 0 0 0 0 0 0 0 0 0 0
0 0 0 0 0 0 0 0 0 0 0 0 0 0 0 0 0 0 0 0 0 0 0 0 0 0 0 0 0 0 0 0 0 0 0 0 0 0
0 0 0 0 0 0 0 0 0 0 0 0 0 0 0 0 0 0 0 0 0 0 0 0 0 0 0 0 0 0 0 0 0 0 0 0 0 0
0 0 0 0 0 0 0 0 0 0 0 0 0 0 0 0 0 0 0 0 0 0 0 0 0 0 0 0 0 0 0 0 0 0 0 0 0 0
0 0 0 0 0 0 0 0 0 0 0 0 0 0 0 0 0 0 0 0 0 0 0 0 0 0 0 0 0 63 0 0 0 0 0 0 0 0
0 0 0 0 0 0 0 0 0 0 0 0 0 0 0 0 0 0 0 0 0 0 0 0 0 0 0 0 0 0 0 0 0 0 0 0 0 0
0 0 0 0 0 0 0 0 0 0 0 0 0 0 0 0 0 0 0 0 0 0 0 0 0 0 0 0 0 0 0 0 0 0 0 0 0 0
0 0 0 0 0 0 0 0 0 0 0 0 0 0 0 0 0 0 0 0 0 0 0 0 0 0 0 0 0 0 0 0 0 0 0 0 0 0
0 0 0 0 0 0 0 0 0 0 0 0 0 0 0 0 0 0 0 0 0 0 0 0 0 0 0 0 0 0 0 0 0 0 0 0 0 0
0 0 0 0 0 0 0 0 0 0 0 0 0 0 0 0 0 0 0 0 0 0 0 0 0 0 0 0 0 0 0 0 0 0 0 0 0 0
8 0 0 0 0 0 0 0 0 0 0 0 0 0 0 0 0 0 0 0 0 0 0 0 0 0 0 0 0 0 0 0 0 0 0 0 0 0
0 0 0 0 0 0 0 0 0 0 0 0 0 0 0 0 0 0 0 0 0 0 0 0 0 0 0 0 0 0 0 0 0 0 0 0 0 0
0 0 0 0 0 0 0 0 0 0 0 0 0 0 0 0 0 0 0 0 0 0 0 0 0 0 0 0 0 0 0 0 0 0 0 0 0 0
0 0 0 0 0 0 0 0 0 0 0 0 0 0 0 0 0 0 0 0 0 0 0 0 0 0 0 0 0 0 0 0 0 0 0 0 0 0
0 0 0 0 0 0 0 0 0 0 0 0 0 0 0 0 0 0 0 0 0 0 0 0 0 0 0 0 0 0 0 0 0 0 0 0 0 0
0 0 0 0 0 0 0 0 0 0 0 0 0 0 0 0 0 0 0 0 0 0 0 0 0 0 0 0 0 0 0 0 0 0 0 0 0 0
0 0 0 0 0 0 0 0 0 0 0 0 0 0 0 0 0 0 0 0 0 0 0 0 0 0 0 0 0 0 0 0 0 0 0 0 0 0
0 0 0 0 0 0 0 0 0 0 0 0 0 0 0 0 0 0 0 0 0 0 0 0 0 0 0 0 0 0 0 0 0 0 0 0 0 0
0 0 0 0 0 0 0 0 0 0 0 0 0 0 0 0 0 0 0 0 0 0 0 0 0 0 0 0 0 0 0 0 0 0 0 0 0 0
0 0 0 0 0 0 0 0 0 0 0 0 0 0 0 0 0 0 0 0 0 0 0 0 0 0 0 0 0 0 0 0 0 0 0 0 0 0
0 0 0 0 0 0 43 0 0 0 0 0 0 0 0 0 0 0 0 0 0 0 0 0 0 0 0 0 0 0 0 0 0 0 0 0 0 0
0 0 0 0 0 0 0 0 0 0 0 0 0 0 0 0 0 0 0 0 0 0 0 0 0 0 0 0 0 0 0 0 0 0 0 0 0 0
0 0 0 0 0 0 0 0 0 0 0 0 0 0 0 0 0 0 0 0 0 0 0 0 0 0 0 0 0 0 0 0 0 0 0 0 0 0
0 0 0 0 0 0 0 0 0 0 0 0 0 0 0 0 0 0 0 0 0 0 0 0 0 0 0 0 0 0 0 0 0 0 0 0 0 0
0 0 0 0 0 0 0 0 0 0 0 0 0 0 0 0 0 0 0 0 0 0 0 0 0 0 0 0 0 0 0 0 0 0 0 0 0 0
0 0 0 0 0 0 0 0 0 0 0 0 0 0 0 0 0 0 0 0 0 0 0 0 0 0 0 0 0 0 0 0 0 0 0 0 0 0
0 0 0 0 0 0 0 0 0 0 0 0 0 0 0 0 0 0 0 0 0 0 0 0 0 0 0 0 0 0 0 0 0 0 0 0 0 0
0 0 0 0 0 0 0 0 0 0 0 0 0 0 0 0 0 0 0 0 0 0 0 0 0 0 0 0 0 0 0 0 0 0 0 0 0 0
0 0 0 0 0 0 0 0 0 0 0 0 0 0 0 0 0 0 0 0 0 0 0 0 0 0 0 0 0 0 0 0 0 0 0 0 0 0
0 0 0 0 0 0 0 0 0 0 0 0 0 0 0 0 0 0 0 0 0 0 0 0 0 0 0 0 0 0 0 0 0 0 0 0 0 0
0 0 0 0 0 0 0 0 0 0 0 0 0 0 0 0 0 0 0 0 0 0 0 0 0 0 0 0 0 0 0 0 0 0 0 0 0 0
0 0 0 0 0 0 0 0 0 0 0 0 0 0 0 0 0 0 0 0 0 0 0 0 0 0 0 0 0 0 0 0 0 0 0 0 0 0
0 0 0 0 0 0 0 0 0 0 0 0 0 0 0 0 0 0 0 0 0 0 0 0 0 0 0 0 0 0 0 0 0 0 0 0 0 0
0 0 0 0 0 0 0 0 0 0 0 0 0 0 0 0 0 0 0 0 0 0 0 0 0 0 0 0 0 0 0 0 0 0 0 0 0 0
0 0 0 0 0 0 0 0 0 0 0 0 0 0 0 0 0 0 0 0 0 0 0 0 0 0 0 0 0 0 0 0 0 0 0 0 0 0
0 0 0 0 0 0 0 0 0 0 0 0 0 0 0 0 0 0 0 0 0 0 0 0 0 0 0 0 0 0 0 0 0 0 0 0 0 0

0 0 0 0 0 0 0 0 0 0 0 0 0 0 0 0 0 0 0 0 0 0 0 0 0 0 0 0 0 0 0 0 0 0 0 0 0 0
0 0 0 0 0 0 0 0 0 0 0 0 0 0 0 0 0 0 0 0 0 0 0 0 0 0 0 0 0 0 0 0 0 0 0 0 0 0
0 0 0 0 0 0 0 0 0 0 0 0 0 0 0 0 0 0 0 0 0 0 0 0 0 0 0 0 0 0 0 0 0 0 0 0 0 0
0 0 0 0 0 0 0 0 0 0 0 0 0 0 0 0 0 0 0 0 0 0 0 0 0 0 0 0 0 0 0 0 0 0 0 0 0 0
0 0 0 0 0 0 0 0 0 0 0 0 0 0 0 0 0 0 0 0 0 0 0 0 0 0 0 0 0 0 0 0 0 0 0 0 0 0
0 0 0 0 0 0 0 0 0 0 0 0 0 0 0 0 0 0 0 0 0 0 0 0 0 0 0 0 0 0 0 0 0 0 0 0 0 0
0 0 0 0 0 0 0 0 0 0 0 0 0 0 0 0 0 0 0 0 0 0 0 0 0 0 0 0 0 0 0 0 0 0 0 0 0 0
0 0 0 0 0 0 0 0 0 0 0 0 0 0 0 0 0 0 0 0 0 0 0 0 0 0 0 0 0 0 0 0 0 0 0 0 0 0
0 0 0 0 0 0 0 0 0 0 0 0 0 0 0 0 0 0 0 0 0 0 0 0 0 0 0 0 0 0 0 0 0 0 0 0 0 0
0 0 0 0 0 0 0 0 0 0 0 0 0 0 0 0 0 0 0 0 0 0 0 0 0 0 0 0 0 0 0 0 0 0 0 0 0 0
0 0 0 0 0 0 0 0 0 0 0 0 0 0 0 0 0 0 0 0 0 0 0 0 0 0 0 0 0 0 0 0 0 0 0 0 0 0
0 0 0 0 0 0 0 0 0 0 0 0 0 0 0 0 0 0 0 0 0 0 0 0 0 0 0 0 0 0 0 0 0 0 0 0 0 0
0 0 0 0 0 0 0 0 0 0 0 0 0 0 0 0 0 0 0 0 0 0 0 0 0 0 0 0 0 0 0 0 0 0 0 0 0 0
0 0 0 0 0 0 0 0 0 0 0 0 0 0 0 0 0 0 0 0 0 0 0 0 0 0 0 0 0 0 0 0 0 0 0 0 0 0
0 0 0 0 0 0 0 0 0 0 0 0 0 0 0 0 0 0 0 0 0 0 0 0 0 0 0 0 0 0 0 0 0 0 0 0 0 0
0 0 0 0 0 0 0 0 0 0 0 0 0 0 0 0 0 0 0 0 0 0 0 0 0 0 0 0 0 0 0 0 0 0 0 0 0 0
0 0 0 0 0 0 0 0 0 0 0 0 0 0 0 0 0 0 0 0 0 0 0 0 0 0 0 0 0 0 0 0 0 0 0 0 0 0
0 0 0 0 0 0 0 0 0 0 0 0 0 0 0 0 0 0 0 0 0 0 0 0 0 0 0 0 0 0 0 0 0 0 0 0 0 0
0 0 0 0 0 0 0 0 0 0 0 0 0 0 0 0 0 0 0 0 0 0 0 0 0 0 0 0 0 0 0 0 0 0 0 0 0 0
0 0 0 0 0 0 0 0 0 0 0 0 0 0 0 0 0 0 0 0 0 0 0 0 0 0 0 0 0 0 0 0 0 0 0 0 0 0
0 0 0 0 0 0 0 0 0 0 0 0 0 0 0 0 0 0 0 0 0 0 0 0 0 0 0 0 0 0 0 0 0 0 0 0 0 0
0 0 0 0 0 0 0 0 0 0 0 0 0 0 0 0 0 0 0 0 0 0 0 0 0 0 0 0 0 0 0 0 0 0 0 0 0 0
0 0 0 0 0 0 0 0 0 0 0 0 0 0 0 0 0 0 0 0 0 0 0 0 0 0 0 0 0 0 0 0 0 0 0 0 0 0
0 0 0 0 0 0 0 0 0 0 0 0 0 0 0 0 0 0 0 0 0 0 0 0 0 0 0 0 0 0 0 0 0 0 0 0 0 0
0 0 0 0 0 0 0 0 0 0 0 0 0 0 0 0 0 0 0 0 0 0 0 0 0 0 0 0 0 0 0 0 0 0 0 0 0 0
0 0 0 0 0 0 0 0 0 0 0 0 0 0 0 0 0 0 0 0 0 0 0 0 0 0 0 0 0 0 0 0 0 0 0 0 0 0
0 0 0 0 0 0 0 0 0 0 0 0 0 0 0 0 0 0 0 0 0 0 0 0 0 0 0 0 0 0 0 0 0 0 0 0 0 0
0 0 0 0 0 0 0 0 0 0 0 0 0 0 0 0 0 0 0 0 0 0 0 0 0 0 0 0 0 0 0 0 0 0 0 0 0 0
0 0 0 0 0 0 0 0 0 0 0 0 0 0 0 0 0 0 0 0 0 0 0 0 0 0 0 0 0 0 0 0 0 0 0 0 0 0
0 0 0 0 0 0 0 0 0 0 0 0 0 0 0 0 0 0 0 0 0 0 0 0 0 0 0 0 0 0 0 0 0 0 0 0 0 0
0 0 0 0 0 0 0 0 0 0 0 0 0 0 0 0 0 0 0 0 0 0 0 0 0 0 0 0 0 0 0 0 0 0 0 0 0 0
0 0 0 0 0 0 0 0 0 0 0 0 0 0 0 0 0 0 0 0 0 0 0 0 0 0 0 0 0 0 0 0 0 0 0 0 0 0
0 0 0 0 0 0 0 0 0 0 0 0 0 0 0 0 0 0 0 0 0 0 0 0 0 0 0 0 0 0 0 0 0 0 0 0 0 0
0 0 0 0 0 0 0 0 0 0 0 0 0 0 0 0 0 0 0 0 0 0 0 0 0 0 0 0 0 0 0 0 0 0 0 0 0 0
0 0 0 0 0 0 0 0 0 0 0 0 0 0 0 0 0 0 0 0 0 0 0 0 0 0 0 0 0 0 0 0 0 0 0 0 0 0
0 0 0 0 0 0 0 0 0 0 0 0 0 0 0 0 0 0 0 0 0 0 0 0 0 0 0 0 0 0 0 0 0 0 0 0 0 0
0 0 0 0 0 0 0 0 0 0 0 0 0 0 0 0 0 0 0 0 0 0 0 0 0 0 0 0 0 0 0 0 0 0 0 0 0 0
0 0 0 0 0 0 0 0 0 0 0 0 0 0 0 0 0 0 0 0 0 0 0 0 0 0 0 0 0 0 0 0 0 0 0 0 0 0

330 443 236 393 266 183 310 154 308 400 167 218 383 372 163 339 499 373 428 395 202 328 320 212 285 192 255 227 294 267 443 419 369 313 437 334 339 290
267 302 191 219 496 227 352 329 462 481 344 150 317 282 281 198 221 457 287 242 142 197 294 324 283 196 394 240 409 412 323 496 421 277 160 280 317 329
320 216 419 283 369 404 365 378 306 255 350 81 614 205 341 356 304 244 301 351 267 346 343 146 577 182 269 428 240 242 426 330 277 327 354 215 224 522
364 280 398 353 347 438 206 137 396 365 278 352 221 256 413 320 319 265 251 305 386 305 157 244 652 357 218 297 406 194 220 309 246 302 303 459 426 184
393 458 242 337 352 301 367 261 159 304 507 269 459 167 352 151 183 369 296 514 175 283 256 242 236 280 472 429 322 183 253 311 311 219 272 218 318 438
178 569 193 160 271 311 280 227 597 320 259 252 314 351 421 197 305 432 234 399 305 295 373 461 221 441 269 262 321 391 341 253 367 179 338 118 208 246
119 442 338 203 479 405 193 368 428 158 199 177 385 214 427 202 238 187 374 276 197 217 192 229 309 360 214 241 230 272 212 295 308 214 283 291 241 83
390 282 136 464 446 356 239 174 256 295 314 442 172 269 323 385 107 257 436 383 295 294 351 369 129 309 293 376 282 342 188 297 630 272 264 332 304 417
307 350 335 466 337 197 238 328 217 323 245 290 325 271 243 571 185 416 163 240 354 300 246 473 240 155 377 394 229 299 303 453 264 372 255 350 293 367
397 225 377 408 217 276 354 257 128 385 380 352 405 395 109 456 244 361 203 191 341 367 384 163 307 652 440 67 463 139 376 296 275 280 307 362 400 159
343 163 320 285 500 331 422 315 272 485 267 321 312 268 381 123 388 341 350 302 393 313 368 297 304 139 199 439 290 249 207 341 520 310 357 185 542 438
570 396 230 421 282 445 153 379 313 377 255 366 273 239 447 339 259 250 273 182 356 328 343 306 192 191 375 492 227 161 218 236 251 224 315 335 237 225
448 385 386 279 226 318 319 313 248 371 60 318 345 387 301 507 289 186 313 260 180 340 274 309 431 269 254 294 464 328 150 311 221 330 275 172 365 245
369 292 201 421 224 284 352 290 384 336 133 378 363 307 391 286 369 310 243 405 530 363 130 311 255 205 190 331 293 452 330 161 576 394 282 241 135 277
218 404 414 206 400 1 523 282 287 242 166 485 290 321 236 117 394 389 422 88 281 247 220 445 254 433 344 136 304 296 377 309 360 299 346 330 386 362
446 223 163 353 420 302 477 376 282 383 442 337 339 619 259 310 361 362 155 441 220 419 280 656 224 337 250 213 313 346 433 277 503 201 296 204 236 286
428 299 333 224 159 444 448 121 302 151 362 227 368 322 260 281 214 255 339 301 247 157 161 268 343 295 357 371 341 225 361 120 301 312 267 220 383 226
278 505 329 202 211 493 140 224 379 256 278 274 329 334 254 552 171 346 472 230 414 497 374 260 344 341 161 370 225 253 196 454 316 266 248 419 309 492
175 246 364 337 340 399 245 537 187 213 261 444 290 407 346 379 593 157 357 400 368 210 354 480 508 327 214 399 312 450 287 274 346 346 250 624 361 201
208 334 325 506 342 479 394 461 256 519 322 395 268 262 400 219 313 312 112 469 144 495 113 430 342 204 214 332 437 407 414 388 588 633 311 372 382 294
376 388 165 417 396 240 363 386 232 456 346 286 295 302 394 423 120 234 403 298 205 407 291 276 375 270 440 413 184 235 354 229 282 201 387 251 185 323
479 360 461 172 268 362 301 302 287 335 225 300 300 283 276 468 336 321 261 349 275 340 308 228 274 391 265 362 271 422 472 227 364 356 399 346 234 556
404 241 244 321 360 388 134 394 478 340 161 116 295 349 287 335 244 394 381 208 158 243 257 319 350 166 381 304 335 364 339 188 229 268 241 526 307 334
249 257 340 340 336 275 293 446 409 292 467 267 466 394 226 246 227 311 233 340 404 570 324 293 352 373 451 509 260 276 145 300 217 188 419 220 477 294
283 353 708 364 300 423 258 437 193 336 277 286 135 373 223 381 332 237 193 279 372 431 169 445 369 194 418 209 382 370 392 240 441 355 326 174 191 383
387 330 558 352 329 183 335 315 203 326 379 345 0 434 171 281 369 196 419 178 273 356 208 538 433 450 305 308 373 269 414 373 422 367 218 340 312 191
297 262 287 350 302 431 258 233 283 224 317 153 245 229 519 263 259 246 167 131 391 211 296 312 238 336 220 287 289 293 387 289 219 333 446 263 252 370
291 205 357 404 389 187 332 240 250 178 301 388 259 172 634 292 398 361 310 336 336 335 210 310 457 299 265 181 486 267 412 310 315 320 266 254 385 431
234 225 294 570 266 421 314 300 218 278 196 353 247 383 449 329 325 59 215 185 218 271 118 294 267 650 375 370 290 394 296 496 254 548 283 190 281 412
193 237 230 451 317 585 346 402 382 287 179 420 268 266 154 267 268 371 148 198 464 527 378 463 206 501 209 407 488 206 299 354 320 175 267 274 232 396
348 411 245 182 352 201 334 261 190 248 508 226 251 387 365 181 115 279 428 384 361 403 408 360 220 292 303 198 201 361 165 271 243 266 346 290 373 188
434 377 317 316 351 150 329 516 291 219 283 468 152 266 300 261 343 261 307 286 157 235 446 227 117 404 747 28 294 323 145 424 451 252 250 258 191 286
252 172 186 311 336 441 165 324 353 247 325 264 374 320 251 296 109 453 362 355 281 458 294 423 359 350 235 166 350 108 408 144 112 376 289 414 369 220
303 371 398 7 308 406 397 375 246 206 254 260 399 292 173 335 293 462 403 216 184 250 169 280 419 386 401 276 354 282 355 379 288 391 210 213 311 158
305 182 332 333 381 162 513 409 233 234 142 237 302 250 377 349 187 262 276 248 406 383 329 299 177 314 317 466 203 419 255 403 328 197 327 284 305 322
306 195 263 422 340 122 136 298 392 349 345 280 266 251 282 119 287 256 442 436 287 391 432 248 438 396 217 212 495 369 408 197 476 290 143 340 507 243
212 332 351 205 407 226 366 323 206 310 456 198 311 208 475 246 317 423 293 240 190 459 273 336 325 163 206 594 383 452 210 302 270 303 191 222 259 255
482 150 398 106 279 230 307 268 392 320 316 385 403 391 352 272 185 260 239 289 422 228 196 356 307 402 234 241 146 386 414 41 243 248 391 401 408 179

0 0 0 0 0 0 0 0 0 0 0 0 0 0 0 0 0 0 0 0 0 0 0 0 0 0 0 0 0 0 0 0 0 0 0 0 0 0
0 0 0 0 0 0 0 0 0 0 0 0 0 0 0 0 0 0 0 0 0 0 0 0 0 0 0 0 0 0 0 0 0 0 0 0 0 0
0 0 0 0 0 0 0 0 0 0 0 0 0 0 0 0 0 0 0 0 0 0 0 0 0 0 0 0 0 0 0 0 0 0 0 0 0 0
0 0 0 0 0 0 0 0 0 0 0 0 0 0 0 0 0 0 0 0 0 0 0 0 0 0 0 0 0 0 0 0 0 0 0 0 0 0
0 0 0 0 0 0 0 0 0 0 0 0 0 0 0 0 0 0 0 0 0 0 0 0 0 0 0 0 0 0 0 0 0 0 0 0 0 0
0 0 0 0 0 0 0 0 0 0 0 0 0 0 0 0 0 0 0 0 0 0 0 0 0 0 0 0 0 0 0 0 0 0 0 0 0 0
0 0 0 0 0 0 0 0 0 0 0 0 0 0 0 0 0 0 0 0 0 0 0 0 0 0 0 0 0 0 0 0 0 0 0 0 0 0
0 0 0 0 0 0 0 0 0 0 0 0 0 0 0 0 0 0 0 0 0 0 0 0 0 0 0 0 0 0 0 0 0 0 0 0 0 0
0 0 0 0 0 0 0 0 0 0 0 0 0 0 0 0 0 0 0 0 0 0 0 0 0 0 0 0 0 0 0 0 0 0 0 0 0 0
0 0 0 0 0 0 0 0 0 0 0 0 0 0 0 0 0 0 0 0 0 0 0 0 0 0 0 0 0 0 0 0 0 0 0 0 0 0
0 0 0 0 0 0 0 0 0 0 0 0 0 0 0 0 0 0 0 0 0 0 0 0 0 0 0 0 0 0 0 0 0 0 0 0 0 0
0 0 0 0 0 0 0 0 0 0 0 0 0 0 0 0 0 0 0 0 0 0 0 0 0 0 0 0 0 0 0 0 0 0 0 0 0 0
0 0 0 0 0 0 0 0 0 0 0 0 0 0 0 0 0 0 0 0 0 0 0 0 0 0 0 0 0 0 0 0 0 0 0 0 0 0
0 0 0 0 0 0 0 0 0 0 0 0 0 0 0 0 0 0 0 0 0 0 0 0 0 0 0 0 0 0 0 0 0 0 0 0 0 0
0 0 0 0 0 0 0 0 0 0 0 0 0 0 0 0 0 0 0 0 0 0 0 0 0 0 0 0 0 0 0 0 0 0 0 0 0 0
0 0 0 0 0 0 0 0 0 0 0 0 0 0 0 0 0 0 0 0 0 0 0 0 0 0 0 0 0 0 0 0 0 0 0 0 0 0
0 0 0 0 0 0 0 0 0 0 0 0 0 0 0 0 0 0 0 0 0 0 0 0 0 0 0 0 0 0 0 0 0 0 0 0 0 0
0 0 0 0 0 0 0 0 0 0 0 0 0 0 0 0 0 0 0 0 0 0 0 0 0 0 0 0 0 0 0 0 0 0 0 0 0 0
0 0 0 0 0 0 0 0 0 0 0 0 0 0 0 0 0 0 0 0 0 0 0 0 0 0 0 0 0 0 0 0 0 0 0 0 0 0
0 0 0 0 0 0 0 0 0 0 0 0 0 0 0 0 0 0 0 0 0 0 0 0 0 0 0 0 0 0 0 0 0 0 0 0 0 0
0 0 0 0 0 0 0 0 0 0 0 0 0 0 0 0 0 0 0 0 0 0 0 0 0 0 0 0 0 0 0 0 0 0 0 0 0 0
0 0 0 0 0 0 0 0 0 0 0 0 0 0 0 0 0 0 0 0 0 0 0 0 0 0 0 0 0 0 0 0 0 0 0 0 0 0
0 0 0 0 0 0 0 0 0 0 0 0 0 0 0 0 0 0 0 0 0 0 0 0 0 0 0 0 0 0 0 0 0 0 0 0 0 0
0 0 0 0 0 0 0 0 0 0 0 0 0 0 0 0 0 0 0 0 0 0 0 0 0 0 0 0 0 0 0 0 0 0 0 0 0 0
0 0 0 0 0 0 0 0 0 0 0 0 0 0 0 0 0 0 0 0 0 0 0 0 0 0 0 0 0 0 0 0 0 0 0 0 0 0
0 0 0 0 0 0 0 0 0 0 0 0 0 0 0 0 0 0 0 0 0 0 0 0 0 0 0 0 0 0 0 0 0 0 0 0 0 0
0 0 0 0 0 0 0 0 0 0 0 0 0 0 0 0 0 0 0 0 0 0 0 0 0 0 0 0 0 0 0 0 0 0 0 0 0 0
0 0 0 0 0 0 0 0 0 0 0 0 0 0 0 0 0 0 0 0 0 0 0 0 0 0 0 0 0 0 0 0 0 0 0 0 0 0
0 0 0 0 0 0 0 0 0 0 0 0 0 0 0 0 0 0 0 0 0 0 0 0 0 0 0 0 0 0 0 0 0 0 0 0 0 0
0 0 0 0 0 0 0 0 0 0 0 0 0 0 0 0 0 0 0 0 0 0 0 0 0 0 0 0 0 0 0 0 0 0 0 0 0 0
0 0 0 0 0 0 0 0 0 0 0 0 0 0 0 0 0 0 0 0 0 0 0 0 0 0 0 0 0 0 0 0 0 0 0 0 0 0
0 0 0 0 0 0 0 0 0 0 0 0 0 0 0 0 0 0 0 0 0 0 0 0 0 0 0 0 0 0 0 0 0 0 0 0 0 0
0 0 0 0 0 0 0 0 0 0 0 0 0 0 0 0 0 0 0 0 0 0 0 0 0 0 0 0 0 0 0 0 0 0 0 0 0 0
0 0 0 0 0 0 0 0 0 0 0 0 0 0 0 0 0 0 0 0 0 0 0 0 0 0 0 0 0 0 0 0 0 0 0 0 0 0
0 0 0 0 0 0 0 0 0 0 0 0 0 0 0 0 0 0 0 0 0 0 0 0 0 0 0 0 0 0 0 0 0 0 0 0 0 0
0 0 0 0 0 0 0 0 0 0 0 0 0 0 0 0 0 0 0 0 0 0 0 0 0 0 0 0 0 0 0 0 0 0 0 0 0 0
0 0 0 0 0 0 0 0 0 0 0 0 0 0 0 0 0 0 0 0 0 0 0 0 0 0 0 0 0 0 0 0 0 0 0 0 0 0
0 0 0 0 0 0 0 0 0 0 0 0 0 0 0 0 0 0 0 0 0 0 0 0 0 0 0 0 0 0 0 0 0 0 0 0 0 0

94 0 0 0 0 0 0 0 0 0 0 0 0 51 0 110 94 0 34 121 135 40 0 57 0 0 0 174 0 91 0 0 0 0 35 0 0 0
0 0 44 0 0 0 0 17 43 423 0 0 96 40 8 0 0 89 97 0 0 0 17 31 0 0 0 0 0 43 0 279 0 62 239 0 0 45
37 0 0 0 85 265 0 320 95 0 0 0 290 58 210 102 101 55 103 0 10 127 48 221 187 183 31 0 37 0 0 0 0 0 69 132 0 0
0 0 0 149 75 11 0 0 0 0 21 41 90 0 0 0 41 0 173 115 0 3 44 0 139 0 0 448 92 0 0 160 0 151 0 168 0 0
212 0 0 168 0 0 0 0 0 0 0 117 0 45 0 0 24 0 0 44 116 0 0 0 0 0 0 0 0 0 34 0 28 0 13 0 0 0
0 0 176 16 0 88 0 0 68 0 73 0 2 1 0 174 0 108 50 141 0 0 0 68 0 0 0 0 74 106 92 0 2 4 124 0 0 0
0 0 0 0 142 0 0 95 67 2 52 91 0 0 187 215 16 0 0 0 0 0 0 0 38 0 0 15 192 8 0 12 132 135 171 63 0 0
0 0 0 158 0 0 0 124 27 117 118 95 0 155 0 247 0 138 0 0 0 0 0 0 0 38 0 0 0 0 0 0 0 0 56 57 0 63
31 0 0 0 81 0 0 145 0 116 0 29 35 0 0 141 183 65 0 0 208 0 13 0 27 26 35 0 246 0 196 473 8 0 0 0 185 0
0 248 0 0 0 0 0 0 59 0 0 19 0 0 66 0 98 300 0 0 0 0 0 17 124 0 0 41 126 0 0 69 0 112 0 0 33 19
0 0 160 0 140 0 0 0 0 0 11 0 17 0 0 12 320 33 0 177 0 0 186 0 19 0 0 12 99 0 11 0 0 110 169 0 184 0
77 34 18 66 104 0 43 0 96 0 45 0 0 0 21 0 171 0 39 0 33 83 135 0 281 0 0 28 0 0 136 0 5 0 0 0 0 73
113 0 0 0 33 0 0 303 20 0 0 442 182 0 1 39 0 0 0 19 0 58 0 0 269 0 0 0 91 28 42 0 0 27 0 0 326 0
108 0 0 207 0 0 7 134 0 0 0 0 22 193 0 0 62 200 30 56 0 52 83 0 0 39 0 0 0 222 0 61 177 0 46 0 0 0
0 7 238 0 0 0 22 0 84 0 0 0 335 130 0 0 0 0 100 220 0 75 57 77 0 191 0 0 0 35 50 34 0 0 0 163 44 0
91 0 0 112 17 298 0 136 62 65 0 0 200 0 0 0 51 0 0 0 0 0 0 25 47 139 166 22 256 114 40 0 5 0 0 32 0 1
0 0 0 13 90 178 14 60 0 0 0 0 140 131 205 89 0 0 0 0 22 0 36 118 290 378 0 0 0 0 0 25 0 0 0 0 0 159
111 85 23 0 32 95 0 138 32 0 105 0 203 0 0 151 0 170 106 0 0 10 0 0 0 0 20 99 0 19 0 64 0 0 151 0 139 96
0 0 120 0 0 0 0 0 0 146 0 318 0 0 0 48 36 0 98 0 182 92 7 0 4 86 0 156 0 0 0 0 0 0 0 0 0 42
80 0 0 0 0 0 1 126 25 170 270 97 0 0 0 75 0 22 0 0 25 0 0 174 0 26 0 0 0 66 39 0 0 0 209 0 24 0
116 0 0 93 0 0 0 216 0 0 0 0 104 0 141 0 42 0 0 190 94 89 0 0 54 257 0 0 43 0 0 35 0 0 49 0 57 0
0 22 0 0 0 0 0 0 0 127 0 101 82 0 118 67 0 260 0 0 246 31 0 0 0 264 28 0 0 100 0 0 9 187 6 131 0 0
0 0 0 138 0 0 0 0 47 12 0 47 4 0 0 99 0 0 260 0 0 0 0 23 104 47 0 0 0 0 195 43 0 0 79 0 0 38
70 0 0 32 16 46 0 0 0 0 0 100 0 0 0 45 59 125 0 180 107 0 135 0 120 5 0 80 51 0 0 0 36 0 0 0 0 0
0 0 0 192 33 29 0 0 72 114 0 103 79 170 0 40 0 0 14 40 92 0 0 0 0 0 0 0 0 334 0 0 0 117 254 0 0 0
106 101 113 241 0 0 0 0 0 0 0 43 0 112 0 0 301 0 84 0 0 0 0 28 3 50 0 60 80 0 0 59 0 0 0 0 0 0
0 142 0 0 31 0 0 215 57 69 10 154 140 98 0 113 0 116 94 0 0 0 58 29 39 170 0 55 0 0 0 0 0 6 143 5 0 2
0 6 184 304 0 0 0 0 0 101 0 0 256 0 0 40 0 0 13 175 0 186 0 17 0 0 7 0 119 0 34 0 0 0 393 142 0 20
181 81 0 0 113 0 62 117 21 23 88 118 201 44 105 0 117 0 0 0 0 0 0 0 96 37 0 0 0 0 0 217 0 0 0 0 34 0
90 0 0 0 0 163 0 0 109 0 0 287 0 0 0 0 0 94 0 44 115 0 38 0 0 95 2 0 77 0 0 0 169 0 0 0 93 0
45 0 0 51 0 0 0 0 97 21 0 0 97 271 1 0 150 31 6 61 32 0 0 0 0 56 0 136 77 0 0 0 36 63 58 78 221 99
0 38 36 0 0 0 118 0 0 176 0 0 104 0 4 0 214 130 34 0 0 0 77 83 163 0 0 112 0 0 0 264 0 136 0 13 130 23
97 0 0 42 0 0 0 0 0 0 94 0 395 144 0 82 46 127 48 0 59 0 0 0 25 0 0 70 5 0 46 0 0 0 17 99 0 0
281 0 51 233 0 221 141 76 236 61 173 0 100 0 0 4 264 78 0 17 197 185 0 160 71 209 13 199 0 42 125 151 0 0 0 14 69 0
0 12 0 168 33 0 18 168 0 0 0 12 0 42 229 0 232 0 0 0 264 0 56 0 40 0 0 28 0 0 91 0 172 101 209 0 0 35
0 0 0 0 0 0 52 0 130 0 187 0 89 0 0 0 0 0 0 108 94 0 29 0 0 0 0 0 31 159 84 0 172 0 51 36 128 159
0 0 0 122 248 158 0 0 0 0 82 0 0 0 0 12 85 0 48 124 0 95 6 0 2 0 0 169 64 171 0 96 46 0 0 0 0 0
0 79 0 0 0 47 467 0 37 0 17 0 0 0 0 0 0 0 0 0 0 0 0 0 92 21 0 0 0 108 0 46 0 151 50 0 216 91

21 0 0 0 0 0 11 0 0 116 0 0 0 0 38 0 213 0 0 0 58 0 0 0 0 0 24 0 0 259 64 0 0 0 63 0 0 59
0 0 0 166 0 0 0 0 0 0 0 12 0 0 0 0 0 0 0 0 0 0 0 0 36 0 0 0 0 0 146 0 14 0 0 0 0 40
0 0 48 0 0 0 0 0 103 17 0 0 3 0 0 0 0 0 0 0 0 88 0 0 0 0 28 0 0 0 0 0 0 0 0 41 0 0
0 0 0 0 0 0 0 0 0 90 81 0 0 76 0 0 0 0 0 0 48 1 0 0 0 109 43 72 0 0 33 0 0 0 0 0 0 0
88 0 0 0 0 0 0 0 78 0 0 0 0 35 64 37 0 0 0 0 0 0 0 0 0 76 67 0 0 0 0 126 0 31 0 0 0 0
251 0 10 0 0 0 0 39 67 0 0 0 136 0 0 0 76 44 0 0 0 14 12 0 0 0 0 0 0 0 107 0 0 1 167 0 115 0
9 0 0 0 0 94 0 0 42 0 0 0 20 0 184 49 0 82 0 0 0 31 0 0 0 0 75 0 0 30 71 0 0 0 69 14 0 0
0 11 0 0 0 0 0 0 0 0 1 0 0 0 0 0 0 157 0 0 0 0 0 0 0 119 0 0 0 0 0 43 0 0 0 0 101 0
24 0 100 0 0 0 0 0 0 40 0 0 0 0 0 22 0 0 0 0 0 0 38 0 0 102 0 0 0 0 15 0 0 0 0 0 0 0
0 0 0 0 0 0 0 0 23 0 0 5 0 0 0 0 44 0 0 0 0 0 130 0 0 0 0 0 0 0 0 0 0 0 0 0 0 0
49 17 0 0 60 0 153 0 0 0 0 0 0 0 0 0 21 0 0 52 0 0 0 0 0 0 139 0 0 88 0 0 0 0 0 0 0 0
0 0 0 0 0 12 0 0 0 0 0 0 43 0 0 0 0 0 0 68 0 49 57 0 20 11 0 0 0 0 0 0 0 0 0 0 0 64
0 0 0 0 0 0 0 0 0 73 29 34 0 0 0 0 43 0 139 123 0 0 0 0 0 0 136 0 98 0 14 15 0 0 0 0 55 0
88 0 0 0 0 0 0 64 0 32 0 24 0 0 0 0 0 0 0 54 0 0 0 0 0 6 11 0 0 0 0 0 5 0 0 0 0 33
0 28 0 0 0 0 141 0 0 0 0 0 0 0 0 0 0 0 0 20 0 74 0 29 0 84 0 0 0 188 0 0 0 10 0 0 0 50
0 0 0 0 0 0 0 16 0 0 95 0 0 0 0 5 0 0 0 0 0 0 0 0 0 0 0 0 132 86 21 0 0 0 0 0 58 0
0 0 0 0 0 0 0 0 0 0 0 0 0 0 105 0 0 0 0 0 0 0 0 0 0 74 0 0 0 0 0 0 0 0 0 0 6 0
0 47 24 0 0 0 0 0 0 0 0 0 0 0 0 0 0 0 0 0 59 16 0 0 0 0 0 0 0 0 0 35 0 14 0 0 0 0
0 1 0 0 0 0 0 73 0 0 0 0 139 0 0 0 50 0 0 0 103 0 0 0 16 0 0 0 0 0 0 49 0 0 0 2 0 0
0 0 0 31 0 6 0 0 0 0 0 0 3 0 62 0 0 0 30 0 0 0 0 0 0 0 0 0 173 0 0 0 0 0 69 0 39 0
0 0 35 0 0 0 47 0 0 0 0 0 0 0 26 0 0 0 0 0 0 36 0 48 0 69 0 0 67 0 0 0 0 0 15 0 0 36
0 0 0 0 14 0 0 0 0 0 0 0 11 0 45 0 0 0 0 101 0 0 0 102 0 0 0 0 52 0 0 0 2 0 100 0 90 0
0 36 0 0 0 0 0 0 0 0 0 0 0 0 0 66 0 0 0 0 122 0 0 0 0 0 0 0 106 15 19 0 0 0 0 0 0 0
0 95 0 0 0 0 0 0 21 0 0 0 0 0 0 0 0 0 0 0 112 0 0 0 0 0 0 0 0 0 0 0 47 0 0 0 0 9
0 0 0 0 0 0 0 0 0 6 0 0 0 78 0 105 0 0 0 0 0 0 0 0 0 0 0 0 0 0 0 78 0 0 0 0 15 52
0 0 0 0 0 0 0 7 64 0 6 142 45 0 0 0 0 194 0 0 0 0 25 0 0 0 74 0 0 0 0 0 0 0 0 0 0 0
13 0 35 0 45 0 0 0 0 0 49 0 0 0 35 0 0 0 0 0 44 0 27 0 0 0 0 0 0 40 0 96 98 0 0 0 0 0
0 0 0 0 0 0 74 0 0 0 0 0 0 0 0 0 0 115 0 0 0 0 0 0 0 163 0 2 0 0 39 28 0 0 1 203 0 0
0 174 36 0 0 0 0 0 0 218 12 14 0 0 0 0 0 0 0 0 0 0 0 0 0 0 0 0 0 0 0 33 0 0 58 0 0 0
0 0 0 0 0 40 0 0 0 0 0 2 0 0 0 1 0 44 0 0 60 0 0 0 0 0 0 0 0 11 0 0 0 0 0 0 33 0
0 146 0 43 0 0 0 32 0 1 0 29 0 0 0 0 0 0 58 0 0 0 0 0 0 0 0 49 158 0 0 0 0 0 0 0 0 0
0 47 0 31 0 0 0 0 3 0 0 0 0 0 0 0 68 0 25 0 0 0 0 96 0 0 0 0 0 0 0 0 7 141 0 0 0 100
0 127 0 0 149 0 0 0 0 0 0 0 11 55 6 0 0 44 0 0 0 0 0 0 0 0 0 0 0 0 0 0 0 0 9 0 0 0
0 0 0 11 223 0 0 0 42 0 0 0 0 0 0 0 0 0 0 0 0 68 0 0 0 0 0 0 0 0 0 0 0 0 0 114 104 3
0 0 0 0 0 0 94 0 0 22 0 0 0 0 0 0 2 0 0 0 0 112 239 0 0 0 0 6 50 0 0 22 180 67 44 0 0 55
0 24 0 65 0 0 0 0 5 0 0 0 0 0 63 0 15 0 0 0 0 0 0 41 78 0 0 0 0 0 0 0 0 149 0 0 0 0
0 1 0 0 0 98 0 0 0 0 0 52 0 0 0 57 0 0 0 0 0 0 153 196 0 0 0 0 0 0 0 95 0 0 0 0 0 0
0 0 0 23 0 0 39 0 0 0 0 0 91 19 0 0 0 0 0 0 0 0 0 113 0 0 0 0 77 0 0 0 43 0 52 0 0 0

