8428 5198 8705 7663 7222 6968 7223 7068
6123 7070 7269 9121 8981 7311 7680 8742
10239 8544 7497 7808 7076 7016 6718 6491
8440 7951 7363 8677 7469 8460 6032 8116
8030 6882 8148 10270 8187 6069 8168 7967
8716 8379 9217 6981 8171 6844 7918 7505
7663 8316 10065 5884 6524 7860 8601 7974
6905 5961 8164 6525 6822 6265 6255 7642

0 0 0 0 0 0 0 0
0 0 0 0 0 0 0 0
0 0 0 0 0 0 0 0
0 0 0 0 0 0 0 0
0 0 0 0 0 0 0 0
0 0 0 0 0 0 0 0
0 0 0 0 0 0 0 0
0 0 0 0 0 0 0 0

16972 16195 19685 21185 16856 17825 17863 17677
16825 17669 20262 16545 19437 17182 17597 17584
20982 16071 17263 19241 17641 17147 17997 15754
17056 16840 16815 18832 18058 18437 17459 19220
16488 16538 17095 17538 17993 17624 16652 17306
15581 15891 18842 17419 16329 18584 17691 18237
16973 16149 19142 18785 16847 17519 16618 17049
18288 16709 17664 17774 16867 16659 18512 18503

27927 27862 29644 26842 28237 27624 28558 27289
27603 28598 28772 28090 29882 29354 28608 28629
32641 29216 29707 31102 29767 29840 29278 26348
29741 27510 28806 30123 29350 28299 29315 28491
28021 28908 28699 27763 30411 28260 29008 28993
27819 29166 29639 28340 27942 27980 28357 29399
28537 28344 28172 27701 28706 27128 26882 27414
27278 28074 29171 28915 28263 29209 28021 29515

4095 7053 6539 7362 4692 5586 6121 7538
7907 7633 5631 5480 9632 6972 5904 7825
7570 7466 4343 7137 6490 7366 5766 4561
4185 6045 6089 8694 7874 4525 5657 7072
5973 6120 6058 7245 5546 10322 5866 6339
6173 6632 8917 6066 5832 4971 5453 6665
5975 5125 8091 5942 5390 6754 6000 4141
5008 6825 4926 4730 5797 4124 5284 7155

27628 25793 27378 30818 25168 26461 27206 28784
26769 26117 26871 27502 27900 27392 28316 27484
25546 26695 29070 29132 29843 28629 26802 27995
26929 27924 27959 28901 29155 27575 28649 24915
27403 24376 26047 24535 27456 26566 24640 25630
27735 29032 29305 30271 25898 28499 26577 27851
25211 25218 28200 28924 26268 26636 26617 26161
27923 27085 27328 27305 27606 28028 28348 26048

0 0 0 0 0 0 0 0
0 0 0 0 0 0 0 0
0 0 0 0 0 0 0 0
0 0 0 0 0 0 0 0
0 0 0 0 0 0 0 0
0 0 0 0 0 0 0 0
0 0 0 0 0 0 0 0
0 0 0 0 0 0 0 0

11892 9957 14732 10730 11455 12716 11977 13428
12396 14767 11636 11022 12645 13305 10406 13809
11883 11984 11860 12689 11151 10845 12745 10599
11994 10260 9717 10272 9184 14286 12113 14677
10613 10633 14255 16417 13732 11045 11370 11059
9265 10450 13287 12070 10619 9267 11982 11566
10573 12459 12843 12057 10979 11001 11414 12262
9473 12236 10750 10825 13474 11188 10954 12950

4582 5907 4236 5314 3218 4096 3407 1562
2458 4751 2618 4266 4253 2209 6369 2444
4017 5207 4935 3072 4204 4349 3275 4272
2923 5674 4530 3848 3089 4895 2955 2785
2522 3603 2554 4909 4144 5338 4575 6570
4869 5504 3981 4350 6329 2927 2984 3966
4846 2292 4261 8316 4403 2693 4907 4543
2769 2114 5142 3946 4856 3394 2544 5318

2347 4575 1408 1783 432 1603 853 610
1172 1546 2750 1617 1320 3471 1391 700
1111 1446 618 0 1150 522 288 495
4022 273 1820 1068 4913 3563 2309 1028
4044 844 1141 2332 767 613 2359 1616
2216 1610 2188 968 2543 1245 1636 1616
1308 1017 1840 844 1421 908 903 2943
2823 2214 631 1167 2576 1458 2902 2107

0 0 0 0 0 0 0 0
0 0 0 0 0 0 0 0
0 0 0 0 0 0 0 0
0 0 0 0 0 0 0 0
0 0 0 0 0 0 0 0
0 0 0 0 0 0 0 0
0 0 0 0 0 0 0 0
0 0 0 0 0 0 0 0

13221 10737 14923 14597 12282 13516 13856 11610
13235 13183 13454 15942 12966 11896 14219 13849
13452 13981 11720 12390 11869 12818 13796 12191
13647 14037 13483 11690 12162 13802 12004 11975
14327 11824 12548 12259 14392 13420 11882 11244
11546 11440 14667 14484 13945 12960 12126 13995
14162 13581 12298 14575 12878 14460 12109 14709
12947 12601 13782 13996 10941 13031 13003 12388

0 0 0 0 0 0 0 0
0 0 0 0 0 0 0 0
0 0 0 0 0 0 0 0
0 0 0 0 0 0 0 0
0 0 0 0 0 0 0 0
0 0 0 0 0 0 0 0
0 0 0 0 0 0 0 0
0 0 0 0 0 0 0 0

1061 0 1816 251 615 3062 2203 23
1086 2182 932 3533 2036 1887 370 2048
1355 852 1609 1901 3055 1852 3851 1819
2352 1662 2402 69 3810 2256 349 2801
1554 0 1757 701 1585 1481 1450 1525
1852 1186 2268 2640 834 1542 1822 1753
2179 2262 2170 2727 1580 2002 936 2330
602 1097 1006 976 3048 2240 2950 2028

0 0 0 0 0 0 0 0
0 0 0 0 0 0 0 0
0 0 0 0 0 0 0 0
0 0 0 0 0 0 0 0
0 0 0 0 0 0 0 0
0 0 0 0 0 0 0 0
0 0 0 0 0 0 0 0
0 0 0 0 0 0 0 0

35059 35765 36561 36223 36179 36710 35359 34154
35117 32934 35817 34414 34999 36220 37667 38554
37303 36764 35483 32986 36120 37770 35420 36574
37585 34797 36611 37093 38366 37152 35684 35957
37107 34151 36050 34950 37770 34750 33536 35428
35252 34138 36980 34511 37428 34746 35042 34376
32589 32615 35151 33873 35738 34845 34793 36185
35573 35869 36876 38159 37020 35981 31380 34550

