0000000000000000000000000000000000000000000000000000000000000000 0000000000000000000000000000000000000000000000000000000000000000 0000000000000000000000000000000000000000000000000000000000000000 0000000000000000000000000000000000000000000000000000000000000000 0000000000000000000000000000000000000000000000000000000000000000 0000000000000000000000000000000000000000000000000000000000000000
0000000000000000000000000000000000000000000000000000000000000000 0000000000000000000000000000000000000000000000000000000000000000 0000000000000000000000000000000000000000000000000000000000000000 0000000000000000000000000000000000000000000000000000000000000000 0000000000000000000000000000000000000000000000000000000000000000 0000000000000000000000000000000000000000000000000000000000000000
0000000000000000000000000000000000000000000000000000000000000000 0000000000000000000000000000000000000000000000000000000000000000 0000000000000000000000000000000000000000000000000000000000000000 0000000000000000000000000000000000000000000000000000000000000000 0000000000000000000000000000000000000000000000000000000000000000 0000000000000000000000000000000000000000000000000000000000000000
0000000000000000000000000000000000000000000000000000000000000000 0000000000000000000000000000000000000000000000000000000000000000 0000000000000000000000000000000000000000000000000000000000000000 0000000000000000000000000000000000000000000000000000000000000000 0000000000000000000000000000000000000000000000000000000000000000 0000000000000000000000000000000000000000000000000000000000000000
0000000000000000000000000000000000000000000000000000000000000000 0000000000000000000000000000000000000000000000000000000000000000 0000000000000000000000000000000000000000000000000000000000000000 0000000000000000000000000000000000000000000000000000000000000000 0000000000000000000000000000000000000000000000000000000000000000 0000000000000000000000000000000000000000000000000000000000000000
0000000000000000000000000000000000000000000000000000000000000000 0000000000000000000000000000000000000000000000000000000000000000 0000000000000000000000000000000000000000000000000000000000000000 0000000000000000000000000000000000000000000000000000000000000000 0000000000000000000000000000000000000000000000000000000000000000 0000000000000000000000000000000000000000000000000000000000000000
0000000000000000000000000000000000000000000000000000000000000000 0000000000000000000000000000000000000000000000000000000000000000 0000000000000000000000000000000000000000000000000000000000000000 0000000000000000000000000000000000000000000000000000000000000000 0000000000000000000000000000000000000000000000000000000000000000 0000000000000000000000000000000000000000000000000000000000000000
0000000000000000000000000000000000000000000000000000000000000000 0000000000000000000000000000000000000000000000000000000000000000 0000000000000000000000000000000000000000000000000000000000000000 0000000000000000000000000000000000000000000000000000000000000000 0000000000000000000000000000000000000000000000000000000000000000 0000000000000000000000000000000000000000000000000000000000000000
0000000000000000000000000000000000000000000000000000000000000000 0000000000000000000000000000000000000000000000000000000000000000 0000000000000000000000000000000000000000000000000000000000000000 0000000000000000000000000000000000000000000000000000000000000000 0000000000000000000000000000000000000000000000000000000000000000 0000000000000000000000000000000000000000000000000000000000000000
0000000000000000000000000000000000000000000000000000000000000000 0000000000000000000000000000000000000000000000000000000000000000 0000000000000000000000000000000000000000000000000000000000000000 0000000000000000000000000000000000000000000000000000000000000000 0000000000000000000000000000000000000000000000000000000000000000 0000000000000000000000000000000000000000000000000000000000000000
0000000000000000000000000000000000000000000000000000000000000000 0000000000000000000000000000000000000000000000000000000000000000 0000000000000000000000000000000000000000000000000000000000000000 0000000000000000000000000000000000000000000000000000000000000000 0000000000000000000000000000000000000000000000000000000000000000 0000000000000000000000000000000000000000000000000000000000000000
0000000000000000000000000000000000000000000000000000000000000000 0000000000000000000000000000000000000000000000000000000000000000 0000000000000000000000000000000000000000000000000000000000000000 0000000000000000000000000000000000000000000000000000000000000000 0000000000000000000000000000000000000000000000000000000000000000 0000000000000000000000000000000000000000000000000000000000000000
0000000000000000000000000000000000000000000000010111110000101000 0000000000000000000000000000000000000000000000010100101000001001 0000000000000000000000000000000000000000000000011000110111110000 0000000000000000000000000000000000000000000000010101110011101011 0000000000000000000000000000000000000000000000010011000011000110 0000000000000000000000000000000000000000000000010110110010010110
0000000000000000000000000000000000000000000000011000111000100001 0000000000000000000000000000000000000000000000010100110110101010 0000000000000000000000000000000000000000000000010100000101110000 0000000000000000000000000000000000000000000000010100001001011101 0000000000000000000000000000000000000000000000010111000110101101 0000000000000000000000000000000000000000000000010101100000001001
0000000000000000000000000000000000000000000000010111011000101001 0000000000000000000000000000000000000000000000010101010001100100 0000000000000000000000000000000000000000000000010111101101000001 0000000000000000000000000000000000000000000000010101111011101001 0000000000000000000000000000000000000000000000010001110110111011 0000000000000000000000000000000000000000000000011000000001000011
0000000000000000000000000000000000000000000000010101110101011011 0000000000000000000000000000000000000000000000010111110001011111 0000000000000000000000000000000000000000000000010111110001111010 0000000000000000000000000000000000000000000000011001010010111011 0000000000000000000000000000000000000000000000010111111000011110 0000000000000000000000000000000000000000000000010011110110111001
0000000000000000000000000000000000000000000000010110000111110010 0000000000000000000000000000000000000000000000010010110101101101 0000000000000000000000000000000000000000000000010111101001011011 0000000000000000000000000000000000000000000000010100010111000100 0000000000000000000000000000000000000000000000010100011100110111 0000000000000000000000000000000000000000000000010110111111100100
0000000000000000000000000000000000000000000000011000110101011000 0000000000000000000000000000000000000000000000010101000100000001 0000000000000000000000000000000000000000000000010111100110001000 0000000000000000000000000000000000000000000000010100001101101101 0000000000000000000000000000000000000000000000010110011011110101 0000000000000000000000000000000000000000000000010010011101001110
0000000000000000000000000000000000000000000000110101011111000011 0000000000000000000000000000000000000000000000110010000100001000 0000000000000000000000000000000000000000000000110110100101110111 0000000000000000000000000000000000000000000000110010110101110011 0000000000000000000000000000000000000000000000110100000111111000 0000000000000000000000000000000000000000000000110101100000111001
0000000000000000000000000000000000000000000000110010101001011001 0000000000000000000000000000000000000000000000110111000110001100 0000000000000000000000000000000000000000000000110010110001011011 0000000000000000000000000000000000000000000000110100010110001110 0000000000000000000000000000000000000000000000110010110001000111 0000000000000000000000000000000000000000000000110100010111100011
0000000000000000000000000000000000000000000000110100001010010111 0000000000000000000000000000000000000000000000110010000101111010 0000000000000000000000000000000000000000000000110000011110010110 0000000000000000000000000000000000000000000000110010001010111010 0000000000000000000000000000000000000000000000110101110101000100 0000000000000000000000000000000000000000000000110010110011011111
0000000000000000000000000000000000000000000000110010001100100111 0000000000000000000000000000000000000000000000110001010000001000 0000000000000000000000000000000000000000000000110111010101010010 0000000000000000000000000000000000000000000000110111010101100011 0000000000000000000000000000000000000000000000110001100110110001 0000000000000000000000000000000000000000000000110011011100111001
0000000000000000000000000000000000000000000000110011101010100011 0000000000000000000000000000000000000000000000110101001000001101 0000000000000000000000000000000000000000000000110111000011011110 0000000000000000000000000000000000000000000000110110011101000010 0000000000000000000000000000000000000000000000110000010000100001 0000000000000000000000000000000000000000000000110010111011101100
0000000000000000000000000000000000000000000000110100010111011111 0000000000000000000000000000000000000000000000110101011111100100 0000000000000000000000000000000000000000000000110011111011000001 0000000000000000000000000000000000000000000000110000100000100110 0000000000000000000000000000000000000000000000101111011100011110 0000000000000000000000000000000000000000000000110001011011100101
0000000000000000000000000000000000000000000000011110100100000101 0000000000000000000000000000000000000000000000011011101111011000 0000000000000000000000000000000000000000000000011011100111111100 0000000000000000000000000000000000000000000000011011100111010010 0000000000000000000000000000000000000000000000011110000010100111 0000000000000000000000000000000000000000000000011100111011101000
0000000000000000000000000000000000000000000000011110111001111000 0000000000000000000000000000000000000000000000100000110101001010 0000000000000000000000000000000000000000000000011111111100001100 0000000000000000000000000000000000000000000000011110101111001001 0000000000000000000000000000000000000000000000011110101001000100 0000000000000000000000000000000000000000000000011111110101100010
0000000000000000000000000000000000000000000000011100011101001001 0000000000000000000000000000000000000000000000011010101000100100 0000000000000000000000000000000000000000000000011010101010100001 0000000000000000000000000000000000000000000000011011100011100001 0000000000000000000000000000000000000000000000100010000001101010 0000000000000000000000000000000000000000000000011010001010101111
0000000000000000000000000000000000000000000000100010010101011101 0000000000000000000000000000000000000000000000011111000000110101 0000000000000000000000000000000000000000000000011101110101100010 0000000000000000000000000000000000000000000000011100001110010001 0000000000000000000000000000000000000000000000011001100101111110 0000000000000000000000000000000000000000000000011010011101011111
0000000000000000000000000000000000000000000000011010111111111110 0000000000000000000000000000000000000000000000011011111110111011 0000000000000000000000000000000000000000000000011101011010101100 0000000000000000000000000000000000000000000000011010010101100100 0000000000000000000000000000000000000000000000011000001001011101 0000000000000000000000000000000000000000000000011111001010110100
0000000000000000000000000000000000000000000000011111000001100110 0000000000000000000000000000000000000000000000011101010000010110 0000000000000000000000000000000000000000000000011101011011100011 0000000000000000000000000000000000000000000000011111010100101100 0000000000000000000000000000000000000000000000011000001111010101 0000000000000000000000000000000000000000000000010111111010010011
0000000000000000000000000000000000000000000000010111100001100011 0000000000000000000000000000000000000000000000010011101110100101 0000000000000000000000000000000000000000000000010111001001100101 0000000000000000000000000000000000000000000000010011111111110100 0000000000000000000000000000000000000000000000010011101111110100 0000000000000000000000000000000000000000000000010111011100111100
0000000000000000000000000000000000000000000000010100111011101001 0000000000000000000000000000000000000000000000010101000100010011 0000000000000000000000000000000000000000000000011010001010110001 0000000000000000000000000000000000000000000000011011000100001111 0000000000000000000000000000000000000000000000011001100100011001 0000000000000000000000000000000000000000000000010111111111100010
0000000000000000000000000000000000000000000000011010101101010110 0000000000000000000000000000000000000000000000011001100110101000 0000000000000000000000000000000000000000000000011001011101100111 0000000000000000000000000000000000000000000000010110111000011011 0000000000000000000000000000000000000000000000010111011110010001 0000000000000000000000000000000000000000000000010011100010111111
0000000000000000000000000000000000000000000000011001110001011001 0000000000000000000000000000000000000000000000011000101101010000 0000000000000000000000000000000000000000000000010101010000110011 0000000000000000000000000000000000000000000000010101100100101100 0000000000000000000000000000000000000000000000011010100110100010 0000000000000000000000000000000000000000000000011001011101010011
0000000000000000000000000000000000000000000000010111111100111010 0000000000000000000000000000000000000000000000010110000110101000 0000000000000000000000000000000000000000000000010100100011110010 0000000000000000000000000000000000000000000000010111001001011011 0000000000000000000000000000000000000000000000011000000110111011 0000000000000000000000000000000000000000000000010111111100011010
0000000000000000000000000000000000000000000000010110100110011000 0000000000000000000000000000000000000000000000010110100011000011 0000000000000000000000000000000000000000000000011010111010000100 0000000000000000000000000000000000000000000000010110101100111000 0000000000000000000000000000000000000000000000010101011001111110 0000000000000000000000000000000000000000000000010101001111010000
0000000000000000000000000000000000000000000000000000000000000000 0000000000000000000000000000000000000000000000000000000000000000 0000000000000000000000000000000000000000000000000000000000000000 0000000000000000000000000000000000000000000000000000000000000000 0000000000000000000000000000000000000000000000000000000000000000 0000000000000000000000000000000000000000000000000000000000000000
0000000000000000000000000000000000000000000000000000000000000000 0000000000000000000000000000000000000000000000000000000000000000 0000000000000000000000000000000000000000000000000000000000000000 0000000000000000000000000000000000000000000000000000000000000000 0000000000000000000000000000000000000000000000000000000000000000 0000000000000000000000000000000000000000000000000000000000000000
0000000000000000000000000000000000000000000000000000000000000000 0000000000000000000000000000000000000000000000000000000000000000 0000000000000000000000000000000000000000000000000000000000000000 0000000000000000000000000000000000000000000000000000000000000000 0000000000000000000000000000000000000000000000000000000000000000 0000000000000000000000000000000000000000000000000000000000000000
0000000000000000000000000000000000000000000000000000000000000000 0000000000000000000000000000000000000000000000000000000000000000 0000000000000000000000000000000000000000000000000000000000000000 0000000000000000000000000000000000000000000000000000000000000000 0000000000000000000000000000000000000000000000000000000000000000 0000000000000000000000000000000000000000000000000000000000000000
0000000000000000000000000000000000000000000000000000000000000000 0000000000000000000000000000000000000000000000000000000000000000 0000000000000000000000000000000000000000000000000000000000000000 0000000000000000000000000000000000000000000000000000000000000000 0000000000000000000000000000000000000000000000000000000000000000 0000000000000000000000000000000000000000000000000000000000000000
0000000000000000000000000000000000000000000000000000000000000000 0000000000000000000000000000000000000000000000000000000000000000 0000000000000000000000000000000000000000000000000000000000000000 0000000000000000000000000000000000000000000000000000000000000000 0000000000000000000000000000000000000000000000000000000000000000 0000000000000000000000000000000000000000000000000000000000000000
0000000000000000000000000000000000000000000000010101110111000101 0000000000000000000000000000000000000000000000010101001011110001 0000000000000000000000000000000000000000000000010110000001100110 0000000000000000000000000000000000000000000000010101111111010001 0000000000000000000000000000000000000000000000010111000100110101 0000000000000000000000000000000000000000000000010011110011101101
0000000000000000000000000000000000000000000000010110101110110111 0000000000000000000000000000000000000000000000011000101100000100 0000000000000000000000000000000000000000000000011001010000010000 0000000000000000000000000000000000000000000000010101111000001111 0000000000000000000000000000000000000000000000010100011011001011 0000000000000000000000000000000000000000000000010110010111010110
0000000000000000000000000000000000000000000000010011000001100001 0000000000000000000000000000000000000000000000011001111110001111 0000000000000000000000000000000000000000000000010110011011101010 0000000000000000000000000000000000000000000000011011001000001100 0000000000000000000000000000000000000000000000011001001001110011 0000000000000000000000000000000000000000000000010011001010100011
0000000000000000000000000000000000000000000000010110100010011101 0000000000000000000000000000000000000000000000011000001001111101 0000000000000000000000000000000000000000000000010011110011101101 0000000000000000000000000000000000000000000000010100011100011101 0000000000000000000000000000000000000000000000010011001011001011 0000000000000000000000000000000000000000000000010110100101100111
0000000000000000000000000000000000000000000000010110100100010100 0000000000000000000000000000000000000000000000011000111010010110 0000000000000000000000000000000000000000000000010110100101101110 0000000000000000000000000000000000000000000000010101100011010001 0000000000000000000000000000000000000000000000010111000100000100 0000000000000000000000000000000000000000000000010101110011110110
0000000000000000000000000000000000000000000000010111011010010100 0000000000000000000000000000000000000000000000010101010000111110 0000000000000000000000000000000000000000000000010011101110011011 0000000000000000000000000000000000000000000000010110101110100111 0000000000000000000000000000000000000000000000010101100101010111 0000000000000000000000000000000000000000000000010101010010010000
0000000000000000000000000000000000000000000000011010011100100110 0000000000000000000000000000000000000000000000011011111101100110 0000000000000000000000000000000000000000000000011010010111001001 0000000000000000000000000000000000000000000000011000100011101101 0000000000000000000000000000000000000000000000011101011111111011 0000000000000000000000000000000000000000000000011001101011011101
0000000000000000000000000000000000000000000000011011110010100010 0000000000000000000000000000000000000000000000011001100000100011 0000000000000000000000000000000000000000000000011011111010111011 0000000000000000000000000000000000000000000000011010000010011110 0000000000000000000000000000000000000000000000011100100110000101 0000000000000000000000000000000000000000000000011110010010010001
0000000000000000000000000000000000000000000000011100000101111100 0000000000000000000000000000000000000000000000011000001010100101 0000000000000000000000000000000000000000000000011000110000100000 0000000000000000000000000000000000000000000000011100100111110100 0000000000000000000000000000000000000000000000011011010001001011 0000000000000000000000000000000000000000000000010111010010001110
0000000000000000000000000000000000000000000000011001001010001000 0000000000000000000000000000000000000000000000011000100110001011 0000000000000000000000000000000000000000000000011000101101101001 0000000000000000000000000000000000000000000000011010011001100000 0000000000000000000000000000000000000000000000011011110111011001 0000000000000000000000000000000000000000000000011010010100100001
0000000000000000000000000000000000000000000000011001001110111001 0000000000000000000000000000000000000000000000011101010101000011 0000000000000000000000000000000000000000000000011101001100101110 0000000000000000000000000000000000000000000000010111001011110001 0000000000000000000000000000000000000000000000010111100011101110 0000000000000000000000000000000000000000000000010111110101010101
0000000000000000000000000000000000000000000000011011000001100111 0000000000000000000000000000000000000000000000011001001111000111 0000000000000000000000000000000000000000000000011011100111001011 0000000000000000000000000000000000000000000000010110111100101111 0000000000000000000000000000000000000000000000010110111110011010 0000000000000000000000000000000000000000000000011010011110110010
0000000000000000000000000000000000000000000000100101100110000000 0000000000000000000000000000000000000000000000101000001111000111 0000000000000000000000000000000000000000000000101010100100001011 0000000000000000000000000000000000000000000000101000011010101111 0000000000000000000000000000000000000000000000101000110001001110 0000000000000000000000000000000000000000000000101000100001101100
0000000000000000000000000000000000000000000000101010001100101010 0000000000000000000000000000000000000000000000101001001110110010 0000000000000000000000000000000000000000000000100101100000001100 0000000000000000000000000000000000000000000000100111011111111001 0000000000000000000000000000000000000000000000100100100110001000 0000000000000000000000000000000000000000000000100010001000100001
0000000000000000000000000000000000000000000000101000010011010011 0000000000000000000000000000000000000000000000100110111110100011 0000000000000000000000000000000000000000000000100110001110100110 0000000000000000000000000000000000000000000000100101111100000110 0000000000000000000000000000000000000000000000101000001101011111 0000000000000000000000000000000000000000000000100011011111111000
0000000000000000000000000000000000000000000000100110001101111101 0000000000000000000000000000000000000000000000100100111000001111 0000000000000000000000000000000000000000000000101000101110000101 0000000000000000000000000000000000000000000000100101000010001011 0000000000000000000000000000000000000000000000100100000101011000 0000000000000000000000000000000000000000000000100111000011101000
0000000000000000000000000000000000000000000000100111010010110011 0000000000000000000000000000000000000000000000101001100100000000 0000000000000000000000000000000000000000000000100101110101010101 0000000000000000000000000000000000000000000000100111010010100110 0000000000000000000000000000000000000000000000100101101000100010 0000000000000000000000000000000000000000000000100101000001010100
0000000000000000000000000000000000000000000000100100011111100100 0000000000000000000000000000000000000000000000100111010011001011 0000000000000000000000000000000000000000000000100101101100101011 0000000000000000000000000000000000000000000000100100100001000001 0000000000000000000000000000000000000000000000100010001100111011 0000000000000000000000000000000000000000000000101000001001010011
0000000000000000000000000000000000000000000000000000000000000000 0000000000000000000000000000000000000000000000000000000000000000 0000000000000000000000000000000000000000000000000000000000000000 0000000000000000000000000000000000000000000000000000000000000000 0000000000000000000000000000000000000000000000000000000000000000 0000000000000000000000000000000000000000000000000000000000000000
0000000000000000000000000000000000000000000000000000000000000000 0000000000000000000000000000000000000000000000000000000000000000 0000000000000000000000000000000000000000000000000000000000000000 0000000000000000000000000000000000000000000000000000000000000000 0000000000000000000000000000000000000000000000000000000000000000 0000000000000000000000000000000000000000000000000000000000000000
0000000000000000000000000000000000000000000000000000000000000000 0000000000000000000000000000000000000000000000000000000000000000 0000000000000000000000000000000000000000000000000000000000000000 0000000000000000000000000000000000000000000000000000000000000000 0000000000000000000000000000000000000000000000000000000000000000 0000000000000000000000000000000000000000000000000000000000000000
0000000000000000000000000000000000000000000000000000000000000000 0000000000000000000000000000000000000000000000000000000000000000 0000000000000000000000000000000000000000000000000000000000000000 0000000000000000000000000000000000000000000000000000000000000000 0000000000000000000000000000000000000000000000000000000000000000 0000000000000000000000000000000000000000000000000000000000000000
0000000000000000000000000000000000000000000000000000000000000000 0000000000000000000000000000000000000000000000000000000000000000 0000000000000000000000000000000000000000000000000000000000000000 0000000000000000000000000000000000000000000000000000000000000000 0000000000000000000000000000000000000000000000000000000000000000 0000000000000000000000000000000000000000000000000000000000000000
0000000000000000000000000000000000000000000000000000000000000000 0000000000000000000000000000000000000000000000000000000000000000 0000000000000000000000000000000000000000000000000000000000000000 0000000000000000000000000000000000000000000000000000000000000000 0000000000000000000000000000000000000000000000000000000000000000 0000000000000000000000000000000000000000000000000000000000000000
0000000000000000000000000000000000000000000000000000000000000000 0000000000000000000000000000000000000000000000000000000000000000 0000000000000000000000000000000000000000000000000000000000000000 0000000000000000000000000000000000000000000000000000000000000000 0000000000000000000000000000000000000000000000000000000000000000 0000000000000000000000000000000000000000000000000000000000000000
0000000000000000000000000000000000000000000000000000000000000000 0000000000000000000000000000000000000000000000000000000000000000 0000000000000000000000000000000000000000000000000000000000000000 0000000000000000000000000000000000000000000000000000000000000000 0000000000000000000000000000000000000000000000000000000000000000 0000000000000000000000000000000000000000000000000000000000000000
0000000000000000000000000000000000000000000000000000000000000000 0000000000000000000000000000000000000000000000000000000000000000 0000000000000000000000000000000000000000000000000000000000000000 0000000000000000000000000000000000000000000000000000000000000000 0000000000000000000000000000000000000000000000000000000000000000 0000000000000000000000000000000000000000000000000000000000000000
0000000000000000000000000000000000000000000000000000000000000000 0000000000000000000000000000000000000000000000000000000000000000 0000000000000000000000000000000000000000000000000000000000000000 0000000000000000000000000000000000000000000000000000000000000000 0000000000000000000000000000000000000000000000000000000000000000 0000000000000000000000000000000000000000000000000000000000000000
0000000000000000000000000000000000000000000000000000000000000000 0000000000000000000000000000000000000000000000000000000000000000 0000000000000000000000000000000000000000000000000000000000000000 0000000000000000000000000000000000000000000000000000000000000000 0000000000000000000000000000000000000000000000000000000000000000 0000000000000000000000000000000000000000000000000000000000000000
0000000000000000000000000000000000000000000000000000000000000000 0000000000000000000000000000000000000000000000000000000000000000 0000000000000000000000000000000000000000000000000000000000000000 0000000000000000000000000000000000000000000000000000000000000000 0000000000000000000000000000000000000000000000000000000000000000 0000000000000000000000000000000000000000000000000000000000000000
0000000000000000000000000000000000000000000000110011101101110010 0000000000000000000000000000000000000000000000110100110000010001 0000000000000000000000000000000000000000000000110100110011000111 0000000000000000000000000000000000000000000000110100011111110000 0000000000000000000000000000000000000000000000110011111101110111 0000000000000000000000000000000000000000000000110110111101001111
0000000000000000000000000000000000000000000000110011011011101111 0000000000000000000000000000000000000000000000110011101110001100 0000000000000000000000000000000000000000000000110101010010000111 0000000000000000000000000000000000000000000000110011010000010001 0000000000000000000000000000000000000000000000110011000110101010 0000000000000000000000000000000000000000000000110101011110010000
0000000000000000000000000000000000000000000000110111101110110010 0000000000000000000000000000000000000000000000110101100110110100 0000000000000000000000000000000000000000000000110110011011000100 0000000000000000000000000000000000000000000000110110110100101101 0000000000000000000000000000000000000000000000110111000110000111 0000000000000000000000000000000000000000000000110100010000100010
0000000000000000000000000000000000000000000000110000111010110010 0000000000000000000000000000000000000000000000101111000010101001 0000000000000000000000000000000000000000000000110100011111110100 0000000000000000000000000000000000000000000000110011010100110011 0000000000000000000000000000000000000000000000110101001010010101 0000000000000000000000000000000000000000000000110011110111001001
0000000000000000000000000000000000000000000000110011100110011100 0000000000000000000000000000000000000000000000110100100001001101 0000000000000000000000000000000000000000000000110111010011011000 0000000000000000000000000000000000000000000000110111111000100111 0000000000000000000000000000000000000000000000110100101000110101 0000000000000000000000000000000000000000000000110000110110101010
0000000000000000000000000000000000000000000000110101010011111110 0000000000000000000000000000000000000000000000110010000011011101 0000000000000000000000000000000000000000000000110011001101110001 0000000000000000000000000000000000000000000000110001100001011010 0000000000000000000000000000000000000000000000110001110011000111 0000000000000000000000000000000000000000000000110010110111011111
0000000000000000000000000000000000000000000000000000000000000000 0000000000000000000000000000000000000000000000000000000000000000 0000000000000000000000000000000000000000000000000000000000000000 0000000000000000000000000000000000000000000000000000000000000000 0000000000000000000000000000000000000000000000000000000000000000 0000000000000000000000000000000000000000000000000000000000000000
0000000000000000000000000000000000000000000000000000000000000000 0000000000000000000000000000000000000000000000000000000000000000 0000000000000000000000000000000000000000000000000000000000000000 0000000000000000000000000000000000000000000000000000000000000000 0000000000000000000000000000000000000000000000000000000000000000 0000000000000000000000000000000000000000000000000000000000000000
0000000000000000000000000000000000000000000000000000000000000000 0000000000000000000000000000000000000000000000000000000000000000 0000000000000000000000000000000000000000000000000000000000000000 0000000000000000000000000000000000000000000000000000000000000000 0000000000000000000000000000000000000000000000000000000000000000 0000000000000000000000000000000000000000000000000000000000000000
0000000000000000000000000000000000000000000000000000000000000000 0000000000000000000000000000000000000000000000000000000000000000 0000000000000000000000000000000000000000000000000000000000000000 0000000000000000000000000000000000000000000000000000000000000000 0000000000000000000000000000000000000000000000000000000000000000 0000000000000000000000000000000000000000000000000000000000000000
0000000000000000000000000000000000000000000000000000000000000000 0000000000000000000000000000000000000000000000000000000000000000 0000000000000000000000000000000000000000000000000000000000000000 0000000000000000000000000000000000000000000000000000000000000000 0000000000000000000000000000000000000000000000000000000000000000 0000000000000000000000000000000000000000000000000000000000000000
0000000000000000000000000000000000000000000000000000000000000000 0000000000000000000000000000000000000000000000000000000000000000 0000000000000000000000000000000000000000000000000000000000000000 0000000000000000000000000000000000000000000000000000000000000000 0000000000000000000000000000000000000000000000000000000000000000 0000000000000000000000000000000000000000000000000000000000000000
0000000000000000000000000000000000000000000000010011001110010101 0000000000000000000000000000000000000000000000010101000001010000 0000000000000000000000000000000000000000000000010001010010011010 0000000000000000000000000000000000000000000000010011010110010101 0000000000000000000000000000000000000000000000010011111100100000 0000000000000000000000000000000000000000000000001111111111110101
0000000000000000000000000000000000000000000000010000000000110010 0000000000000000000000000000000000000000000000010100110100100010 0000000000000000000000000000000000000000000000010101011110110110 0000000000000000000000000000000000000000000000001111001100101000 0000000000000000000000000000000000000000000000010001100100101001 0000000000000000000000000000000000000000000000010100001110001111
0000000000000000000000000000000000000000000000010001010010000101 0000000000000000000000000000000000000000000000001111000000001111 0000000000000000000000000000000000000000000000001111001101101100 0000000000000000000000000000000000000000000000010100000010010011 0000000000000000000000000000000000000000000000010001110111010011 0000000000000000000000000000000000000000000000010001000101011000
0000000000000000000000000000000000000000000000010001110110101011 0000000000000000000000000000000000000000000000010001110001111100 0000000000000000000000000000000000000000000000010100101100001111 0000000000000000000000000000000000000000000000010011110101010001 0000000000000000000000000000000000000000000000010011001011010010 0000000000000000000000000000000000000000000000010100100110101001
0000000000000000000000000000000000000000000000001110100111110001 0000000000000000000000000000000000000000000000001110110001011100 0000000000000000000000000000000000000000000000010000110111101100 0000000000000000000000000000000000000000000000010100000000100101 0000000000000000000000000000000000000000000000010010010111110100 0000000000000000000000000000000000000000000000010010100001001010
0000000000000000000000000000000000000000000000010010001100111010 0000000000000000000000000000000000000000000000010101110001000010 0000000000000000000000000000000000000000000000010011010001011010 0000000000000000000000000000000000000000000000010000101111000111 0000000000000000000000000000000000000000000000010011010011011010 0000000000000000000000000000000000000000000000010001011011011010
0000000000000000000000000000000000000000000000000000000000000000 0000000000000000000000000000000000000000000000000000000000000000 0000000000000000000000000000000000000000000000000000000000000000 0000000000000000000000000000000000000000000000000000000000000000 0000000000000000000000000000000000000000000000000000000000000000 0000000000000000000000000000000000000000000000000000000000000000
0000000000000000000000000000000000000000000000000000000000000000 0000000000000000000000000000000000000000000000000000000000000000 0000000000000000000000000000000000000000000000000000000000000000 0000000000000000000000000000000000000000000000000000000000000000 0000000000000000000000000000000000000000000000000000000000000000 0000000000000000000000000000000000000000000000000000000000000000
0000000000000000000000000000000000000000000000000000000000000000 0000000000000000000000000000000000000000000000000000000000000000 0000000000000000000000000000000000000000000000000000000000000000 0000000000000000000000000000000000000000000000000000000000000000 0000000000000000000000000000000000000000000000000000000000000000 0000000000000000000000000000000000000000000000000000000000000000
0000000000000000000000000000000000000000000000000000000000000000 0000000000000000000000000000000000000000000000000000000000000000 0000000000000000000000000000000000000000000000000000000000000000 0000000000000000000000000000000000000000000000000000000000000000 0000000000000000000000000000000000000000000000000000000000000000 0000000000000000000000000000000000000000000000000000000000000000
0000000000000000000000000000000000000000000000000000000000000000 0000000000000000000000000000000000000000000000000000000000000000 0000000000000000000000000000000000000000000000000000000000000000 0000000000000000000000000000000000000000000000000000000000000000 0000000000000000000000000000000000000000000000000000000000000000 0000000000000000000000000000000000000000000000000000000000000000
0000000000000000000000000000000000000000000000000000000000000000 0000000000000000000000000000000000000000000000000000000000000000 0000000000000000000000000000000000000000000000000000000000000000 0000000000000000000000000000000000000000000000000000000000000000 0000000000000000000000000000000000000000000000000000000000000000 0000000000000000000000000000000000000000000000000000000000000000
