0 0 0 0
0 0 0 0
0 0 0 0
0 0 0 0

0 0 0 0
0 0 0 0
0 0 0 0
0 0 0 0

747009 777780 803686 742145
710006 713191 736765 762445
676800 745149 709671 715683
661057 747291 703415 598508

0 0 0 0
0 0 0 0
0 0 0 0
0 0 0 0

0 0 0 0
0 0 0 0
0 0 0 0
0 0 0 0

0 0 0 0
0 0 0 0
0 0 0 0
0 0 0 0

0 0 0 0
0 0 0 0
0 0 0 0
0 0 0 0

0 0 0 0
0 0 0 0
0 0 0 0
0 0 0 0

0 0 0 0
0 0 0 0
0 0 0 0
0 0 0 0

0 0 0 0
0 0 0 0
0 0 0 0
0 0 0 0

1995332 1971976 1941509 1945205
1992543 1971774 1986919 1936107
2017257 1915789 1952557 1978568
1997741 1979373 1997509 1967510

0 0 0 0
0 0 0 0
0 0 0 0
0 0 0 0

0 0 0 0
0 0 0 0
0 0 0 0
0 0 0 0

663002 730423 744539 674325
656705 678871 700933 722199
696909 713505 666463 673932
677241 711719 636187 609237

0 0 0 0
0 0 0 0
0 0 0 0
0 0 0 0

1005615 1051166 1006859 1003881
1035546 1030135 987266 935841
1001179 981577 1006282 1048749
1040502 932925 953070 986950

