0 0 0 0 0 0
0 0 0 0 0 0
0 0 0 0 0 0
0 0 0 0 0 0
0 0 0 0 0 0
0 0 0 0 0 0

0 0 0 0 0 0
0 0 0 0 0 0
0 0 0 0 0 0
0 0 0 0 0 0
0 0 0 0 0 0
0 0 0 0 0 0

101921 101872 101872 94637 94637 93334
101921 97089 97089 94637 98371 98371
97375 97402 103611 103611 98371 98371
97375 97402 103611 103611 97822 94180
101720 96859 96859 91893 94180 94180
101720 96648 96648 91893 91893 75598

225676 225676 223607 214414 219193 219193
225676 225676 214414 220484 220484 214499
213655 226642 226659 226659 220484 210745
217613 226642 226659 226659 210745 210745
219108 225502 225502 223042 208620 208620
219108 219108 212673 198694 202469 202469

134474 134474 130828 125897 130402 130402
134474 134474 130828 139370 139370 130402
140637 127029 122210 139370 139370 108383
140637 127029 122210 115601 127668 127668
127078 120547 128300 128300 127668 127668
127078 120547 128300 128300 99285 97939

96355 107185 110863 110863 104729 98274
109398 107185 110863 110863 104729 98274
109398 104872 104295 108962 108962 104275
105561 101200 94811 108962 108962 104275
98106 110212 110212 98747 98747 98074
92568 110212 110212 92984 87678 86992

0 0 0 0 0 0
0 0 0 0 0 0
0 0 0 0 0 0
0 0 0 0 0 0
0 0 0 0 0 0
0 0 0 0 0 0

101124 103440 103440 94517 94517 91606
106383 106383 111116 111116 103027 91606
106383 106383 111116 111116 103027 92519
102038 102038 92526 94468 94468 92519
102038 102038 93095 94468 94468 89334
95892 87102 93095 93095 88407 87184

114534 114534 114363 120827 124049 124049
115068 114363 117236 117236 124049 124049
115068 101408 117236 117236 114137 107809
120131 120131 119598 114137 114137 107809
120131 120131 119598 96494 108466 108466
110695 113099 113099 94106 108466 108466

172842 174347 174347 166990 166990 165996
172842 168882 161785 164703 164703 145400
165075 166789 166789 164703 164703 159976
170240 170240 166789 160934 159976 159976
170240 170240 160934 160934 164435 164435
160971 160971 154411 149569 164435 164435

0 0 0 0 0 0
0 0 0 0 0 0
0 0 0 0 0 0
0 0 0 0 0 0
0 0 0 0 0 0
0 0 0 0 0 0

0 0 0 0 0 0
0 0 0 0 0 0
0 0 0 0 0 0
0 0 0 0 0 0
0 0 0 0 0 0
0 0 0 0 0 0

216081 218247 218247 215024 225103 225103
228274 222916 224557 225671 225671 219024
228274 222916 224557 225671 225671 214050
215117 226520 228903 228903 217749 212425
218366 226520 228903 228903 215605 208351
218366 209777 209777 203975 208351 208351

0 0 0 0 0 0
0 0 0 0 0 0
0 0 0 0 0 0
0 0 0 0 0 0
0 0 0 0 0 0
0 0 0 0 0 0

86096 87990 87990 81696 82831 82831
85282 87990 87990 82067 82831 82831
73131 84751 84751 82067 84393 84393
73131 84751 84751 81957 84393 84393
89154 89154 81957 81957 79066 75850
89154 89154 78938 79066 79066 71386

0 0 0 0 0 0
0 0 0 0 0 0
0 0 0 0 0 0
0 0 0 0 0 0
0 0 0 0 0 0
0 0 0 0 0 0

