0000000000000000000000000000000000000000000000000010000011101100 0000000000000000000000000000000000000000000000000001010001001110 0000000000000000000000000000000000000000000000000010001000000001 0000000000000000000000000000000000000000000000000001110111101111 0000000000000000000000000000000000000000000000000001110000110110 0000000000000000000000000000000000000000000000000001101100111000 0000000000000000000000000000000000000000000000000001110000110111 0000000000000000000000000000000000000000000000000001101110011100
0000000000000000000000000000000000000000000000000001011111101011 0000000000000000000000000000000000000000000000000001101110011110 0000000000000000000000000000000000000000000000000001110001100101 0000000000000000000000000000000000000000000000000010001110100001 0000000000000000000000000000000000000000000000000010001100010101 0000000000000000000000000000000000000000000000000001110010001111 0000000000000000000000000000000000000000000000000001111000000000 0000000000000000000000000000000000000000000000000010001000100110
0000000000000000000000000000000000000000000000000010011111111111 0000000000000000000000000000000000000000000000000010000101100000 0000000000000000000000000000000000000000000000000001110101001001 0000000000000000000000000000000000000000000000000001111010000000 0000000000000000000000000000000000000000000000000001101110100100 0000000000000000000000000000000000000000000000000001101101101000 0000000000000000000000000000000000000000000000000001101000111110 0000000000000000000000000000000000000000000000000001100101011011
0000000000000000000000000000000000000000000000000010000011111000 0000000000000000000000000000000000000000000000000001111100001111 0000000000000000000000000000000000000000000000000001110011000011 0000000000000000000000000000000000000000000000000010000111100101 0000000000000000000000000000000000000000000000000001110100101101 0000000000000000000000000000000000000000000000000010000100001100 0000000000000000000000000000000000000000000000000001011110010000 0000000000000000000000000000000000000000000000000001111110110100
0000000000000000000000000000000000000000000000000001111101011110 0000000000000000000000000000000000000000000000000001101011100010 0000000000000000000000000000000000000000000000000001111111010100 0000000000000000000000000000000000000000000000000010100000011110 0000000000000000000000000000000000000000000000000001111111111011 0000000000000000000000000000000000000000000000000001011110110101 0000000000000000000000000000000000000000000000000001111111101000 0000000000000000000000000000000000000000000000000001111100011111
0000000000000000000000000000000000000000000000000010001000001100 0000000000000000000000000000000000000000000000000010000010111011 0000000000000000000000000000000000000000000000000010010000000001 0000000000000000000000000000000000000000000000000001101101000101 0000000000000000000000000000000000000000000000000001111111101011 0000000000000000000000000000000000000000000000000001101010111100 0000000000000000000000000000000000000000000000000001111011101110 0000000000000000000000000000000000000000000000000001110101010001
0000000000000000000000000000000000000000000000000001110111101111 0000000000000000000000000000000000000000000000000010000001111100 0000000000000000000000000000000000000000000000000010011101010001 0000000000000000000000000000000000000000000000000001011011111100 0000000000000000000000000000000000000000000000000001100101111100 0000000000000000000000000000000000000000000000000001111010110100 0000000000000000000000000000000000000000000000000010000110011001 0000000000000000000000000000000000000000000000000001111100100110
0000000000000000000000000000000000000000000000000001101011111001 0000000000000000000000000000000000000000000000000001011101001001 0000000000000000000000000000000000000000000000000001111111100100 0000000000000000000000000000000000000000000000000001100101111101 0000000000000000000000000000000000000000000000000001101010100110 0000000000000000000000000000000000000000000000000001100001111001 0000000000000000000000000000000000000000000000000001100001101111 0000000000000000000000000000000000000000000000000001110111011010
0000000000000000000000000000000000000000000000000000000000000000 0000000000000000000000000000000000000000000000000000000000000000 0000000000000000000000000000000000000000000000000000000000000000 0000000000000000000000000000000000000000000000000000000000000000 0000000000000000000000000000000000000000000000000000000000000000 0000000000000000000000000000000000000000000000000000000000000000 0000000000000000000000000000000000000000000000000000000000000000 0000000000000000000000000000000000000000000000000000000000000000
0000000000000000000000000000000000000000000000000000000000000000 0000000000000000000000000000000000000000000000000000000000000000 0000000000000000000000000000000000000000000000000000000000000000 0000000000000000000000000000000000000000000000000000000000000000 0000000000000000000000000000000000000000000000000000000000000000 0000000000000000000000000000000000000000000000000000000000000000 0000000000000000000000000000000000000000000000000000000000000000 0000000000000000000000000000000000000000000000000000000000000000
0000000000000000000000000000000000000000000000000000000000000000 0000000000000000000000000000000000000000000000000000000000000000 0000000000000000000000000000000000000000000000000000000000000000 0000000000000000000000000000000000000000000000000000000000000000 0000000000000000000000000000000000000000000000000000000000000000 0000000000000000000000000000000000000000000000000000000000000000 0000000000000000000000000000000000000000000000000000000000000000 0000000000000000000000000000000000000000000000000000000000000000
0000000000000000000000000000000000000000000000000000000000000000 0000000000000000000000000000000000000000000000000000000000000000 0000000000000000000000000000000000000000000000000000000000000000 0000000000000000000000000000000000000000000000000000000000000000 0000000000000000000000000000000000000000000000000000000000000000 0000000000000000000000000000000000000000000000000000000000000000 0000000000000000000000000000000000000000000000000000000000000000 0000000000000000000000000000000000000000000000000000000000000000
0000000000000000000000000000000000000000000000000000000000000000 0000000000000000000000000000000000000000000000000000000000000000 0000000000000000000000000000000000000000000000000000000000000000 0000000000000000000000000000000000000000000000000000000000000000 0000000000000000000000000000000000000000000000000000000000000000 0000000000000000000000000000000000000000000000000000000000000000 0000000000000000000000000000000000000000000000000000000000000000 0000000000000000000000000000000000000000000000000000000000000000
0000000000000000000000000000000000000000000000000000000000000000 0000000000000000000000000000000000000000000000000000000000000000 0000000000000000000000000000000000000000000000000000000000000000 0000000000000000000000000000000000000000000000000000000000000000 0000000000000000000000000000000000000000000000000000000000000000 0000000000000000000000000000000000000000000000000000000000000000 0000000000000000000000000000000000000000000000000000000000000000 0000000000000000000000000000000000000000000000000000000000000000
0000000000000000000000000000000000000000000000000000000000000000 0000000000000000000000000000000000000000000000000000000000000000 0000000000000000000000000000000000000000000000000000000000000000 0000000000000000000000000000000000000000000000000000000000000000 0000000000000000000000000000000000000000000000000000000000000000 0000000000000000000000000000000000000000000000000000000000000000 0000000000000000000000000000000000000000000000000000000000000000 0000000000000000000000000000000000000000000000000000000000000000
0000000000000000000000000000000000000000000000000000000000000000 0000000000000000000000000000000000000000000000000000000000000000 0000000000000000000000000000000000000000000000000000000000000000 0000000000000000000000000000000000000000000000000000000000000000 0000000000000000000000000000000000000000000000000000000000000000 0000000000000000000000000000000000000000000000000000000000000000 0000000000000000000000000000000000000000000000000000000000000000 0000000000000000000000000000000000000000000000000000000000000000
0000000000000000000000000000000000000000000000000100001001001100 0000000000000000000000000000000000000000000000000011111101000011 0000000000000000000000000000000000000000000000000100110011100101 0000000000000000000000000000000000000000000000000101001011000001 0000000000000000000000000000000000000000000000000100000111011000 0000000000000000000000000000000000000000000000000100010110100001 0000000000000000000000000000000000000000000000000100010111000111 0000000000000000000000000000000000000000000000000100010100001101
0000000000000000000000000000000000000000000000000100000110111001 0000000000000000000000000000000000000000000000000100010100000101 0000000000000000000000000000000000000000000000000100111100100110 0000000000000000000000000000000000000000000000000100000010100001 0000000000000000000000000000000000000000000000000100101111101101 0000000000000000000000000000000000000000000000000100001100011110 0000000000000000000000000000000000000000000000000100010010111101 0000000000000000000000000000000000000000000000000100010010110000
0000000000000000000000000000000000000000000000000101000111110110 0000000000000000000000000000000000000000000000000011111011000111 0000000000000000000000000000000000000000000000000100001101101111 0000000000000000000000000000000000000000000000000100101100101001 0000000000000000000000000000000000000000000000000100010011101001 0000000000000000000000000000000000000000000000000100001011111011 0000000000000000000000000000000000000000000000000100011001001101 0000000000000000000000000000000000000000000000000011110110001010
0000000000000000000000000000000000000000000000000100001010100000 0000000000000000000000000000000000000000000000000100000111001000 0000000000000000000000000000000000000000000000000100000110101111 0000000000000000000000000000000000000000000000000100100110010000 0000000000000000000000000000000000000000000000000100011010001010 0000000000000000000000000000000000000000000000000100100000000101 0000000000000000000000000000000000000000000000000100010000110011 0000000000000000000000000000000000000000000000000100101100010100
0000000000000000000000000000000000000000000000000100000001101000 0000000000000000000000000000000000000000000000000100000010011010 0000000000000000000000000000000000000000000000000100001011000111 0000000000000000000000000000000000000000000000000100010010000010 0000000000000000000000000000000000000000000000000100011001001001 0000000000000000000000000000000000000000000000000100010011011000 0000000000000000000000000000000000000000000000000100000100001100 0000000000000000000000000000000000000000000000000100001110011010
0000000000000000000000000000000000000000000000000011110011011101 0000000000000000000000000000000000000000000000000011111000010011 0000000000000000000000000000000000000000000000000100100110011010 0000000000000000000000000000000000000000000000000100010000001011 0000000000000000000000000000000000000000000000000011111111001001 0000000000000000000000000000000000000000000000000100100010011000 0000000000000000000000000000000000000000000000000100010100011011 0000000000000000000000000000000000000000000000000100011100111101
0000000000000000000000000000000000000000000000000100001001001101 0000000000000000000000000000000000000000000000000011111100010101 0000000000000000000000000000000000000000000000000100101011000110 0000000000000000000000000000000000000000000000000100100101100001 0000000000000000000000000000000000000000000000000100000111001111 0000000000000000000000000000000000000000000000000100010001101111 0000000000000000000000000000000000000000000000000100000011101010 0000000000000000000000000000000000000000000000000100001010011001
0000000000000000000000000000000000000000000000000100011101110000 0000000000000000000000000000000000000000000000000100000101000101 0000000000000000000000000000000000000000000000000100010100000000 0000000000000000000000000000000000000000000000000100010101101110 0000000000000000000000000000000000000000000000000100000111100011 0000000000000000000000000000000000000000000000000100000100010011 0000000000000000000000000000000000000000000000000100100001010000 0000000000000000000000000000000000000000000000000100100001000111
0000000000000000000000000000000000000000000000000110110100010111 0000000000000000000000000000000000000000000000000110110011010110 0000000000000000000000000000000000000000000000000111001111001100 0000000000000000000000000000000000000000000000000110100011011010 0000000000000000000000000000000000000000000000000110111001001101 0000000000000000000000000000000000000000000000000110101111101000 0000000000000000000000000000000000000000000000000110111110001110 0000000000000000000000000000000000000000000000000110101010011001
0000000000000000000000000000000000000000000000000110101111010011 0000000000000000000000000000000000000000000000000110111110110110 0000000000000000000000000000000000000000000000000111000001100100 0000000000000000000000000000000000000000000000000110110110111010 0000000000000000000000000000000000000000000000000111010010111010 0000000000000000000000000000000000000000000000000111001010101010 0000000000000000000000000000000000000000000000000110111111000000 0000000000000000000000000000000000000000000000000110111111010101
0000000000000000000000000000000000000000000000000111111110000001 0000000000000000000000000000000000000000000000000111001000100000 0000000000000000000000000000000000000000000000000111010000001011 0000000000000000000000000000000000000000000000000111100101111110 0000000000000000000000000000000000000000000000000111010001000111 0000000000000000000000000000000000000000000000000111010010010000 0000000000000000000000000000000000000000000000000111001001011110 0000000000000000000000000000000000000000000000000110011011101100
0000000000000000000000000000000000000000000000000111010000101101 0000000000000000000000000000000000000000000000000110101101110110 0000000000000000000000000000000000000000000000000111000010000110 0000000000000000000000000000000000000000000000000111010110101011 0000000000000000000000000000000000000000000000000111001010100110 0000000000000000000000000000000000000000000000000110111010001011 0000000000000000000000000000000000000000000000000111001010000011 0000000000000000000000000000000000000000000000000110111101001011
0000000000000000000000000000000000000000000000000110110101110101 0000000000000000000000000000000000000000000000000111000011101100 0000000000000000000000000000000000000000000000000111000000011011 0000000000000000000000000000000000000000000000000110110001110011 0000000000000000000000000000000000000000000000000111011011001011 0000000000000000000000000000000000000000000000000110111001100100 0000000000000000000000000000000000000000000000000111000101010000 0000000000000000000000000000000000000000000000000111000101000001
0000000000000000000000000000000000000000000000000110110010101011 0000000000000000000000000000000000000000000000000111000111101110 0000000000000000000000000000000000000000000000000111001111000111 0000000000000000000000000000000000000000000000000110111010110100 0000000000000000000000000000000000000000000000000110110100100110 0000000000000000000000000000000000000000000000000110110101001100 0000000000000000000000000000000000000000000000000110111011000101 0000000000000000000000000000000000000000000000000111001011010111
0000000000000000000000000000000000000000000000000110111101111001 0000000000000000000000000000000000000000000000000110111010111000 0000000000000000000000000000000000000000000000000110111000001100 0000000000000000000000000000000000000000000000000110110000110101 0000000000000000000000000000000000000000000000000111000000100010 0000000000000000000000000000000000000000000000000110100111111000 0000000000000000000000000000000000000000000000000110100100000010 0000000000000000000000000000000000000000000000000110101100010110
0000000000000000000000000000000000000000000000000110101010001110 0000000000000000000000000000000000000000000000000110110110101010 0000000000000000000000000000000000000000000000000111000111110011 0000000000000000000000000000000000000000000000000111000011110011 0000000000000000000000000000000000000000000000000110111001100111 0000000000000000000000000000000000000000000000000111001000011001 0000000000000000000000000000000000000000000000000110110101110101 0000000000000000000000000000000000000000000000000111001101001011
0000000000000000000000000000000000000000000000000000111111111111 0000000000000000000000000000000000000000000000000001101110001101 0000000000000000000000000000000000000000000000000001100110001011 0000000000000000000000000000000000000000000000000001110011000010 0000000000000000000000000000000000000000000000000001001001010100 0000000000000000000000000000000000000000000000000001010111010010 0000000000000000000000000000000000000000000000000001011111101001 0000000000000000000000000000000000000000000000000001110101110010
0000000000000000000000000000000000000000000000000001111011100011 0000000000000000000000000000000000000000000000000001110111010001 0000000000000000000000000000000000000000000000000001010111111111 0000000000000000000000000000000000000000000000000001010101101000 0000000000000000000000000000000000000000000000000010010110100000 0000000000000000000000000000000000000000000000000001101100111100 0000000000000000000000000000000000000000000000000001011100010000 0000000000000000000000000000000000000000000000000001111010010001
0000000000000000000000000000000000000000000000000001110110010010 0000000000000000000000000000000000000000000000000001110100101010 0000000000000000000000000000000000000000000000000001000011110111 0000000000000000000000000000000000000000000000000001101111100001 0000000000000000000000000000000000000000000000000001100101011010 0000000000000000000000000000000000000000000000000001110011000110 0000000000000000000000000000000000000000000000000001011010000110 0000000000000000000000000000000000000000000000000001000111010001
0000000000000000000000000000000000000000000000000001000001011001 0000000000000000000000000000000000000000000000000001011110011101 0000000000000000000000000000000000000000000000000001011111001001 0000000000000000000000000000000000000000000000000010000111110110 0000000000000000000000000000000000000000000000000001111011000010 0000000000000000000000000000000000000000000000000001000110101101 0000000000000000000000000000000000000000000000000001011000011001 0000000000000000000000000000000000000000000000000001101110100000
0000000000000000000000000000000000000000000000000001011101010101 0000000000000000000000000000000000000000000000000001011111101000 0000000000000000000000000000000000000000000000000001011110101010 0000000000000000000000000000000000000000000000000001110001001101 0000000000000000000000000000000000000000000000000001010110101010 0000000000000000000000000000000000000000000000000010100001010010 0000000000000000000000000000000000000000000000000001011011101010 0000000000000000000000000000000000000000000000000001100011000011
0000000000000000000000000000000000000000000000000001100000011101 0000000000000000000000000000000000000000000000000001100111101000 0000000000000000000000000000000000000000000000000010001011010101 0000000000000000000000000000000000000000000000000001011110110010 0000000000000000000000000000000000000000000000000001011011001000 0000000000000000000000000000000000000000000000000001001101101011 0000000000000000000000000000000000000000000000000001010101001101 0000000000000000000000000000000000000000000000000001101000001001
0000000000000000000000000000000000000000000000000001011101010111 0000000000000000000000000000000000000000000000000001010000000101 0000000000000000000000000000000000000000000000000001111110011011 0000000000000000000000000000000000000000000000000001011100110110 0000000000000000000000000000000000000000000000000001010100001110 0000000000000000000000000000000000000000000000000001101001100010 0000000000000000000000000000000000000000000000000001011101110000 0000000000000000000000000000000000000000000000000001000000101101
0000000000000000000000000000000000000000000000000001001110010000 0000000000000000000000000000000000000000000000000001101010101001 0000000000000000000000000000000000000000000000000001001100111110 0000000000000000000000000000000000000000000000000001001001111010 0000000000000000000000000000000000000000000000000001011010100101 0000000000000000000000000000000000000000000000000001000000011100 0000000000000000000000000000000000000000000000000001010010100100 0000000000000000000000000000000000000000000000000001101111110011
0000000000000000000000000000000000000000000000000110101111101100 0000000000000000000000000000000000000000000000000110010011000001 0000000000000000000000000000000000000000000000000110101011110010 0000000000000000000000000000000000000000000000000111100001100010 0000000000000000000000000000000000000000000000000110001001010000 0000000000000000000000000000000000000000000000000110011101011101 0000000000000000000000000000000000000000000000000110101001000110 0000000000000000000000000000000000000000000000000111000001110000
0000000000000000000000000000000000000000000000000110100010010001 0000000000000000000000000000000000000000000000000110011000000101 0000000000000000000000000000000000000000000000000110100011110111 0000000000000000000000000000000000000000000000000110101101101110 0000000000000000000000000000000000000000000000000110110011111100 0000000000000000000000000000000000000000000000000110101100000000 0000000000000000000000000000000000000000000000000110111010011100 0000000000000000000000000000000000000000000000000110101101011100
0000000000000000000000000000000000000000000000000110001111001010 0000000000000000000000000000000000000000000000000110100001000111 0000000000000000000000000000000000000000000000000111000110001110 0000000000000000000000000000000000000000000000000111000111001100 0000000000000000000000000000000000000000000000000111010010010011 0000000000000000000000000000000000000000000000000110111111010101 0000000000000000000000000000000000000000000000000110100010110010 0000000000000000000000000000000000000000000000000110110101011011
0000000000000000000000000000000000000000000000000110100100110001 0000000000000000000000000000000000000000000000000110110100010100 0000000000000000000000000000000000000000000000000110110100110111 0000000000000000000000000000000000000000000000000111000011100101 0000000000000000000000000000000000000000000000000111000111100011 0000000000000000000000000000000000000000000000000110101110110111 0000000000000000000000000000000000000000000000000110111111101001 0000000000000000000000000000000000000000000000000110000101010011
0000000000000000000000000000000000000000000000000110101100001011 0000000000000000000000000000000000000000000000000101111100111000 0000000000000000000000000000000000000000000000000110010110111111 0000000000000000000000000000000000000000000000000101111111010111 0000000000000000000000000000000000000000000000000110101101000000 0000000000000000000000000000000000000000000000000110011111000110 0000000000000000000000000000000000000000000000000110000001000000 0000000000000000000000000000000000000000000000000110010000011110
0000000000000000000000000000000000000000000000000110110001010111 0000000000000000000000000000000000000000000000000111000101101000 0000000000000000000000000000000000000000000000000111001001111001 0000000000000000000000000000000000000000000000000111011000111111 0000000000000000000000000000000000000000000000000110010100101010 0000000000000000000000000000000000000000000000000110111101010011 0000000000000000000000000000000000000000000000000110011111010001 0000000000000000000000000000000000000000000000000110110011001011
0000000000000000000000000000000000000000000000000110001001111011 0000000000000000000000000000000000000000000000000110001010000010 0000000000000000000000000000000000000000000000000110111000101000 0000000000000000000000000000000000000000000000000111000011111100 0000000000000000000000000000000000000000000000000110011010011100 0000000000000000000000000000000000000000000000000110100000001100 0000000000000000000000000000000000000000000000000110011111111001 0000000000000000000000000000000000000000000000000110011000110001
0000000000000000000000000000000000000000000000000110110100010011 0000000000000000000000000000000000000000000000000110100111001101 0000000000000000000000000000000000000000000000000110101011000000 0000000000000000000000000000000000000000000000000110101010101001 0000000000000000000000000000000000000000000000000110101111010110 0000000000000000000000000000000000000000000000000110110101111100 0000000000000000000000000000000000000000000000000110111010111100 0000000000000000000000000000000000000000000000000110010111000000
0000000000000000000000000000000000000000000000000000000000000000 0000000000000000000000000000000000000000000000000000000000000000 0000000000000000000000000000000000000000000000000000000000000000 0000000000000000000000000000000000000000000000000000000000000000 0000000000000000000000000000000000000000000000000000000000000000 0000000000000000000000000000000000000000000000000000000000000000 0000000000000000000000000000000000000000000000000000000000000000 0000000000000000000000000000000000000000000000000000000000000000
0000000000000000000000000000000000000000000000000000000000000000 0000000000000000000000000000000000000000000000000000000000000000 0000000000000000000000000000000000000000000000000000000000000000 0000000000000000000000000000000000000000000000000000000000000000 0000000000000000000000000000000000000000000000000000000000000000 0000000000000000000000000000000000000000000000000000000000000000 0000000000000000000000000000000000000000000000000000000000000000 0000000000000000000000000000000000000000000000000000000000000000
0000000000000000000000000000000000000000000000000000000000000000 0000000000000000000000000000000000000000000000000000000000000000 0000000000000000000000000000000000000000000000000000000000000000 0000000000000000000000000000000000000000000000000000000000000000 0000000000000000000000000000000000000000000000000000000000000000 0000000000000000000000000000000000000000000000000000000000000000 0000000000000000000000000000000000000000000000000000000000000000 0000000000000000000000000000000000000000000000000000000000000000
0000000000000000000000000000000000000000000000000000000000000000 0000000000000000000000000000000000000000000000000000000000000000 0000000000000000000000000000000000000000000000000000000000000000 0000000000000000000000000000000000000000000000000000000000000000 0000000000000000000000000000000000000000000000000000000000000000 0000000000000000000000000000000000000000000000000000000000000000 0000000000000000000000000000000000000000000000000000000000000000 0000000000000000000000000000000000000000000000000000000000000000
0000000000000000000000000000000000000000000000000000000000000000 0000000000000000000000000000000000000000000000000000000000000000 0000000000000000000000000000000000000000000000000000000000000000 0000000000000000000000000000000000000000000000000000000000000000 0000000000000000000000000000000000000000000000000000000000000000 0000000000000000000000000000000000000000000000000000000000000000 0000000000000000000000000000000000000000000000000000000000000000 0000000000000000000000000000000000000000000000000000000000000000
0000000000000000000000000000000000000000000000000000000000000000 0000000000000000000000000000000000000000000000000000000000000000 0000000000000000000000000000000000000000000000000000000000000000 0000000000000000000000000000000000000000000000000000000000000000 0000000000000000000000000000000000000000000000000000000000000000 0000000000000000000000000000000000000000000000000000000000000000 0000000000000000000000000000000000000000000000000000000000000000 0000000000000000000000000000000000000000000000000000000000000000
0000000000000000000000000000000000000000000000000000000000000000 0000000000000000000000000000000000000000000000000000000000000000 0000000000000000000000000000000000000000000000000000000000000000 0000000000000000000000000000000000000000000000000000000000000000 0000000000000000000000000000000000000000000000000000000000000000 0000000000000000000000000000000000000000000000000000000000000000 0000000000000000000000000000000000000000000000000000000000000000 0000000000000000000000000000000000000000000000000000000000000000
0000000000000000000000000000000000000000000000000000000000000000 0000000000000000000000000000000000000000000000000000000000000000 0000000000000000000000000000000000000000000000000000000000000000 0000000000000000000000000000000000000000000000000000000000000000 0000000000000000000000000000000000000000000000000000000000000000 0000000000000000000000000000000000000000000000000000000000000000 0000000000000000000000000000000000000000000000000000000000000000 0000000000000000000000000000000000000000000000000000000000000000
0000000000000000000000000000000000000000000000000010111001110100 0000000000000000000000000000000000000000000000000010011011100101 0000000000000000000000000000000000000000000000000011100110001100 0000000000000000000000000000000000000000000000000010100111101010 0000000000000000000000000000000000000000000000000010110010111111 0000000000000000000000000000000000000000000000000011000110101100 0000000000000000000000000000000000000000000000000010111011001001 0000000000000000000000000000000000000000000000000011010001110100
0000000000000000000000000000000000000000000000000011000001101100 0000000000000000000000000000000000000000000000000011100110101111 0000000000000000000000000000000000000000000000000010110101110100 0000000000000000000000000000000000000000000000000010101100001110 0000000000000000000000000000000000000000000000000011000101100101 0000000000000000000000000000000000000000000000000011001111111001 0000000000000000000000000000000000000000000000000010100010100110 0000000000000000000000000000000000000000000000000011010111110001
0000000000000000000000000000000000000000000000000010111001101011 0000000000000000000000000000000000000000000000000010111011010000 0000000000000000000000000000000000000000000000000010111001010100 0000000000000000000000000000000000000000000000000011000110010001 0000000000000000000000000000000000000000000000000010101110001111 0000000000000000000000000000000000000000000000000010101001011101 0000000000000000000000000000000000000000000000000011000111001001 0000000000000000000000000000000000000000000000000010100101100111
0000000000000000000000000000000000000000000000000010111011011010 0000000000000000000000000000000000000000000000000010100000010100 0000000000000000000000000000000000000000000000000010010111110101 0000000000000000000000000000000000000000000000000010100000100000 0000000000000000000000000000000000000000000000000010001111100000 0000000000000000000000000000000000000000000000000011011111001110 0000000000000000000000000000000000000000000000000010111101010001 0000000000000000000000000000000000000000000000000011100101010101
0000000000000000000000000000000000000000000000000010100101110101 0000000000000000000000000000000000000000000000000010100110001001 0000000000000000000000000000000000000000000000000011011110101111 0000000000000000000000000000000000000000000000000100000000100001 0000000000000000000000000000000000000000000000000011010110100100 0000000000000000000000000000000000000000000000000010101100100101 0000000000000000000000000000000000000000000000000010110001101010 0000000000000000000000000000000000000000000000000010101100110011
0000000000000000000000000000000000000000000000000010010000110001 0000000000000000000000000000000000000000000000000010100011010010 0000000000000000000000000000000000000000000000000011001111100111 0000000000000000000000000000000000000000000000000010111100100110 0000000000000000000000000000000000000000000000000010100101111011 0000000000000000000000000000000000000000000000000010010000110011 0000000000000000000000000000000000000000000000000010111011001110 0000000000000000000000000000000000000000000000000010110100101110
0000000000000000000000000000000000000000000000000010100101001101 0000000000000000000000000000000000000000000000000011000010101011 0000000000000000000000000000000000000000000000000011001000101011 0000000000000000000000000000000000000000000000000010111100011001 0000000000000000000000000000000000000000000000000010101011100011 0000000000000000000000000000000000000000000000000010101011111001 0000000000000000000000000000000000000000000000000010110010010110 0000000000000000000000000000000000000000000000000010111111100110
0000000000000000000000000000000000000000000000000010010100000001 0000000000000000000000000000000000000000000000000010111111001100 0000000000000000000000000000000000000000000000000010100111111110 0000000000000000000000000000000000000000000000000010101001001001 0000000000000000000000000000000000000000000000000011010010100010 0000000000000000000000000000000000000000000000000010101110110100 0000000000000000000000000000000000000000000000000010101011001010 0000000000000000000000000000000000000000000000000011001010010110
0000000000000000000000000000000000000000000000000001000111100110 0000000000000000000000000000000000000000000000000001011100010011 0000000000000000000000000000000000000000000000000001000010001100 0000000000000000000000000000000000000000000000000001010011000010 0000000000000000000000000000000000000000000000000000110010010010 0000000000000000000000000000000000000000000000000001000000000000 0000000000000000000000000000000000000000000000000000110101001111 0000000000000000000000000000000000000000000000000000011000011010
0000000000000000000000000000000000000000000000000000100110011010 0000000000000000000000000000000000000000000000000001001010001111 0000000000000000000000000000000000000000000000000000101000111010 0000000000000000000000000000000000000000000000000001000010101010 0000000000000000000000000000000000000000000000000001000010011101 0000000000000000000000000000000000000000000000000000100010100001 0000000000000000000000000000000000000000000000000001100011100001 0000000000000000000000000000000000000000000000000000100110001100
0000000000000000000000000000000000000000000000000000111110110001 0000000000000000000000000000000000000000000000000001010001010111 0000000000000000000000000000000000000000000000000001001101000111 0000000000000000000000000000000000000000000000000000110000000000 0000000000000000000000000000000000000000000000000001000001101100 0000000000000000000000000000000000000000000000000001000011111101 0000000000000000000000000000000000000000000000000000110011001011 0000000000000000000000000000000000000000000000000001000010110000
0000000000000000000000000000000000000000000000000000101101101011 0000000000000000000000000000000000000000000000000001011000101010 0000000000000000000000000000000000000000000000000001000110110010 0000000000000000000000000000000000000000000000000000111100001000 0000000000000000000000000000000000000000000000000000110000010001 0000000000000000000000000000000000000000000000000001001100011111 0000000000000000000000000000000000000000000000000000101110001011 0000000000000000000000000000000000000000000000000000101011100001
0000000000000000000000000000000000000000000000000000100111011010 0000000000000000000000000000000000000000000000000000111000010011 0000000000000000000000000000000000000000000000000000100111111010 0000000000000000000000000000000000000000000000000001001100101101 0000000000000000000000000000000000000000000000000001000000110000 0000000000000000000000000000000000000000000000000001010011011010 0000000000000000000000000000000000000000000000000001000111011111 0000000000000000000000000000000000000000000000000001100110101010
0000000000000000000000000000000000000000000000000001001100000101 0000000000000000000000000000000000000000000000000001010110000000 0000000000000000000000000000000000000000000000000000111110001101 0000000000000000000000000000000000000000000000000001000011111110 0000000000000000000000000000000000000000000000000001100010111001 0000000000000000000000000000000000000000000000000000101101101111 0000000000000000000000000000000000000000000000000000101110101000 0000000000000000000000000000000000000000000000000000111101111110
0000000000000000000000000000000000000000000000000001001011101110 0000000000000000000000000000000000000000000000000000100011110100 0000000000000000000000000000000000000000000000000001000010100101 0000000000000000000000000000000000000000000000000010000001111100 0000000000000000000000000000000000000000000000000001000100110011 0000000000000000000000000000000000000000000000000000101010000101 0000000000000000000000000000000000000000000000000001001100101011 0000000000000000000000000000000000000000000000000001000110111111
0000000000000000000000000000000000000000000000000000101011010001 0000000000000000000000000000000000000000000000000000100001000010 0000000000000000000000000000000000000000000000000001010000010110 0000000000000000000000000000000000000000000000000000111101101010 0000000000000000000000000000000000000000000000000001001011111000 0000000000000000000000000000000000000000000000000000110101000010 0000000000000000000000000000000000000000000000000000100111110000 0000000000000000000000000000000000000000000000000001010011000110
0000000000000000000000000000000000000000000000000000100100101011 0000000000000000000000000000000000000000000000000001000111011111 0000000000000000000000000000000000000000000000000000010110000000 0000000000000000000000000000000000000000000000000000011011110111 0000000000000000000000000000000000000000000000000000000110110000 0000000000000000000000000000000000000000000000000000011001000011 0000000000000000000000000000000000000000000000000000001101010101 0000000000000000000000000000000000000000000000000000001001100010
0000000000000000000000000000000000000000000000000000010010010100 0000000000000000000000000000000000000000000000000000011000001010 0000000000000000000000000000000000000000000000000000101010111110 0000000000000000000000000000000000000000000000000000011001010001 0000000000000000000000000000000000000000000000000000010100101000 0000000000000000000000000000000000000000000000000000110110001111 0000000000000000000000000000000000000000000000000000010101101111 0000000000000000000000000000000000000000000000000000001010111100
0000000000000000000000000000000000000000000000000000010001010111 0000000000000000000000000000000000000000000000000000010110100110 0000000000000000000000000000000000000000000000000000001001101010 0000000000000000000000000000000000000000000000000000000000000000 0000000000000000000000000000000000000000000000000000010001111110 0000000000000000000000000000000000000000000000000000001000001010 0000000000000000000000000000000000000000000000000000000100100000 0000000000000000000000000000000000000000000000000000000111101111
0000000000000000000000000000000000000000000000000000111110110110 0000000000000000000000000000000000000000000000000000000100010001 0000000000000000000000000000000000000000000000000000011100011100 0000000000000000000000000000000000000000000000000000010000101100 0000000000000000000000000000000000000000000000000001001100110001 0000000000000000000000000000000000000000000000000000110111101011 0000000000000000000000000000000000000000000000000000100100000101 0000000000000000000000000000000000000000000000000000010000000100
0000000000000000000000000000000000000000000000000000111111001100 0000000000000000000000000000000000000000000000000000001101001100 0000000000000000000000000000000000000000000000000000010001110101 0000000000000000000000000000000000000000000000000000100100011100 0000000000000000000000000000000000000000000000000000001011111111 0000000000000000000000000000000000000000000000000000001001100101 0000000000000000000000000000000000000000000000000000100100110111 0000000000000000000000000000000000000000000000000000011001010000
0000000000000000000000000000000000000000000000000000100010101000 0000000000000000000000000000000000000000000000000000011001001010 0000000000000000000000000000000000000000000000000000100010001100 0000000000000000000000000000000000000000000000000000001111001000 0000000000000000000000000000000000000000000000000000100111101111 0000000000000000000000000000000000000000000000000000010011011101 0000000000000000000000000000000000000000000000000000011001100100 0000000000000000000000000000000000000000000000000000011001010000
0000000000000000000000000000000000000000000000000000010100011100 0000000000000000000000000000000000000000000000000000001111111001 0000000000000000000000000000000000000000000000000000011100110000 0000000000000000000000000000000000000000000000000000001101001100 0000000000000000000000000000000000000000000000000000010110001101 0000000000000000000000000000000000000000000000000000001110001100 0000000000000000000000000000000000000000000000000000001110000111 0000000000000000000000000000000000000000000000000000101101111111
0000000000000000000000000000000000000000000000000000101100000111 0000000000000000000000000000000000000000000000000000100010100110 0000000000000000000000000000000000000000000000000000001001110111 0000000000000000000000000000000000000000000000000000010010001111 0000000000000000000000000000000000000000000000000000101000010000 0000000000000000000000000000000000000000000000000000010110110010 0000000000000000000000000000000000000000000000000000101101010110 0000000000000000000000000000000000000000000000000000100000111011
0000000000000000000000000000000000000000000000000000000000000000 0000000000000000000000000000000000000000000000000000000000000000 0000000000000000000000000000000000000000000000000000000000000000 0000000000000000000000000000000000000000000000000000000000000000 0000000000000000000000000000000000000000000000000000000000000000 0000000000000000000000000000000000000000000000000000000000000000 0000000000000000000000000000000000000000000000000000000000000000 0000000000000000000000000000000000000000000000000000000000000000
0000000000000000000000000000000000000000000000000000000000000000 0000000000000000000000000000000000000000000000000000000000000000 0000000000000000000000000000000000000000000000000000000000000000 0000000000000000000000000000000000000000000000000000000000000000 0000000000000000000000000000000000000000000000000000000000000000 0000000000000000000000000000000000000000000000000000000000000000 0000000000000000000000000000000000000000000000000000000000000000 0000000000000000000000000000000000000000000000000000000000000000
0000000000000000000000000000000000000000000000000000000000000000 0000000000000000000000000000000000000000000000000000000000000000 0000000000000000000000000000000000000000000000000000000000000000 0000000000000000000000000000000000000000000000000000000000000000 0000000000000000000000000000000000000000000000000000000000000000 0000000000000000000000000000000000000000000000000000000000000000 0000000000000000000000000000000000000000000000000000000000000000 0000000000000000000000000000000000000000000000000000000000000000
0000000000000000000000000000000000000000000000000000000000000000 0000000000000000000000000000000000000000000000000000000000000000 0000000000000000000000000000000000000000000000000000000000000000 0000000000000000000000000000000000000000000000000000000000000000 0000000000000000000000000000000000000000000000000000000000000000 0000000000000000000000000000000000000000000000000000000000000000 0000000000000000000000000000000000000000000000000000000000000000 0000000000000000000000000000000000000000000000000000000000000000
0000000000000000000000000000000000000000000000000000000000000000 0000000000000000000000000000000000000000000000000000000000000000 0000000000000000000000000000000000000000000000000000000000000000 0000000000000000000000000000000000000000000000000000000000000000 0000000000000000000000000000000000000000000000000000000000000000 0000000000000000000000000000000000000000000000000000000000000000 0000000000000000000000000000000000000000000000000000000000000000 0000000000000000000000000000000000000000000000000000000000000000
0000000000000000000000000000000000000000000000000000000000000000 0000000000000000000000000000000000000000000000000000000000000000 0000000000000000000000000000000000000000000000000000000000000000 0000000000000000000000000000000000000000000000000000000000000000 0000000000000000000000000000000000000000000000000000000000000000 0000000000000000000000000000000000000000000000000000000000000000 0000000000000000000000000000000000000000000000000000000000000000 0000000000000000000000000000000000000000000000000000000000000000
0000000000000000000000000000000000000000000000000000000000000000 0000000000000000000000000000000000000000000000000000000000000000 0000000000000000000000000000000000000000000000000000000000000000 0000000000000000000000000000000000000000000000000000000000000000 0000000000000000000000000000000000000000000000000000000000000000 0000000000000000000000000000000000000000000000000000000000000000 0000000000000000000000000000000000000000000000000000000000000000 0000000000000000000000000000000000000000000000000000000000000000
0000000000000000000000000000000000000000000000000000000000000000 0000000000000000000000000000000000000000000000000000000000000000 0000000000000000000000000000000000000000000000000000000000000000 0000000000000000000000000000000000000000000000000000000000000000 0000000000000000000000000000000000000000000000000000000000000000 0000000000000000000000000000000000000000000000000000000000000000 0000000000000000000000000000000000000000000000000000000000000000 0000000000000000000000000000000000000000000000000000000000000000
0000000000000000000000000000000000000000000000000011001110100101 0000000000000000000000000000000000000000000000000010100111110001 0000000000000000000000000000000000000000000000000011101001001011 0000000000000000000000000000000000000000000000000011100100000101 0000000000000000000000000000000000000000000000000010111111111010 0000000000000000000000000000000000000000000000000011010011001100 0000000000000000000000000000000000000000000000000011011000100000 0000000000000000000000000000000000000000000000000010110101011010
0000000000000000000000000000000000000000000000000011001110110011 0000000000000000000000000000000000000000000000000011001101111111 0000000000000000000000000000000000000000000000000011010010001110 0000000000000000000000000000000000000000000000000011111001000110 0000000000000000000000000000000000000000000000000011001010100110 0000000000000000000000000000000000000000000000000010111001111000 0000000000000000000000000000000000000000000000000011011110001011 0000000000000000000000000000000000000000000000000011011000011001
0000000000000000000000000000000000000000000000000011010010001100 0000000000000000000000000000000000000000000000000011011010011101 0000000000000000000000000000000000000000000000000010110111001000 0000000000000000000000000000000000000000000000000011000001100110 0000000000000000000000000000000000000000000000000010111001011101 0000000000000000000000000000000000000000000000000011001000010010 0000000000000000000000000000000000000000000000000011010111100100 0000000000000000000000000000000000000000000000000010111110011111
0000000000000000000000000000000000000000000000000011010101001111 0000000000000000000000000000000000000000000000000011011011010101 0000000000000000000000000000000000000000000000000011010010101011 0000000000000000000000000000000000000000000000000010110110101010 0000000000000000000000000000000000000000000000000010111110000010 0000000000000000000000000000000000000000000000000011010111101010 0000000000000000000000000000000000000000000000000010111011100100 0000000000000000000000000000000000000000000000000010111011000111
0000000000000000000000000000000000000000000000000011011111110111 0000000000000000000000000000000000000000000000000010111000110000 0000000000000000000000000000000000000000000000000011000100000100 0000000000000000000000000000000000000000000000000010111111100011 0000000000000000000000000000000000000000000000000011100000111000 0000000000000000000000000000000000000000000000000011010001101100 0000000000000000000000000000000000000000000000000010111001101010 0000000000000000000000000000000000000000000000000010101111101100
0000000000000000000000000000000000000000000000000010110100011010 0000000000000000000000000000000000000000000000000010110010110000 0000000000000000000000000000000000000000000000000011100101001011 0000000000000000000000000000000000000000000000000011100010010100 0000000000000000000000000000000000000000000000000011011001111001 0000000000000000000000000000000000000000000000000011001010100000 0000000000000000000000000000000000000000000000000010111101011110 0000000000000000000000000000000000000000000000000011011010101011
0000000000000000000000000000000000000000000000000011011101010010 0000000000000000000000000000000000000000000000000011010100001101 0000000000000000000000000000000000000000000000000011000000001010 0000000000000000000000000000000000000000000000000011100011101111 0000000000000000000000000000000000000000000000000011001001001110 0000000000000000000000000000000000000000000000000011100001111100 0000000000000000000000000000000000000000000000000010111101001101 0000000000000000000000000000000000000000000000000011100101110101
0000000000000000000000000000000000000000000000000011001010010011 0000000000000000000000000000000000000000000000000011000100111001 0000000000000000000000000000000000000000000000000011010111010110 0000000000000000000000000000000000000000000000000011011010101100 0000000000000000000000000000000000000000000000000010101010111101 0000000000000000000000000000000000000000000000000011001011100111 0000000000000000000000000000000000000000000000000011001011001011 0000000000000000000000000000000000000000000000000011000001100100
0000000000000000000000000000000000000000000000000000000000000000 0000000000000000000000000000000000000000000000000000000000000000 0000000000000000000000000000000000000000000000000000000000000000 0000000000000000000000000000000000000000000000000000000000000000 0000000000000000000000000000000000000000000000000000000000000000 0000000000000000000000000000000000000000000000000000000000000000 0000000000000000000000000000000000000000000000000000000000000000 0000000000000000000000000000000000000000000000000000000000000000
0000000000000000000000000000000000000000000000000000000000000000 0000000000000000000000000000000000000000000000000000000000000000 0000000000000000000000000000000000000000000000000000000000000000 0000000000000000000000000000000000000000000000000000000000000000 0000000000000000000000000000000000000000000000000000000000000000 0000000000000000000000000000000000000000000000000000000000000000 0000000000000000000000000000000000000000000000000000000000000000 0000000000000000000000000000000000000000000000000000000000000000
0000000000000000000000000000000000000000000000000000000000000000 0000000000000000000000000000000000000000000000000000000000000000 0000000000000000000000000000000000000000000000000000000000000000 0000000000000000000000000000000000000000000000000000000000000000 0000000000000000000000000000000000000000000000000000000000000000 0000000000000000000000000000000000000000000000000000000000000000 0000000000000000000000000000000000000000000000000000000000000000 0000000000000000000000000000000000000000000000000000000000000000
0000000000000000000000000000000000000000000000000000000000000000 0000000000000000000000000000000000000000000000000000000000000000 0000000000000000000000000000000000000000000000000000000000000000 0000000000000000000000000000000000000000000000000000000000000000 0000000000000000000000000000000000000000000000000000000000000000 0000000000000000000000000000000000000000000000000000000000000000 0000000000000000000000000000000000000000000000000000000000000000 0000000000000000000000000000000000000000000000000000000000000000
0000000000000000000000000000000000000000000000000000000000000000 0000000000000000000000000000000000000000000000000000000000000000 0000000000000000000000000000000000000000000000000000000000000000 0000000000000000000000000000000000000000000000000000000000000000 0000000000000000000000000000000000000000000000000000000000000000 0000000000000000000000000000000000000000000000000000000000000000 0000000000000000000000000000000000000000000000000000000000000000 0000000000000000000000000000000000000000000000000000000000000000
0000000000000000000000000000000000000000000000000000000000000000 0000000000000000000000000000000000000000000000000000000000000000 0000000000000000000000000000000000000000000000000000000000000000 0000000000000000000000000000000000000000000000000000000000000000 0000000000000000000000000000000000000000000000000000000000000000 0000000000000000000000000000000000000000000000000000000000000000 0000000000000000000000000000000000000000000000000000000000000000 0000000000000000000000000000000000000000000000000000000000000000
0000000000000000000000000000000000000000000000000000000000000000 0000000000000000000000000000000000000000000000000000000000000000 0000000000000000000000000000000000000000000000000000000000000000 0000000000000000000000000000000000000000000000000000000000000000 0000000000000000000000000000000000000000000000000000000000000000 0000000000000000000000000000000000000000000000000000000000000000 0000000000000000000000000000000000000000000000000000000000000000 0000000000000000000000000000000000000000000000000000000000000000
0000000000000000000000000000000000000000000000000000000000000000 0000000000000000000000000000000000000000000000000000000000000000 0000000000000000000000000000000000000000000000000000000000000000 0000000000000000000000000000000000000000000000000000000000000000 0000000000000000000000000000000000000000000000000000000000000000 0000000000000000000000000000000000000000000000000000000000000000 0000000000000000000000000000000000000000000000000000000000000000 0000000000000000000000000000000000000000000000000000000000000000
0000000000000000000000000000000000000000000000000000010000100101 0000000000000000000000000000000000000000000000000000000000000000 0000000000000000000000000000000000000000000000000000011100011000 0000000000000000000000000000000000000000000000000000000011111011 0000000000000000000000000000000000000000000000000000001001100111 0000000000000000000000000000000000000000000000000000101111110110 0000000000000000000000000000000000000000000000000000100010011011 0000000000000000000000000000000000000000000000000000000000010111
0000000000000000000000000000000000000000000000000000010000111110 0000000000000000000000000000000000000000000000000000100010000110 0000000000000000000000000000000000000000000000000000001110100100 0000000000000000000000000000000000000000000000000000110111001101 0000000000000000000000000000000000000000000000000000011111110100 0000000000000000000000000000000000000000000000000000011101011111 0000000000000000000000000000000000000000000000000000000101110010 0000000000000000000000000000000000000000000000000000100000000000
0000000000000000000000000000000000000000000000000000010101001011 0000000000000000000000000000000000000000000000000000001101010100 0000000000000000000000000000000000000000000000000000011001001001 0000000000000000000000000000000000000000000000000000011101101101 0000000000000000000000000000000000000000000000000000101111101111 0000000000000000000000000000000000000000000000000000011100111100 0000000000000000000000000000000000000000000000000000111100001011 0000000000000000000000000000000000000000000000000000011100011011
0000000000000000000000000000000000000000000000000000100100110000 0000000000000000000000000000000000000000000000000000011001111110 0000000000000000000000000000000000000000000000000000100101100010 0000000000000000000000000000000000000000000000000000000001000101 0000000000000000000000000000000000000000000000000000111011100010 0000000000000000000000000000000000000000000000000000100011010000 0000000000000000000000000000000000000000000000000000000101011101 0000000000000000000000000000000000000000000000000000101011110001
0000000000000000000000000000000000000000000000000000011000010010 0000000000000000000000000000000000000000000000000000000000000000 0000000000000000000000000000000000000000000000000000011011011101 0000000000000000000000000000000000000000000000000000001010111101 0000000000000000000000000000000000000000000000000000011000110001 0000000000000000000000000000000000000000000000000000010111001001 0000000000000000000000000000000000000000000000000000010110101010 0000000000000000000000000000000000000000000000000000010111110101
0000000000000000000000000000000000000000000000000000011100111100 0000000000000000000000000000000000000000000000000000010010100010 0000000000000000000000000000000000000000000000000000100011011100 0000000000000000000000000000000000000000000000000000101001010000 0000000000000000000000000000000000000000000000000000001101000010 0000000000000000000000000000000000000000000000000000011000000110 0000000000000000000000000000000000000000000000000000011100011110 0000000000000000000000000000000000000000000000000000011011011001
0000000000000000000000000000000000000000000000000000100010000011 0000000000000000000000000000000000000000000000000000100011010110 0000000000000000000000000000000000000000000000000000100001111010 0000000000000000000000000000000000000000000000000000101010100111 0000000000000000000000000000000000000000000000000000011000101100 0000000000000000000000000000000000000000000000000000011111010010 0000000000000000000000000000000000000000000000000000001110101000 0000000000000000000000000000000000000000000000000000100100011010
0000000000000000000000000000000000000000000000000000001001011010 0000000000000000000000000000000000000000000000000000010001001001 0000000000000000000000000000000000000000000000000000001111101110 0000000000000000000000000000000000000000000000000000001111010000 0000000000000000000000000000000000000000000000000000101111101000 0000000000000000000000000000000000000000000000000000100011000000 0000000000000000000000000000000000000000000000000000101110000110 0000000000000000000000000000000000000000000000000000011111101100
0000000000000000000000000000000000000000000000000000000000000000 0000000000000000000000000000000000000000000000000000000000000000 0000000000000000000000000000000000000000000000000000000000000000 0000000000000000000000000000000000000000000000000000000000000000 0000000000000000000000000000000000000000000000000000000000000000 0000000000000000000000000000000000000000000000000000000000000000 0000000000000000000000000000000000000000000000000000000000000000 0000000000000000000000000000000000000000000000000000000000000000
0000000000000000000000000000000000000000000000000000000000000000 0000000000000000000000000000000000000000000000000000000000000000 0000000000000000000000000000000000000000000000000000000000000000 0000000000000000000000000000000000000000000000000000000000000000 0000000000000000000000000000000000000000000000000000000000000000 0000000000000000000000000000000000000000000000000000000000000000 0000000000000000000000000000000000000000000000000000000000000000 0000000000000000000000000000000000000000000000000000000000000000
0000000000000000000000000000000000000000000000000000000000000000 0000000000000000000000000000000000000000000000000000000000000000 0000000000000000000000000000000000000000000000000000000000000000 0000000000000000000000000000000000000000000000000000000000000000 0000000000000000000000000000000000000000000000000000000000000000 0000000000000000000000000000000000000000000000000000000000000000 0000000000000000000000000000000000000000000000000000000000000000 0000000000000000000000000000000000000000000000000000000000000000
0000000000000000000000000000000000000000000000000000000000000000 0000000000000000000000000000000000000000000000000000000000000000 0000000000000000000000000000000000000000000000000000000000000000 0000000000000000000000000000000000000000000000000000000000000000 0000000000000000000000000000000000000000000000000000000000000000 0000000000000000000000000000000000000000000000000000000000000000 0000000000000000000000000000000000000000000000000000000000000000 0000000000000000000000000000000000000000000000000000000000000000
0000000000000000000000000000000000000000000000000000000000000000 0000000000000000000000000000000000000000000000000000000000000000 0000000000000000000000000000000000000000000000000000000000000000 0000000000000000000000000000000000000000000000000000000000000000 0000000000000000000000000000000000000000000000000000000000000000 0000000000000000000000000000000000000000000000000000000000000000 0000000000000000000000000000000000000000000000000000000000000000 0000000000000000000000000000000000000000000000000000000000000000
0000000000000000000000000000000000000000000000000000000000000000 0000000000000000000000000000000000000000000000000000000000000000 0000000000000000000000000000000000000000000000000000000000000000 0000000000000000000000000000000000000000000000000000000000000000 0000000000000000000000000000000000000000000000000000000000000000 0000000000000000000000000000000000000000000000000000000000000000 0000000000000000000000000000000000000000000000000000000000000000 0000000000000000000000000000000000000000000000000000000000000000
0000000000000000000000000000000000000000000000000000000000000000 0000000000000000000000000000000000000000000000000000000000000000 0000000000000000000000000000000000000000000000000000000000000000 0000000000000000000000000000000000000000000000000000000000000000 0000000000000000000000000000000000000000000000000000000000000000 0000000000000000000000000000000000000000000000000000000000000000 0000000000000000000000000000000000000000000000000000000000000000 0000000000000000000000000000000000000000000000000000000000000000
0000000000000000000000000000000000000000000000000000000000000000 0000000000000000000000000000000000000000000000000000000000000000 0000000000000000000000000000000000000000000000000000000000000000 0000000000000000000000000000000000000000000000000000000000000000 0000000000000000000000000000000000000000000000000000000000000000 0000000000000000000000000000000000000000000000000000000000000000 0000000000000000000000000000000000000000000000000000000000000000 0000000000000000000000000000000000000000000000000000000000000000
0000000000000000000000000000000000000000000000001000100011110011 0000000000000000000000000000000000000000000000001000101110110101 0000000000000000000000000000000000000000000000001000111011010001 0000000000000000000000000000000000000000000000001000110101111111 0000000000000000000000000000000000000000000000001000110101010011 0000000000000000000000000000000000000000000000001000111101100110 0000000000000000000000000000000000000000000000001000101000011111 0000000000000000000000000000000000000000000000001000010101101010
0000000000000000000000000000000000000000000000001000100100101101 0000000000000000000000000000000000000000000000001000000010100110 0000000000000000000000000000000000000000000000001000101111101001 0000000000000000000000000000000000000000000000001000011001101110 0000000000000000000000000000000000000000000000001000100010110111 0000000000000000000000000000000000000000000000001000110101111100 0000000000000000000000000000000000000000000000001001001100100011 0000000000000000000000000000000000000000000000001001011010011010
0000000000000000000000000000000000000000000000001001000110110111 0000000000000000000000000000000000000000000000001000111110011100 0000000000000000000000000000000000000000000000001000101010011011 0000000000000000000000000000000000000000000000001000000011011010 0000000000000000000000000000000000000000000000001000110100011000 0000000000000000000000000000000000000000000000001001001110001010 0000000000000000000000000000000000000000000000001000101001011100 0000000000000000000000000000000000000000000000001000111011011110
0000000000000000000000000000000000000000000000001001001011010001 0000000000000000000000000000000000000000000000001000011111101101 0000000000000000000000000000000000000000000000001000111100000011 0000000000000000000000000000000000000000000000001001000011100101 0000000000000000000000000000000000000000000000001001010111011110 0000000000000000000000000000000000000000000000001001000100100000 0000000000000000000000000000000000000000000000001000101101100100 0000000000000000000000000000000000000000000000001000110001110101
0000000000000000000000000000000000000000000000001001000011110011 0000000000000000000000000000000000000000000000001000010101100111 0000000000000000000000000000000000000000000000001000110011010010 0000000000000000000000000000000000000000000000001000100010000110 0000000000000000000000000000000000000000000000001001001110001010 0000000000000000000000000000000000000000000000001000011110111110 0000000000000000000000000000000000000000000000001000001100000000 0000000000000000000000000000000000000000000000001000101001100100
0000000000000000000000000000000000000000000000001000100110110100 0000000000000000000000000000000000000000000000001000010101011010 0000000000000000000000000000000000000000000000001001000001110100 0000000000000000000000000000000000000000000000001000011011001111 0000000000000000000000000000000000000000000000001001001000110100 0000000000000000000000000000000000000000000000001000011110111010 0000000000000000000000000000000000000000000000001000100011100010 0000000000000000000000000000000000000000000000001000011001001000
0000000000000000000000000000000000000000000000000111111101001101 0000000000000000000000000000000000000000000000000111111101100111 0000000000000000000000000000000000000000000000001000100101001111 0000000000000000000000000000000000000000000000001000010001010001 0000000000000000000000000000000000000000000000001000101110011010 0000000000000000000000000000000000000000000000001000100000011101 0000000000000000000000000000000000000000000000001000011111101001 0000000000000000000000000000000000000000000000001000110101011001
0000000000000000000000000000000000000000000000001000101011110101 0000000000000000000000000000000000000000000000001000110000011101 0000000000000000000000000000000000000000000000001001000000001100 0000000000000000000000000000000000000000000000001001010100001111 0000000000000000000000000000000000000000000000001001000010011100 0000000000000000000000000000000000000000000000001000110010001101 0000000000000000000000000000000000000000000000000111101010010100 0000000000000000000000000000000000000000000000001000011011110110
