0 0 0 0 0 0 0 0 0 0 0 0 0 0 0 0 0 0 0 0 0 0 0 0 0 0 0 0 0 0 0 0 0 0 0 0
0 0 0 0 0 0 0 0 0 0 0 0 0 0 0 0 0 0 0 0 0 0 0 0 0 0 0 0 0 0 0 0 0 0 0 0
0 0 0 0 0 0 0 0 0 0 0 0 0 0 0 0 0 0 0 0 0 0 0 0 0 0 0 0 0 0 0 0 0 0 0 0
0 0 0 0 0 0 0 0 0 0 0 0 0 0 0 0 0 0 0 0 0 0 0 0 0 0 0 0 0 0 0 0 0 0 0 0
0 0 0 0 0 0 0 0 0 0 0 0 0 0 0 0 0 0 0 0 0 0 0 0 0 0 0 0 0 0 0 0 0 0 0 0
0 0 0 0 0 0 0 0 0 0 0 0 0 0 0 0 0 0 0 0 0 0 0 0 0 0 0 0 0 0 0 0 0 0 0 0
0 0 0 0 0 0 0 0 0 0 0 0 0 0 0 0 0 0 0 0 0 0 0 0 0 0 0 0 0 0 0 0 0 0 0 0
0 0 0 0 0 0 0 0 0 0 0 0 0 0 0 0 0 0 0 0 0 0 0 0 0 0 0 0 0 0 0 0 0 0 0 0
0 0 0 0 0 0 0 0 0 0 0 0 0 0 0 0 0 0 0 0 0 0 0 0 0 0 0 0 0 0 0 0 0 0 0 0
0 0 0 0 0 0 0 0 0 0 0 0 0 0 0 0 0 0 0 0 0 0 0 0 0 0 0 0 0 0 0 0 0 0 0 0
0 0 0 0 0 0 0 0 0 0 0 0 0 0 0 0 0 0 0 0 0 0 0 0 0 0 0 0 0 0 0 0 0 0 0 0
0 0 0 0 0 0 0 0 0 0 0 0 0 0 0 0 0 0 0 0 0 0 0 0 0 0 0 0 0 0 0 0 0 0 0 0
0 0 0 0 0 0 0 0 0 0 0 0 0 0 0 0 0 0 0 0 0 0 0 0 0 0 0 0 0 0 0 0 0 0 0 0
0 0 0 0 0 0 0 0 0 0 0 0 0 0 0 0 0 0 0 0 0 0 0 0 0 0 0 0 0 0 0 0 0 0 0 0
0 0 0 0 0 0 0 0 0 0 0 0 0 0 0 0 0 0 0 0 0 0 0 0 0 0 0 0 0 0 0 0 0 0 0 0
0 0 0 0 0 0 0 0 0 0 0 0 0 0 0 0 0 0 0 0 0 0 0 0 0 0 0 0 0 0 0 0 0 0 0 0
0 0 0 0 0 0 0 0 0 0 0 0 0 0 0 0 0 0 0 0 0 0 0 0 0 0 0 0 0 0 0 0 0 0 0 0
0 0 0 0 0 0 0 0 0 0 0 0 0 0 0 0 0 0 0 0 0 0 0 0 0 0 0 0 0 0 0 0 0 0 0 0
0 0 0 0 0 0 0 0 0 0 0 0 0 0 0 0 0 0 0 0 0 0 0 0 0 0 0 0 0 0 0 0 0 0 0 0
0 0 0 0 0 0 0 0 0 0 0 0 0 0 0 0 0 0 0 0 0 0 0 0 0 0 0 0 0 0 0 0 0 0 0 0
0 0 0 0 0 0 0 0 0 0 0 0 0 0 0 0 0 0 0 0 0 0 0 0 0 0 0 0 0 0 0 0 0 0 0 0
0 0 0 0 0 0 0 0 0 0 0 0 0 0 0 0 0 0 0 0 0 0 0 0 0 0 0 0 0 0 0 0 0 0 0 0
0 0 0 0 0 0 0 0 0 0 0 0 0 0 0 0 0 0 0 0 0 0 0 0 0 0 0 0 0 0 0 0 0 0 0 0
0 0 0 0 0 0 0 0 0 0 0 0 0 0 0 0 0 0 0 0 0 0 0 0 0 0 0 0 0 0 0 0 0 0 0 0
0 0 0 0 0 0 0 0 0 0 0 0 0 0 0 0 0 0 0 0 0 0 0 0 0 0 0 0 0 0 0 0 0 0 0 0
0 0 0 0 0 0 0 0 0 0 0 0 0 0 0 0 0 0 0 0 0 0 0 0 0 0 0 0 0 0 0 0 0 0 0 0
0 0 0 0 0 0 0 0 0 0 0 0 0 0 0 0 0 0 0 0 0 0 0 0 0 0 0 0 0 0 0 0 0 0 0 0
0 0 0 0 0 0 0 0 0 0 0 0 0 0 0 0 0 0 0 0 0 0 0 0 0 0 0 0 0 0 0 0 0 0 0 0
0 0 0 0 0 0 0 0 0 0 0 0 0 0 0 0 0 0 0 0 0 0 0 0 0 0 0 0 0 0 0 0 0 0 0 0
0 0 0 0 0 0 0 0 0 0 0 0 0 0 0 0 0 0 0 0 0 0 0 0 0 0 0 0 0 0 0 0 0 0 0 0
0 0 0 0 0 0 0 0 0 0 0 0 0 0 0 0 0 0 0 0 0 0 0 0 0 0 0 0 0 0 0 0 0 0 0 0
0 0 0 0 0 0 0 0 0 0 0 0 0 0 0 0 0 0 0 0 0 0 0 0 0 0 0 0 0 0 0 0 0 0 0 0
0 0 0 0 0 0 0 0 0 0 0 0 0 0 0 0 0 0 0 0 0 0 0 0 0 0 0 0 0 0 0 0 0 0 0 0
0 0 0 0 0 0 0 0 0 0 0 0 0 0 0 0 0 0 0 0 0 0 0 0 0 0 0 0 0 0 0 0 0 0 0 0
0 0 0 0 0 0 0 0 0 0 0 0 0 0 0 0 0 0 0 0 0 0 0 0 0 0 0 0 0 0 0 0 0 0 0 0
0 0 0 0 0 0 0 0 0 0 0 0 0 0 0 0 0 0 0 0 0 0 0 0 0 0 0 0 0 0 0 0 0 0 0 0

2772 1407 2672 2766 3102 2235 2924 2870 1722 1700 3338 2561 2920 2175 2165 2427 2225 1809 1682 2335 2176 2518 3320 1886 3420 2766 2167 2290 2139 2411 2245 1550 2792 2968 1433 2254
3035 2059 2406 2271 2361 1756 2004 2871 1723 2196 2316 1438 2679 2759 2197 1768 2163 2111 2306 2375 1598 2313 2953 1540 2181 1709 3614 1903 2653 2456 3310 2693 2415 2807 2670 2969
2504 2605 3245 2740 2587 2614 2530 2287 2823 3056 3243 1834 2887 2574 2102 3642 2383 2673 2584 3157 2157 2371 3168 2697 2602 2563 2626 1124 2881 1532 2378 2531 2774 2807 2295 1694
2400 2916 2298 2207 2546 2686 2975 2721 1349 1654 3242 2302 2999 2626 2705 2309 1781 2908 2397 2672 2272 3034 2613 3063 1782 2901 2628 2441 2014 2912 2540 2201 2182 2343 2301 3349
1093 2557 3129 2475 1593 2793 2190 1170 2516 2558 2538 2346 2941 2613 1978 2276 2168 1318 1901 2204 2698 2095 2646 2930 2319 2651 1787 2791 1848 3530 2388 1573 3228 2408 1842 2519
2342 2795 2725 2525 2820 2686 2205 2006 2772 3177 2956 2273 2833 3027 2760 1959 3359 2851 3159 2458 2169 2348 1901 2351 1858 2115 3095 2308 1911 2753 2306 1731 1614 2611 2949 1789
2768 3605 2464 2435 2176 2435 2953 2532 2126 1049 2344 2537 2112 3056 2216 1988 1877 1874 2850 3492 2333 2063 1849 3186 2518 2293 2669 2408 2598 3827 3185 2158 2264 1770 1752 3030
2623 2369 2000 2038 1723 1840 2171 3296 2562 2535 2430 2461 1895 3054 1808 3039 1907 2033 1682 2094 1360 3010 2455 3776 2451 1986 3187 2058 1632 1551 1765 2067 2649 3397 2725 1971
3646 1911 3018 2914 1768 2627 2541 2785 1136 2236 3451 2714 2484 2819 2666 2626 1344 2253 3896 1983 1719 1369 2838 2590 1638 3296 3064 2294 2156 3730 3155 1595 1590 1974 3592 2696
2229 2485 2486 3029 1928 2428 2658 2013 1989 3639 2234 3057 3155 2021 2465 2571 2519 2027 1936 2412 3464 2557 2093 2704 2722 1712 1824 2625 1748 2683 2474 3294 2630 2091 1956 1616
2371 2082 3125 2839 2320 3630 2627 2222 2205 2887 2654 2600 2331 2668 1922 2973 2555 2947 3085 2208 2504 2593 3208 2717 1752 2121 2234 2790 1433 2392 2379 2456 2414 2311 3262 3137
2923 2444 2383 1873 1900 1749 2771 2408 1922 3246 1910 1933 2533 1945 2299 2338 2809 2107 2468 2084 2345 2240 2647 2113 2545 2071 2635 3082 2573 2042 3353 2751 2906 2055 2105 2458
1999 2618 2124 2166 3139 2537 2554 2577 1355 3919 1512 3134 2808 1856 2611 2542 3135 1275 2971 2473 2864 1684 2307 2288 3028 1498 2148 3034 1803 2029 2638 1279 1941 2427 3524 2195
1900 3045 2534 2432 4217 2512 2863 2666 3056 2098 2624 3238 1664 2394 1855 1668 2304 2485 1947 1726 2979 3679 2238 3162 2635 2120 2737 2981 3066 2266 2841 1902 2158 2099 2864 2008
3149 2041 3246 2810 3078 2342 2376 2410 2507 1786 3671 2541 1625 2799 2800 2712 2468 2541 1932 2768 1614 2309 1892 3611 2454 1707 2560 2686 3082 2065 3624 2134 3491 2590 2814 2547
2186 2243 2432 2272 1157 2075 1925 1889 2889 2299 2807 2603 1620 2202 1188 2112 3498 2436 2886 2143 2271 1797 2426 3371 2142 2491 3036 2954 2643 1757 2213 1999 2570 2816 3099 3440
2522 3465 3802 2905 2319 3272 2632 2163 2131 2509 3103 2271 2913 3435 2270 1586 2595 2605 2994 2778 2830 3583 2948 3015 2597 1937 2286 2115 1568 2513 2293 3327 2005 1645 2137 2774
1775 2293 2518 3071 3311 3796 2294 2849 2667 2181 1955 1628 3131 2918 3371 2204 2763 2762 1613 1953 1979 2630 3262 3315 2873 2587 1951 2805 2377 1620 2316 3031 3234 2566 2311 2856
2545 3356 2974 1728 2416 2655 1965 1891 1275 3351 2505 1730 1409 2412 2316 1767 2515 2716 2275 2346 870 2399 1356 1856 3220 2401 1279 2527 2167 2436 2301 2202 1939 1922 2803 3293
1319 2736 3051 2863 1874 2345 2525 3049 2501 2056 3040 2625 2675 3084 1843 2098 3287 2594 3123 3658 1899 2322 2599 2235 2802 1636 2168 2454 2724 2732 3055 2928 3683 2006 1340 3136
2834 2347 2655 2770 2627 2549 1132 2482 2602 2315 2183 2737 2032 2596 1974 2744 2740 2349 2577 3361 1680 2849 3864 3188 2256 1763 2193 3310 2937 2518 2243 2167 2808 2320 1361 2327
2856 2500 2154 1226 2135 3132 2693 2173 2436 3202 3500 2767 2852 2454 3067 2175 2319 2700 2229 2696 1153 1498 1739 2352 2224 1893 2396 2668 2953 3483 1965 2955 2747 2122 2748 2566
2634 1909 2691 1565 1922 2083 1995 2723 3263 2628 2489 3475 2944 2773 3019 2893 1833 1749 3911 2803 1378 3087 3124 2235 2849 2820 2727 2161 2899 1902 3044 2616 2695 2435 2578 2542
3532 2443 3674 2601 2577 3184 1965 2149 2877 2732 446 2039 1705 1745 3234 2226 2178 2131 2327 2347 1465 3043 2868 2642 2744 1848 2637 2187 2367 1762 2874 1834 1486 2243 3218 2238
2418 2288 2139 2350 2529 2798 3228 3502 2589 2408 3010 3309 2723 2213 1600 1718 1945 2382 3299 2165 2009 3071 2552 2859 2126 1799 2624 2954 3606 2618 1895 1806 2707 2851 2476 2525
2321 2641 2473 2027 2495 2537 2032 1290 2710 2087 1556 2380 3192 1759 2626 2279 2121 2452 2632 1907 2637 2587 3026 2779 2295 1547 2539 2543 2434 2584 2983 2396 1934 2882 3084 2200
2614 2320 1552 2094 2815 2528 2178 2386 2524 2280 1602 2690 2491 2322 2782 2517 3027 2347 2771 1703 2500 2074 1858 2054 2319 2094 2386 3124 2285 2367 2075 2564 1689 2786 1934 2341
2148 2666 2595 3447 2151 2164 2164 1684 2528 2702 2815 1592 1686 2990 2333 2985 2830 2351 2222 2787 2488 2770 1836 3018 2003 2254 2390 2278 1870 2448 2802 2400 1533 2357 2904 2357
1945 2096 2732 2905 2692 2589 2841 2501 2239 1645 3403 3102 2323 1907 1690 1964 2463 2609 1938 2614 2745 3211 1856 2603 3201 2877 2885 3204 2570 2518 3262 3631 2734 2624 2538 2181
2546 2178 3000 2670 3085 2820 1593 2575 3301 3304 2687 2435 2429 1963 2333 3101 2105 1975 2848 2667 2208 2486 2124 2664 2843 1328 2566 2826 2525 2509 3112 1399 2561 1971 2715 2194
1902 1259 2373 2551 2799 3232 2141 2306 2113 2717 2016 3038 1410 2272 2244 2903 2987 1413 2059 3141 3381 2878 1889 2217 2886 1978 2186 1173 2330 2557 2171 2504 1933 2174 2925 2014
2134 1941 2883 2752 1939 2205 2047 2536 1976 2675 2304 1999 1904 2744 1780 2941 2168 1772 2406 2969 2204 2668 2024 2571 2784 3079 2557 2002 2517 2331 1988 2390 1890 2489 3225 3511
1614 2353 3793 2096 2712 2210 1237 2293 2497 2400 3041 2752 2817 3100 2082 3803 1227 2231 2634 3308 2301 1689 1859 2700 2155 2361 2083 1999 2726 2769 1884 2779 3299 2841 2247 2631
3412 2660 2112 661 1874 2828 3480 2807 2470 2356 1805 2255 2325 2982 2080 2825 2497 2527 3452 3189 2469 1895 1992 2836 2219 2688 2006 2012 2712 2857 2799 2405 2645 2926 2128 2450
3177 2536 2662 1934 2479 2072 1870 1971 3040 2899 2715 2266 2799 2930 2249 1876 2548 2102 3090 3388 2897 1861 3215 2970 2022 2741 3280 1915 2784 2400 3170 3285 2481 907 1648 3544
3174 1520 2626 1229 1965 2607 2170 2990 2410 2180 3003 3253 2582 2420 1777 2017 2414 2365 2533 2020 797 2084 3254 2388 1919 2269 2052 2573 2259 1101 2222 2929 2475 1779 1946 2628

929 754 1233 908 602 938 2072 2045 559 795 1600 1354 747 810 640 400 627 269 456 512 1111 780 1127 1448 737 992 1465 1171 1042 223 1569 0 1151 1592 976 1380
928 2171 1692 1552 760 1775 1461 553 292 1787 1544 1267 364 1418 1402 765 523 1864 1144 984 994 621 1032 1231 0 615 833 0 1291 820 439 1002 1191 902 1215 1526
1614 780 1519 263 787 623 488 1555 719 1609 325 248 997 2412 1825 1439 646 1626 964 626 418 1093 1133 1392 726 649 1310 1771 1008 1391 1030 723 1396 1444 1385 867
154 811 1330 971 1424 1376 14 395 504 1614 641 673 1340 1850 0 1205 855 827 570 472 1068 269 1066 504 821 1195 562 1781 1408 941 153 1634 393 311 430 1306
434 538 601 1405 198 279 1321 1113 397 1093 1238 1650 1013 989 740 831 1018 804 927 1139 1839 1804 1046 1952 1096 582 1725 851 1879 1519 268 835 1826 1932 541 1556
1336 1433 2050 791 1320 978 1806 711 1438 631 1202 737 682 1152 684 717 2755 800 395 993 870 234 1025 1590 218 1148 1346 692 1330 798 1124 1094 24 1049 1405 1122
1254 105 1016 851 895 1038 617 1096 1367 1027 59 1343 1715 387 1070 783 1390 627 539 959 907 1864 765 1157 805 960 1596 1303 644 811 1322 666 1717 1746 804 1300
551 2004 535 143 195 1047 1119 187 1026 1686 1176 1178 872 1621 733 2068 1449 978 571 575 1250 617 948 593 1340 1397 41 959 98 2090 1256 395 1116 1179 903 1100
1194 1187 938 881 912 745 457 705 1714 1313 0 840 1100 1125 547 943 1442 341 1266 1145 867 691 712 1721 1002 449 896 1054 1517 1031 879 1933 91 112 1206 983
0 0 1120 1372 683 1251 1007 1071 1388 579 1494 223 960 326 913 1538 473 1090 1200 567 1301 1100 1139 1125 123 598 698 965 697 1060 69 875 1436 861 806 1555
545 1432 1271 1219 1494 632 2440 1212 641 1260 1123 972 176 1115 1562 1734 1257 1106 272 1588 1898 453 1134 1158 1146 1162 578 1783 1188 1026 1715 949 1228 1021 1191 1580
513 453 755 1231 305 908 784 0 817 1295 1798 1136 1532 1473 1002 0 1309 1321 1404 144 836 976 1495 1106 1469 473 1077 634 221 941 868 1528 734 425 1784 1591
1074 669 477 1510 960 1231 1046 1711 1179 1742 1401 1450 893 48 965 2696 1373 1305 2002 1955 1910 465 739 209 1812 742 488 1033 897 633 1468 614 827 1616 707 755
907 1320 1635 0 1458 1071 0 1896 1011 1268 680 0 493 477 796 0 988 623 0 315 1342 800 752 1435 1649 735 1635 1613 1161 577 1393 222 1415 1144 2293 1168
0 428 1801 851 868 1188 914 1254 1440 693 331 1261 956 1330 2433 1644 401 1776 925 2053 1879 1564 835 1287 942 1646 827 1520 692 903 1205 1208 1856 1001 950 1275
1634 1105 947 1065 818 597 637 478 409 1177 1295 0 989 1051 599 785 722 1103 304 1121 431 361 1497 1707 2622 1103 1425 853 952 1135 613 1316 668 913 729 915
1309 2097 1024 1005 1073 464 2131 1169 1713 911 1236 1110 363 85 1538 638 1507 814 830 1992 2265 1101 144 825 0 1154 928 343 1200 1157 2032 1383 751 926 716 976
400 589 389 0 627 239 654 1156 933 583 1533 332 871 1307 1087 819 721 1323 811 592 0 0 215 876 2337 1004 649 2036 1113 856 0 718 857 595 1667 418
1284 1526 975 910 929 1206 895 1475 1628 1338 1104 901 1017 772 677 959 781 241 1447 1181 1055 310 773 762 0 496 833 494 1400 955 1353 1116 1891 1295 0 848
293 734 354 294 755 683 1392 1487 820 0 1357 1080 1053 1060 1067 162 1590 611 1158 1222 499 91 745 890 749 122 385 725 445 817 0 621 557 430 812 260
1034 982 0 1088 1056 613 30 440 398 981 1791 1702 423 1063 902 1239 976 885 294 1916 735 922 988 1109 860 1244 1496 1692 1078 1663 620 1104 934 895 798 639
166 854 1180 547 856 305 1273 724 1333 1128 199 1054 694 1207 1504 312 1435 1697 1034 406 813 331 518 400 139 448 88 492 776 757 1758 1293 213 2494 673 1266
788 545 89 32 1251 1201 632 414 157 836 1359 1508 1245 1170 1420 0 1305 936 1742 890 1368 873 1010 1629 2098 1108 666 579 1011 1120 1912 351 1149 107 1584 771
1183 1369 1342 1285 862 2156 1254 535 801 548 937 924 1557 328 1255 484 403 1009 0 1302 1175 341 608 267 0 0 264 146 1632 504 868 177 1488 1353 951 2384
274 807 716 233 0 734 1643 734 956 1945 1669 1981 2189 739 976 2406 1071 1814 1342 652 1321 786 517 462 2003 850 1192 1795 735 1357 774 985 1712 1593 2017 1072
923 963 697 1371 1370 896 720 318 450 0 1017 716 0 1203 541 275 1689 373 0 112 1078 518 630 587 814 817 1012 543 74 1069 0 1269 890 1410 141 1248
1553 438 1515 100 676 449 1248 1818 1637 913 1239 2194 1402 514 918 1656 1126 1842 1762 1651 1443 678 793 868 673 206 1663 667 1610 914 1329 459 657 714 1378 1226
827 0 282 1639 513 1030 1045 384 938 702 1212 0 1671 768 448 723 1353 1140 623 964 0 605 1136 1527 1786 616 1390 0 1 1142 1355 622 375 1252 888 1106
505 863 1088 721 1453 1151 1218 1320 529 1151 676 1240 736 1494 969 2214 1722 1033 1489 1396 640 1431 1566 369 345 594 1031 1561 1462 612 1752 1646 1176 660 1310 1854
1341 0 1201 695 812 796 279 869 1378 1695 495 1117 2129 1171 1201 1638 1740 2400 944 821 1113 550 173 1132 279 733 29 1053 1192 405 267 691 258 274 1152 1554
329 653 1511 841 112 1771 1376 399 955 380 0 1214 548 702 264 2248 745 0 298 123 1434 565 958 954 1282 1177 1228 900 804 1707 1682 1382 1394 1201 1336 867
551 1435 1681 1529 86 563 436 218 614 1050 1527 1354 954 804 629 430 1284 1184 1004 2607 1798 1184 735 770 756 1159 88 1697 1868 780 634 771 821 1289 1933 822
1524 1719 1025 424 1132 649 961 1863 836 1874 1371 1657 440 1318 1640 1912 766 1624 984 1096 531 282 597 1153 1298 514 650 291 702 1350 806 889 489 808 311 1021
693 2126 1571 870 437 2032 1471 627 1699 0 1425 957 1606 1734 0 904 615 0 1031 1363 1074 945 1252 359 0 1311 818 1268 876 959 1136 1028 1287 1195 1824 999
1363 45 759 1239 684 0 909 1239 785 1676 947 2149 0 837 610 103 1275 659 1494 416 2169 1172 494 797 1891 868 1383 1145 1345 0 1691 1789 537 1305 702 1390
685 1961 628 1451 666 694 749 1263 1479 812 857 128 804 1242 722 899 1414 1552 489 724 757 608 1501 248 957 722 1679 722 12 779 1092 856 1428 545 432 548

0 0 0 0 0 0 0 0 0 85 0 0 0 0 0 0 0 180 0 251 0 0 0 0 0 0 0 0 162 0 0 0 0 0 0 0
0 0 0 0 0 0 0 0 0 218 0 0 0 0 0 0 0 0 0 0 0 0 0 0 0 73 0 0 0 0 0 0 0 0 0 0
0 0 0 0 0 0 0 0 0 0 0 0 0 0 0 0 0 0 0 0 0 0 0 0 0 0 0 0 0 0 0 0 0 0 0 0
0 0 0 0 0 0 0 0 0 0 0 0 0 0 0 0 0 0 0 79 0 0 0 0 0 0 0 0 198 0 0 0 0 0 0 0
0 0 0 0 0 0 0 0 0 0 0 0 0 0 0 0 0 0 0 0 0 0 0 0 0 0 0 0 0 0 0 0 0 0 0 0
0 0 0 0 0 0 0 0 0 0 0 79 0 0 0 0 0 0 0 0 0 0 0 0 0 0 0 0 0 50 0 0 0 0 0 376
0 0 0 0 0 0 0 0 0 0 0 0 0 0 196 0 17 0 0 0 0 0 0 0 0 0 0 0 0 0 0 0 0 0 0 0
0 0 0 0 0 0 0 0 8 0 0 0 0 0 0 59 0 0 0 0 0 0 0 14 0 0 0 0 0 468 625 0 0 0 0 0
0 0 0 0 0 0 0 0 105 0 0 0 0 0 0 0 0 427 0 0 0 0 0 0 0 0 0 0 0 0 0 562 0 0 0 0
0 0 0 0 0 0 0 0 0 0 0 0 0 238 58 0 0 0 0 0 0 0 0 0 0 0 0 35 0 0 0 0 0 0 0 0
0 0 0 0 0 0 0 0 0 0 0 6 0 0 0 0 0 0 0 0 0 0 0 0 55 0 0 0 0 0 0 0 0 0 0 0
0 0 0 0 0 0 0 135 0 0 0 0 0 0 0 0 0 0 0 0 0 0 0 0 0 0 0 0 0 0 0 0 0 0 0 0
0 183 0 0 0 0 0 0 0 0 0 0 0 0 0 0 0 0 0 0 0 0 0 0 324 0 0 0 0 0 0 0 197 0 0 0
0 0 0 0 0 0 0 0 0 0 0 0 224 44 0 0 0 0 0 0 0 0 0 0 0 0 0 0 0 0 0 0 0 0 0 0
0 0 0 0 0 0 0 0 0 0 0 0 190 0 0 0 0 0 0 0 0 0 0 0 0 0 0 0 0 0 0 0 0 0 0 0
0 0 0 0 0 572 0 0 0 0 0 0 0 0 578 0 0 0 0 97 0 0 0 0 0 0 0 0 0 0 0 0 0 0 0 0
0 0 0 0 0 0 0 0 0 0 61 0 0 0 0 0 0 0 0 0 0 0 0 0 0 0 0 0 153 0 0 0 0 0 0 0
0 0 38 0 0 0 0 58 0 0 0 0 0 0 0 0 0 0 0 0 0 0 0 0 0 0 0 0 0 0 0 0 0 0 0 0
0 0 0 0 0 0 0 0 0 0 0 381 0 0 0 0 0 0 0 0 0 0 0 628 0 0 0 0 0 0 0 0 0 70 0 0
0 0 0 0 0 0 0 0 0 0 0 0 0 0 0 0 0 0 0 0 0 0 0 0 0 0 247 0 0 0 0 0 0 144 0 0
0 0 0 0 0 0 0 0 0 0 0 0 0 0 0 0 0 0 0 0 73 0 0 0 228 0 0 0 0 0 0 0 0 0 0 0
0 0 0 0 278 0 0 0 0 0 0 0 0 0 0 0 0 248 0 0 520 0 0 0 0 0 0 0 0 0 0 0 0 0 0 0
0 0 0 0 0 115 0 0 0 0 0 0 0 0 0 0 0 0 0 0 0 0 0 0 0 0 0 0 0 0 0 0 0 0 0 0
0 0 0 0 0 0 0 0 0 0 0 486 0 0 0 0 0 0 0 264 134 0 0 0 0 0 0 0 0 0 0 0 0 0 0 0
0 0 359 74 0 0 0 0 0 0 0 0 0 0 31 66 0 0 0 0 0 0 0 0 38 0 0 0 0 0 0 0 0 0 0 0
0 0 0 0 0 0 0 358 0 0 245 0 0 0 0 0 124 0 0 0 0 0 0 0 0 0 0 0 0 0 0 0 0 0 0 0
0 0 223 0 0 0 0 0 0 0 0 486 92 0 0 0 0 0 0 0 0 0 139 0 0 0 0 0 0 111 0 0 0 0 0 0
0 0 0 0 321 0 0 0 67 0 0 0 0 0 0 0 0 0 0 0 0 337 0 0 0 0 0 0 0 0 0 0 0 0 0 0
500 0 0 0 0 0 0 0 0 0 0 0 0 35 0 0 280 0 0 0 0 0 0 0 0 0 0 0 0 0 0 0 0 0 0 0
0 0 0 0 0 0 0 0 0 0 0 0 0 0 0 0 0 0 0 0 0 0 0 0 0 236 0 0 0 0 0 259 0 0 0 0
0 0 44 0 0 0 0 0 0 0 0 0 0 0 0 0 0 0 0 0 0 0 0 0 0 0 0 0 0 0 0 0 103 0 0 0
22 0 0 0 0 213 131 0 0 0 0 26 0 14 0 0 0 0 0 0 0 0 0 0 0 0 0 0 0 0 10 0 0 0 0 0
0 0 0 0 0 183 0 0 0 0 0 0 0 0 0 0 0 0 0 0 0 0 0 0 0 0 0 0 0 0 0 0 0 0 0 0
0 0 273 358 0 0 0 0 4 0 0 0 0 0 0 0 0 0 0 0 164 0 0 0 0 0 0 0 0 0 0 0 0 0 0 0
0 0 0 0 0 0 0 0 0 0 0 0 0 421 0 0 0 0 0 0 417 0 0 0 0 0 0 0 0 0 0 0 0 0 0 0
0 0 0 179 0 0 0 0 0 0 0 0 0 0 0 0 0 0 0 0 0 0 0 0 0 0 0 0 0 0 0 7 0 0 0 0

3098 2423 2178 1875 3267 2474 2031 2821 1300 1727 2210 3092 2755 3669 2910 1922 2655 2561 2387 2949 2565 2532 2965 2915 2377 2300 3395 2955 2019 2646 2959 2460 890 2413 2829 2720
2616 2012 2597 2605 2372 2463 1920 3126 3085 2532 2365 2155 2257 2210 2042 2807 1889 2407 2368 2571 2642 2292 2820 2351 1788 2502 2698 2456 3165 2349 2497 2911 2860 2571 2195 2012
2807 2411 2205 2761 2877 2846 2036 2214 2356 1958 2896 3047 2421 2842 2143 2278 2930 2730 2361 2981 2798 2451 2696 3044 2246 2490 2547 2084 2333 3182 2221 2199 2568 2754 2768 3209
2476 3375 2875 2453 2116 2992 3059 2243 2829 2248 2069 2064 2823 2767 2648 3108 2774 1620 2371 2630 2454 2174 3268 3014 2405 2334 2196 2884 2012 2571 3186 1869 2728 3130 2475 2332
2010 1890 2238 2781 2886 2353 2444 1819 2090 3007 3530 2949 2162 2278 2554 2070 2333 2598 1803 2294 2827 2574 2198 2307 1857 3019 2718 1874 1826 2288 2662 2308 1568 2730 4310 2552
2223 3044 2088 2584 2384 2376 2413 2599 2704 2148 2942 2901 2608 2867 3120 2388 2389 2048 2577 3032 3006 2667 2959 2646 2246 1874 2605 2990 3214 2852 2431 2767 2775 1038 2369 3088
2346 3049 2119 2557 2539 2492 3302 3230 3069 2062 1115 2486 2291 1717 2392 3661 3143 1973 2116 2394 2100 2428 2444 2534 2049 1905 2673 2249 1811 2562 3192 2200 2453 2758 1719 1748
2551 2051 3134 2561 1280 2322 2552 2896 2253 2365 3369 2464 3134 2701 1833 2083 2212 2590 2438 2009 2209 2610 3085 2468 2957 3601 2413 2399 1776 2972 2060 2331 1829 2385 2968 2301
2197 2811 2498 2951 2608 2078 2527 2004 3224 2468 1902 2403 2459 2513 2822 3461 2671 2124 2361 3578 2800 2102 2407 2008 2209 2528 2655 2856 2189 2194 3349 3538 3017 2298 2070 2774
2683 2097 2737 1862 2360 2947 2289 1808 2787 2114 2622 2637 3114 2593 2339 1699 1948 2322 2658 2008 2599 2386 2941 3127 3063 2454 2292 2210 2054 2627 1979 1236 2326 2622 2477 1464
2588 2094 2856 2807 2055 2040 2619 3275 2759 2854 2134 3214 2403 2035 2097 2743 3030 2641 2863 2294 2635 2152 1993 2882 2787 1722 1920 2722 2808 1974 3237 2647 3092 2657 2196 3499
2812 2360 2656 2932 2868 2172 2259 2779 1487 3345 1380 2048 2392 2771 2638 1763 2093 1937 2656 3540 2478 2136 2056 1921 2676 2921 2535 2519 1708 2666 2574 2338 2609 2777 2982 1024
2904 3144 1422 1974 2492 2823 2602 2604 2276 1803 3330 2966 3051 2317 2887 1982 2366 2497 1746 2333 2834 3297 2088 2448 2581 3117 2188 2359 1952 2593 2477 2049 2015 1999 2935 2479
2091 2170 3633 2424 3250 3478 3348 2783 2634 2084 2668 2174 2378 2519 2752 2309 1929 2446 2766 3030 1413 1852 2712 2951 2103 2607 2780 2836 3183 2782 2528 2346 2913 2443 1790 2380
2983 3032 1934 2185 2488 2385 2010 2626 3261 2439 2574 2914 2191 2037 2172 2529 2733 2367 2275 2815 2071 2687 1659 3134 2503 2570 2774 2392 2731 2431 2931 2651 2518 2325 2755 3206
2016 2222 3242 2500 3148 2751 2926 2217 2135 2838 2902 2892 2838 3070 2467 2439 2800 2660 2533 3025 1834 2960 2017 2131 2924 1745 2571 2914 2317 2966 2416 2693 2210 2407 2908 2719
2505 3031 2954 3247 2455 2631 2480 2727 2651 2285 2502 2690 2960 2094 2100 2481 2408 2838 2653 2076 2754 2789 3212 3530 2889 2687 2240 3310 2258 1796 1853 2387 2899 1510 2787 2473
2206 2217 2574 3078 3161 2437 3005 2498 1776 2842 2685 2394 2069 2585 2882 1411 2825 2433 2265 2091 2118 2615 1894 1844 2241 2542 1368 1943 1905 2725 2791 1921 2137 2286 2868 3606
2456 2223 3048 3412 2144 2403 2122 2349 1685 1860 2599 2736 2968 3029 3038 2650 2251 2699 2477 3547 2219 2803 3411 3125 2730 3187 3031 2834 1869 1604 2199 2303 2194 2927 1757 2347
2775 2875 2246 2625 3464 2929 1126 3296 3568 3003 1792 2168 1825 2239 2380 2834 2813 2484 2437 3281 2644 2308 2709 2612 2372 2773 1888 2245 2805 2961 2241 2733 3123 3694 2554 1788
2928 2660 3143 2481 1996 3307 2712 1930 1866 2699 2342 2683 2633 2254 2081 2011 2375 3570 2528 2707 2910 2025 2282 3491 2632 2921 2631 1797 3042 3317 2627 2336 2446 1864 2101 2284
2957 2470 2751 3164 2378 2373 2643 2546 2758 3145 3301 2569 2495 2133 2228 3941 2770 1713 3644 3419 2986 2845 2300 1948 2815 2625 2980 2534 2887 1854 2857 2471 3257 2246 2466 2757
2760 2345 2599 2541 2183 2747 2008 1952 2760 2590 2039 2682 3704 3141 2946 2188 2806 1924 1761 2605 2162 1562 2385 2370 2143 2441 2418 2279 3197 3481 2539 2871 2590 3115 3491 1616
2469 2812 2656 3102 2176 2651 2803 3169 2220 2140 2927 2347 1805 2176 2127 3313 2556 3033 2496 2634 1928 2680 2840 3356 2815 2168 3042 2633 1780 2398 2144 2120 2710 1476 2056 2853
2489 2954 2710 2522 2779 2559 2451 2614 3293 2972 1886 3381 3345 3109 1921 1682 2581 1827 2414 3440 2396 2994 2536 2209 2372 1958 2384 2518 3009 2966 2821 2013 2462 3200 2697 2902
2323 3022 2527 2559 2637 3100 1949 2018 2170 2890 1628 1757 2716 1417 2461 2532 2731 3001 2664 2644 2292 2211 2986 2575 2674 2513 2382 2770 2752 1639 2294 3192 2089 2109 2602 2824
2356 2571 2319 2808 2430 2502 2470 2441 2863 2513 2763 2332 2030 2637 2591 2440 3026 2353 1554 2754 2907 2703 2206 2250 2821 2405 2361 1736 2739 3061 3015 2515 2194 1617 1879 2311
2378 2491 1828 2462 2611 2080 2460 2597 2358 2424 3174 2949 2164 2586 2475 2439 2957 3226 2885 2204 2439 2707 2507 2616 2058 2627 2318 2839 1990 2283 2387 3579 2036 2543 1922 2350
2120 2959 3554 2190 1797 2727 2299 1740 2783 2627 1577 2923 3438 2490 2031 2753 877 1393 2651 2551 1480 2407 2848 2551 2156 3316 1883 2481 3036 2399 2820 2155 3462 3021 3530 2810
3155 2767 3000 3099 3268 3002 2844 2248 2010 2929 3992 2785 2029 2206 2972 2547 3194 1928 2095 3330 3002 3101 2415 2919 3123 2442 2220 2348 3114 3059 3298 2853 2014 1560 2310 1846
1969 1673 1971 2551 2709 2257 2708 3054 2965 2927 2364 2515 3353 2373 2090 1790 2855 2771 1939 2435 2880 2509 2799 2554 2374 2510 2008 1745 1434 2408 1311 1862 2447 2189 3048 2962
2957 2811 2340 2618 2442 3507 2187 2327 2911 2113 2790 2397 2149 2277 2692 3105 1669 2076 2100 2517 2831 2541 2261 3001 3304 2953 2257 2378 2780 2925 3716 2429 2784 3015 2364 2202
2061 2572 2317 1955 1848 2358 2667 2054 2401 3009 2700 2750 2312 3441 2552 2471 3018 2413 2685 2719 3130 2625 2216 2422 2604 2224 2507 2058 1743 1926 2243 1917 2517 3248 2963 2487
2710 2590 2488 2385 2095 2113 2181 3098 3034 2954 2756 2307 2728 2857 2600 2281 3014 2584 2588 2500 2673 1945 3135 2918 2006 1603 2795 2240 2146 2666 3108 3552 3218 1639 2060 3312
3231 1908 2310 2656 2918 3591 2433 1092 1965 1745 2682 2544 2165 3437 2690 2508 2394 1959 2848 2658 1811 2304 2623 2758 2450 2290 3003 2514 2841 2526 1917 2308 2969 2808 1714 1672
2214 2146 2656 2017 1738 2336 2722 2155 2838 3053 2721 2516 2210 2415 2680 2213 2197 2090 2930 3301 1753 2946 1785 2032 2749 2153 2508 2307 2532 3093 1841 1988 2025 2492 2775 3701

0 0 0 0 0 0 0 0 0 0 0 0 0 0 0 0 0 0 0 0 0 0 0 0 0 0 0 0 0 0 0 0 0 0 0 0
0 0 0 0 0 0 0 0 0 0 0 0 0 0 0 0 0 0 0 0 0 0 0 0 0 0 0 0 0 0 0 0 0 0 0 0
0 0 0 0 0 0 0 0 0 0 0 0 0 0 0 0 0 0 0 0 0 0 0 0 0 0 0 0 0 0 0 0 0 0 0 0
0 0 0 0 0 0 0 0 0 0 0 0 0 0 0 0 0 0 0 0 0 0 0 0 0 0 0 0 0 0 0 0 0 0 0 0
0 0 0 0 0 0 0 0 0 0 0 0 0 0 0 0 0 0 0 0 0 0 0 0 0 0 0 0 0 0 0 0 0 0 0 0
0 0 0 0 0 0 0 0 0 0 0 0 0 0 0 0 0 0 0 0 0 0 0 0 0 0 0 0 0 0 0 0 0 0 0 0
0 0 0 0 0 0 0 0 0 0 0 0 0 0 0 0 0 0 0 0 0 0 0 0 0 0 0 0 0 0 0 0 0 0 0 0
0 0 0 0 0 0 0 0 0 0 0 0 0 0 0 0 0 0 0 0 0 0 0 0 0 0 0 0 0 0 0 0 0 0 0 0
0 0 0 0 0 0 0 0 0 0 0 0 0 0 0 0 0 0 0 0 0 0 0 0 0 0 0 0 0 0 0 0 0 0 0 0
0 0 0 0 0 0 0 0 0 0 0 0 0 0 0 0 0 0 0 0 0 0 0 0 0 0 0 0 0 0 0 0 0 0 0 0
0 0 0 0 0 0 0 0 0 0 0 0 0 0 0 0 0 0 0 0 0 0 0 0 0 0 0 0 0 0 0 0 0 0 0 0
0 0 0 0 0 0 0 0 0 0 0 0 0 0 0 0 0 0 0 0 0 0 0 0 0 0 0 0 0 0 0 0 0 0 0 0
0 0 0 0 0 0 0 0 0 0 0 0 0 0 0 0 0 0 0 0 0 0 0 0 0 0 0 0 0 0 0 0 0 0 0 0
0 0 0 0 0 0 0 0 0 0 0 0 0 0 0 0 0 0 0 0 0 0 0 0 0 0 0 0 0 0 0 0 0 0 0 0
0 0 0 0 0 0 0 0 0 0 0 0 0 0 0 0 0 0 0 0 0 0 0 0 0 0 0 0 0 0 0 0 0 0 0 0
0 0 0 0 0 0 0 0 0 0 0 0 0 0 0 0 0 0 0 0 0 0 0 0 0 0 0 0 0 0 0 0 0 0 0 0
0 0 0 0 0 0 0 0 0 0 0 0 0 0 0 0 0 0 0 0 0 0 0 0 0 0 0 0 0 0 0 0 0 0 0 0
0 0 0 0 0 0 0 0 0 0 0 0 0 0 0 0 0 0 0 0 0 0 0 0 0 0 0 0 0 0 0 0 0 0 0 0
0 0 0 0 0 0 0 0 0 0 0 0 0 0 0 0 0 0 0 0 0 0 0 0 0 0 0 0 0 0 0 0 0 0 0 0
0 0 0 0 0 0 0 0 0 0 0 0 0 0 0 0 0 0 0 0 0 0 0 0 0 0 0 0 0 0 0 0 0 0 0 0
0 0 0 0 0 0 0 0 0 0 0 0 0 0 0 0 0 0 0 0 0 0 0 0 0 0 0 0 0 0 0 0 0 0 0 0
0 0 0 0 0 0 0 0 0 0 0 0 0 0 0 0 0 0 0 0 0 0 0 0 0 0 0 0 0 0 0 0 0 0 0 0
0 0 0 0 0 0 0 0 0 0 0 0 0 0 0 0 0 0 0 0 0 0 0 0 0 0 0 0 0 0 0 0 0 0 0 0
0 0 0 0 0 0 0 0 0 0 0 0 0 0 0 0 0 0 0 0 0 0 0 0 0 0 0 0 0 0 0 0 0 0 0 0
0 0 0 0 0 0 0 0 0 0 0 0 0 0 0 0 0 0 0 0 0 0 0 0 0 0 0 0 0 0 0 0 0 0 0 0
0 0 0 0 0 0 0 0 0 0 0 0 0 0 0 0 0 0 0 0 0 0 0 0 0 0 0 0 0 0 0 0 0 0 0 0
0 0 0 0 0 0 0 0 0 0 0 0 0 0 0 0 0 0 0 0 0 0 0 0 0 0 0 0 0 0 0 0 0 0 0 0
0 0 0 0 0 0 0 0 0 0 0 0 0 0 0 0 0 0 0 0 0 0 0 0 0 0 0 0 0 0 0 0 0 0 0 0
0 0 0 0 0 0 0 0 0 0 0 0 0 0 0 0 0 0 0 0 0 0 0 0 0 0 0 0 0 0 0 0 0 0 0 0
0 0 0 0 0 0 0 0 0 0 0 0 0 0 0 0 0 0 0 0 0 0 0 0 0 0 0 0 0 0 0 0 0 0 0 0
0 0 0 0 0 0 0 0 0 0 0 0 0 0 0 0 0 0 0 0 0 0 0 0 0 0 0 0 0 0 0 0 0 0 0 0
0 0 0 0 0 0 0 0 0 0 0 0 0 0 0 0 0 0 0 0 0 0 0 0 0 0 0 0 0 0 0 0 0 0 0 0
0 0 0 0 0 0 0 0 0 0 0 0 0 0 0 0 0 0 0 0 0 0 0 0 0 0 0 0 0 0 0 0 0 0 0 0
0 0 0 0 0 0 0 0 0 0 0 0 0 0 0 0 0 0 0 0 0 0 0 0 0 0 0 0 0 0 0 0 0 0 0 0
0 0 0 0 0 0 0 0 0 0 0 0 0 0 0 0 0 0 0 0 0 0 0 0 0 0 0 0 0 0 0 0 0 0 0 0
0 0 0 0 0 0 0 0 0 0 0 0 0 0 0 0 0 0 0 0 0 0 0 0 0 0 0 0 0 0 0 0 0 0 0 0

0 0 0 0 0 0 0 0 0 0 0 0 0 0 0 0 0 0 0 0 0 0 0 0 0 0 0 0 0 0 0 0 0 0 0 0
0 0 0 0 0 0 0 0 0 0 0 0 0 0 0 0 0 0 0 0 0 0 0 0 0 0 0 0 0 0 0 0 0 0 0 0
0 0 0 0 0 0 0 0 0 0 0 0 0 0 0 0 0 0 0 0 0 0 0 0 0 0 0 0 0 0 0 0 0 0 0 0
0 0 0 0 0 0 0 0 0 0 0 0 0 0 0 0 0 0 0 0 0 0 0 0 0 0 0 0 0 0 0 0 0 0 0 0
0 0 0 0 0 0 0 0 0 0 0 0 0 0 0 0 0 0 0 0 0 0 0 0 0 0 0 0 0 0 0 0 0 0 0 0
0 0 0 0 0 0 0 0 0 0 0 0 0 0 0 0 0 0 0 0 0 0 0 0 0 0 0 0 0 0 0 0 0 0 0 0
0 0 0 0 0 0 0 0 0 0 0 0 0 0 0 0 0 0 0 0 0 0 0 0 0 0 0 0 0 0 0 0 0 0 0 0
0 0 0 0 0 0 0 0 0 0 0 0 0 0 0 0 0 0 0 0 0 0 0 0 0 0 0 0 0 0 0 0 0 0 0 0
0 0 0 0 0 0 0 0 0 0 0 0 0 0 0 0 0 0 0 0 0 0 0 0 0 0 0 0 0 0 0 0 0 0 0 0
0 0 0 0 0 0 0 0 0 0 0 0 0 0 0 0 0 0 0 0 0 0 0 0 0 0 0 0 0 0 0 0 0 0 0 0
0 0 0 0 0 0 0 0 0 0 0 0 0 0 0 0 0 0 0 0 0 0 0 0 0 0 0 0 0 0 0 0 0 0 0 0
0 0 0 0 0 0 0 0 0 0 0 0 0 0 0 0 0 0 0 0 0 0 0 0 0 0 0 0 0 0 0 0 0 0 0 0
0 0 0 0 0 0 0 0 0 0 0 0 0 0 0 0 0 0 0 0 0 0 0 0 0 0 0 0 0 0 0 0 0 0 0 0
0 0 0 0 0 0 0 0 0 0 0 0 0 0 0 0 0 0 0 0 0 0 0 0 0 0 0 0 0 0 0 0 0 0 0 0
0 0 0 0 0 0 0 0 0 0 0 0 0 0 0 0 0 0 0 0 0 0 0 0 0 0 0 0 0 0 0 0 0 0 0 0
0 0 0 0 0 0 0 0 0 0 0 0 0 0 0 0 0 0 0 0 0 0 0 0 0 0 0 0 0 0 0 0 0 0 0 0
0 0 0 0 0 0 0 0 0 0 0 0 0 0 0 0 0 0 0 0 0 0 0 0 0 0 0 0 0 0 0 0 0 0 0 0
0 0 0 0 0 0 0 0 0 0 0 0 0 0 0 0 0 0 0 0 0 0 0 0 0 0 0 0 0 0 0 0 0 0 0 0
0 0 0 0 0 0 0 0 0 0 0 0 0 0 0 0 0 0 0 0 0 0 0 0 0 0 0 0 0 0 0 0 0 0 0 0
0 0 0 0 0 0 0 0 0 0 0 0 0 0 0 0 0 0 0 0 0 0 0 0 0 0 0 0 0 0 0 0 0 0 0 0
0 0 0 0 0 0 0 0 0 0 0 0 0 0 0 0 0 0 0 0 0 0 0 0 0 0 0 0 0 0 0 0 0 0 0 0
0 0 0 0 0 0 0 0 0 0 0 0 0 0 0 0 0 0 0 0 0 0 0 0 0 0 0 0 0 0 0 0 0 0 0 0
0 0 0 0 0 0 0 0 0 0 0 0 0 0 0 0 0 0 0 0 0 0 0 0 0 0 0 0 0 0 0 0 0 0 0 0
0 0 0 0 0 0 0 0 0 0 0 0 0 0 0 0 0 0 0 0 0 0 0 0 0 0 0 0 0 0 0 0 0 0 0 0
0 0 0 0 0 0 0 0 0 0 0 0 0 0 0 0 0 0 0 0 0 0 0 0 0 0 0 0 0 0 0 0 0 0 0 0
0 0 0 0 0 0 0 0 0 0 0 0 0 0 0 0 0 0 0 0 0 0 0 0 0 0 0 0 0 0 0 0 0 0 0 0
0 0 0 0 0 0 0 0 0 0 0 0 0 0 0 0 0 0 0 0 0 0 0 0 0 0 0 0 0 0 0 0 0 0 0 0
0 0 0 0 0 0 0 0 0 0 0 0 0 0 0 0 0 0 0 0 0 0 0 0 0 0 0 0 0 0 0 0 0 0 0 0
0 0 0 0 0 0 0 0 0 0 0 0 0 0 0 0 0 0 0 0 0 0 0 0 0 0 0 0 0 0 0 0 0 0 0 0
0 0 0 0 0 0 0 0 0 0 0 0 0 0 0 0 0 0 0 0 0 0 0 0 0 0 0 0 0 0 0 0 0 0 0 0
0 0 0 0 0 0 0 0 0 0 0 0 0 0 0 0 0 0 0 0 0 0 0 0 0 0 0 0 0 0 0 0 0 0 0 0
0 0 0 0 0 0 0 0 0 0 0 0 0 0 0 0 0 0 0 0 0 0 0 0 0 0 0 0 0 0 0 0 0 0 0 0
0 0 0 0 0 0 0 0 0 0 0 0 0 0 0 0 0 0 0 0 0 0 0 0 0 0 0 0 0 0 0 0 0 0 0 0
0 0 0 0 0 0 0 0 0 0 0 0 0 0 0 0 0 0 0 0 0 0 0 0 0 0 0 0 0 0 0 0 0 0 0 0
0 0 0 0 0 0 0 0 0 0 0 0 0 0 0 0 0 0 0 0 0 0 0 0 0 0 0 0 0 0 0 0 0 0 0 0
0 0 0 0 0 0 0 0 0 0 0 0 0 0 0 0 0 0 0 0 0 0 0 0 0 0 0 0 0 0 0 0 0 0 0 0

0 0 0 0 0 0 0 0 0 0 0 0 0 0 0 0 0 0 0 0 0 0 0 0 0 0 0 0 0 0 0 0 0 0 0 0
0 0 0 0 0 0 0 0 0 0 0 0 0 0 0 0 0 0 0 0 0 0 0 0 0 0 0 0 0 0 0 0 0 0 0 0
0 0 0 0 0 0 0 0 0 0 0 0 0 0 0 0 0 0 0 0 0 0 0 0 0 0 0 0 0 0 0 0 0 0 0 0
0 0 0 0 0 0 0 0 0 0 0 0 0 0 0 0 0 0 0 0 0 0 0 0 0 0 0 0 0 0 0 0 0 0 0 0
0 0 0 0 0 0 0 0 0 0 0 0 0 0 0 0 0 0 0 0 0 0 0 0 0 0 0 0 0 0 0 0 0 0 0 0
0 0 0 0 0 0 0 0 0 0 0 0 0 0 0 0 0 0 0 0 0 0 0 0 0 0 0 0 0 0 0 0 0 0 0 0
0 0 0 0 0 0 0 0 0 0 0 0 0 0 0 0 0 0 0 0 0 0 0 0 0 0 0 0 0 0 0 0 0 0 0 0
0 0 0 0 0 0 0 0 0 0 0 0 0 0 0 0 0 0 0 0 0 0 0 0 0 0 0 0 0 0 0 0 0 0 0 0
0 0 0 0 0 0 0 0 0 0 0 0 0 0 0 0 0 0 0 0 0 0 0 0 0 0 0 0 0 0 0 0 0 0 0 0
0 0 0 0 0 0 0 0 0 0 0 0 0 0 0 0 0 0 0 0 0 0 0 0 0 0 0 0 0 0 0 0 0 0 0 0
0 0 0 0 0 0 0 0 0 0 0 0 0 0 0 0 0 0 0 0 0 0 0 0 0 0 0 0 0 0 0 0 0 0 0 0
0 0 0 0 0 0 0 0 0 0 0 0 0 0 0 0 0 0 0 0 0 0 0 0 0 0 0 0 0 0 0 0 0 0 0 0
0 0 0 0 0 0 0 0 0 0 0 0 0 0 0 0 0 0 0 0 0 0 0 0 0 0 0 0 0 0 0 0 0 0 0 0
0 0 0 0 0 0 0 0 0 0 0 0 0 0 0 0 0 0 0 0 0 0 0 0 0 0 0 0 0 0 0 0 0 0 0 0
0 0 0 0 0 0 0 0 0 0 0 0 0 0 0 0 0 0 0 0 0 0 0 0 0 0 0 0 0 0 0 0 0 0 0 0
0 0 0 0 0 0 0 0 0 0 0 0 0 0 0 0 0 0 0 0 0 0 0 0 0 0 0 0 0 0 0 0 0 0 0 0
0 0 0 0 0 0 0 0 0 0 0 0 0 0 0 0 0 0 0 0 0 0 0 0 0 0 0 0 0 0 0 0 0 0 0 0
0 0 0 0 0 0 0 0 0 0 0 0 0 0 0 0 0 0 0 0 0 0 0 0 0 0 0 0 0 0 0 0 0 0 0 0
0 0 0 0 0 0 0 0 0 0 0 0 0 0 0 0 0 0 0 0 0 0 0 0 0 0 0 0 0 0 0 0 0 0 0 0
0 0 0 0 0 0 0 0 0 0 0 0 0 0 0 0 0 0 0 0 0 0 0 0 0 0 0 0 0 0 0 0 0 0 0 0
0 0 0 0 0 0 0 0 0 0 0 0 0 0 0 0 0 0 0 0 0 0 0 0 0 0 0 0 0 0 0 0 0 0 0 0
0 0 0 0 0 0 0 0 0 0 0 0 0 0 0 0 0 0 0 0 0 0 0 0 0 0 0 0 0 0 0 0 0 0 0 0
0 0 0 0 0 0 0 0 0 0 0 0 0 0 0 0 0 0 0 0 0 0 0 0 0 0 0 0 0 0 0 0 0 0 0 0
0 0 0 0 0 0 0 0 0 0 0 0 0 0 0 0 0 0 0 0 0 0 0 0 0 0 0 0 0 0 0 0 0 0 0 0
0 0 0 0 0 0 0 0 0 0 0 0 0 0 0 0 0 0 0 0 0 0 0 0 0 0 0 0 0 0 0 0 0 0 0 0
0 0 0 0 0 0 0 0 0 0 0 0 0 0 0 0 0 0 0 0 0 0 0 0 0 0 0 0 0 0 0 0 0 0 0 0
0 0 0 0 0 0 0 0 0 0 0 0 0 0 0 0 0 0 0 0 0 0 0 0 0 0 0 0 0 0 0 0 0 0 0 0
0 0 0 0 0 0 0 0 0 0 0 0 0 0 0 0 0 0 0 0 0 0 0 0 0 0 0 0 0 0 0 0 0 0 0 0
0 0 0 0 0 0 0 0 0 0 0 0 0 0 0 0 0 0 0 0 0 0 0 0 0 0 0 0 0 0 0 0 0 0 0 0
0 0 0 0 0 0 0 0 0 0 0 0 0 0 0 0 0 0 0 0 0 0 0 0 0 0 0 0 0 0 0 0 0 0 0 0
0 0 0 0 0 0 0 0 0 0 0 0 0 0 0 0 0 0 0 0 0 0 0 0 0 0 0 0 0 0 0 0 0 0 0 0
0 0 0 0 0 0 0 0 0 0 0 0 0 0 0 0 0 0 0 0 0 0 0 0 0 0 0 0 0 0 0 0 0 0 0 0
0 0 0 0 0 0 0 0 0 0 0 0 0 0 0 0 0 0 0 0 0 0 0 0 0 0 0 0 0 0 0 0 0 0 0 0
0 0 0 0 0 0 0 0 0 0 0 0 0 0 0 0 0 0 0 0 0 0 0 0 0 0 0 0 0 0 0 0 0 0 0 0
0 0 0 0 0 0 0 0 0 0 0 0 0 0 0 0 0 0 0 0 0 0 0 0 0 0 0 0 0 0 0 0 0 0 0 0
0 0 0 0 0 0 0 0 0 0 0 0 0 0 0 0 0 0 0 0 0 0 0 0 0 0 0 0 0 0 0 0 0 0 0 0

0 0 0 0 0 0 0 714 0 0 0 0 0 33 0 0 0 0 0 0 0 0 0 408 0 0 0 0 0 0 0 0 0 0 0 0
0 0 0 0 0 0 0 0 0 0 0 0 0 0 0 137 0 0 0 0 0 0 0 0 172 0 0 0 0 0 0 0 0 0 134 0
0 0 0 0 0 283 394 0 0 0 248 0 0 0 0 0 0 0 0 0 0 0 0 0 0 0 0 0 0 0 0 0 0 0 0 0
0 0 0 0 0 0 0 0 0 0 0 0 0 0 0 0 0 0 0 0 0 0 0 0 0 0 0 0 0 0 0 0 0 0 0 0
0 0 0 0 0 0 0 0 0 0 0 0 0 424 0 0 0 0 0 0 0 0 0 0 0 0 0 0 0 0 0 0 0 0 0 0
0 0 0 0 0 0 0 0 0 0 0 0 0 0 0 0 0 0 0 0 0 0 0 0 0 0 0 0 0 0 0 0 0 0 0 0
0 0 0 0 0 0 0 0 0 0 0 0 0 0 0 0 0 0 0 0 0 0 0 0 0 0 0 321 0 0 66 163 0 0 0 0
0 0 0 0 0 0 0 0 0 0 0 0 0 0 0 21 0 0 0 0 0 0 0 0 0 0 0 0 0 0 0 0 0 0 0 0
202 0 0 0 0 0 0 0 0 0 0 0 0 0 0 0 0 0 0 0 0 0 0 0 0 0 0 0 0 0 0 0 155 0 0 0
0 0 0 0 0 0 0 0 0 0 0 0 0 0 361 0 0 0 0 0 0 0 0 0 0 0 0 0 149 0 0 0 49 0 0 0
269 0 0 0 0 0 0 0 0 0 0 0 0 0 0 0 0 0 0 0 0 0 0 0 0 0 0 0 0 0 0 0 0 0 0 0
0 0 0 0 0 0 0 0 0 0 0 0 0 0 0 0 0 0 0 0 0 0 0 0 0 0 0 0 440 0 0 0 0 0 0 0
0 0 625 0 0 0 219 0 0 0 278 0 0 236 0 0 231 0 0 0 375 0 0 0 0 0 0 0 0 0 0 0 0 0 495 0
0 0 0 0 0 0 0 0 0 0 0 0 0 0 0 0 0 453 0 0 0 0 0 0 140 0 0 0 0 0 0 0 0 0 0 0
0 0 0 157 0 0 0 0 0 0 0 0 0 0 0 0 0 0 0 0 0 0 0 0 0 0 0 0 0 0 0 0 0 0 0 0
0 0 0 0 0 0 0 0 0 0 0 0 0 0 0 0 0 0 0 0 0 0 0 0 231 0 0 0 0 0 0 0 0 0 0 327
0 0 0 0 0 0 0 710 0 0 0 0 0 0 0 0 0 0 0 0 0 0 115 0 0 0 0 0 0 0 0 0 137 0 0 333
0 0 0 0 0 0 0 0 206 0 0 0 0 0 0 0 0 0 0 0 0 0 0 287 0 0 0 0 357 0 0 0 0 0 0 0
0 0 0 0 0 0 0 0 0 0 0 0 0 0 0 0 0 0 0 0 0 0 0 0 0 0 0 0 0 0 0 0 0 0 0 0
0 0 0 0 0 0 0 0 0 0 0 0 0 0 0 27 0 187 0 0 163 0 0 0 0 0 0 0 0 0 0 0 0 0 0 0
0 0 0 0 0 0 0 0 0 0 0 0 0 0 0 0 0 0 0 0 0 0 0 351 0 0 0 0 0 0 0 0 0 0 0 0
0 0 0 0 0 0 0 0 0 0 0 0 0 165 0 0 0 0 0 0 0 0 0 0 0 0 0 0 0 0 0 0 0 0 0 0
0 0 0 0 0 0 0 0 0 0 0 0 0 0 0 0 0 0 0 0 0 0 0 0 0 0 0 0 0 0 0 111 0 0 0 0
0 0 0 0 0 0 0 0 0 0 0 0 0 0 0 0 0 0 0 0 0 0 0 0 0 0 0 0 0 0 0 0 0 0 0 0
0 0 0 0 0 0 0 0 0 0 0 0 0 0 0 0 0 0 0 0 0 0 0 0 0 0 0 0 0 0 0 0 0 0 0 0
0 0 0 0 0 0 0 0 0 0 165 0 0 0 112 0 0 0 0 0 0 0 0 0 0 0 0 0 0 0 0 0 0 0 0 0
0 0 0 0 0 0 0 0 0 0 0 111 0 0 0 0 0 0 0 0 0 0 0 0 0 0 0 0 0 0 0 0 168 0 0 0
417 0 0 0 0 0 0 0 0 0 0 0 0 0 0 0 0 0 0 0 0 0 0 0 0 0 0 0 0 0 0 0 0 0 0 0
0 0 0 0 0 0 0 0 0 0 168 0 0 0 0 0 0 0 0 0 0 0 0 0 0 0 0 0 0 0 0 0 0 0 0 0
0 0 0 0 0 0 0 0 0 0 0 0 0 0 0 0 0 0 0 0 0 0 0 0 0 0 0 0 0 0 0 0 0 0 0 77
0 0 0 0 0 0 0 0 0 0 0 275 0 0 327 0 0 0 0 0 0 156 0 0 0 761 0 0 0 0 470 0 0 0 0 0
0 0 0 0 0 0 0 0 0 0 0 0 0 0 0 0 0 0 0 0 0 0 0 0 0 0 0 0 0 0 0 0 0 0 0 0
0 0 43 0 0 0 0 0 0 0 0 0 0 0 121 0 0 0 0 0 271 0 0 0 0 0 0 0 0 38 0 0 0 0 0 0
0 0 0 32 0 0 0 0 3 0 0 0 0 0 299 0 0 0 0 283 0 0 0 0 0 0 0 0 0 0 0 0 0 318 0 0
0 373 0 0 0 0 0 0 0 21 213 0 0 0 0 0 0 162 0 0 0 0 0 0 0 0 0 28 0 0 0 0 804 0 0 0
0 0 0 0 79 0 0 0 0 0 0 0 0 0 0 0 0 0 0 0 0 0 0 0 0 0 0 0 0 0 0 0 0 0 0 0

0 0 0 0 0 0 0 0 0 0 0 0 0 0 0 0 0 0 0 0 0 0 0 0 0 0 0 0 0 0 0 0 0 0 0 0
0 0 0 0 0 0 0 0 0 0 0 0 0 0 0 0 0 0 0 0 0 0 0 0 0 0 0 0 0 0 0 0 0 0 0 0
0 0 0 0 0 0 0 0 0 0 0 0 0 0 0 0 0 0 0 0 0 0 0 0 0 0 0 0 0 0 0 0 0 0 0 0
0 0 0 0 0 0 0 0 0 0 0 0 0 0 0 0 0 0 0 0 0 0 0 0 0 0 0 0 0 0 0 0 0 0 0 0
0 0 0 0 0 0 0 0 0 0 0 0 0 0 0 0 0 0 0 0 0 0 0 0 0 0 0 0 0 0 0 0 0 0 0 0
0 0 0 0 0 0 0 0 0 0 0 0 0 0 0 0 0 0 0 0 0 0 0 0 0 0 0 0 0 0 0 0 0 0 0 0
0 0 0 0 0 0 0 0 0 0 0 0 0 0 0 0 0 0 0 0 0 0 0 0 0 0 0 0 0 0 0 0 0 0 0 0
0 0 0 0 0 0 0 0 0 0 0 0 0 0 0 0 0 0 0 0 0 0 0 0 0 0 0 0 0 0 0 0 0 0 0 0
0 0 0 0 0 0 0 0 0 0 0 0 0 0 0 0 0 0 0 0 0 0 0 0 0 0 0 0 0 0 0 0 0 0 0 0
0 0 0 0 0 0 0 0 0 0 0 0 0 0 0 0 0 0 0 0 0 0 0 0 0 0 0 0 0 0 0 0 0 0 0 0
0 0 0 0 0 0 0 0 0 0 0 0 0 0 0 0 0 0 0 0 0 0 0 0 0 0 0 0 0 0 0 0 0 0 0 0
0 0 0 0 0 0 0 0 0 0 0 0 0 0 0 0 0 0 0 0 0 0 0 0 0 0 0 0 0 0 0 0 0 0 0 0
0 0 0 0 0 0 0 0 0 0 0 0 0 0 0 0 0 0 0 0 0 0 0 0 0 0 0 0 0 0 0 0 0 0 0 0
0 0 0 0 0 0 0 0 0 0 0 0 0 0 0 0 0 0 0 0 0 0 0 0 0 0 0 0 0 0 0 0 0 0 0 0
0 0 0 0 0 0 0 0 0 0 0 0 0 0 0 0 0 0 0 0 0 0 0 0 0 0 0 0 0 0 0 0 0 0 0 0
0 0 0 0 0 0 0 0 0 0 0 0 0 0 0 0 0 0 0 0 0 0 0 0 0 0 0 0 0 0 0 0 0 0 0 0
0 0 0 0 0 0 0 0 0 0 0 0 0 0 0 0 0 0 0 0 0 0 0 0 0 0 0 0 0 0 0 0 0 0 0 0
0 0 0 0 0 0 0 0 0 0 0 0 0 0 0 0 0 0 0 0 0 0 0 0 0 0 0 0 0 0 0 0 0 0 0 0
0 0 0 0 0 0 0 0 0 0 0 0 0 0 0 0 0 0 0 0 0 0 0 0 0 0 0 0 0 0 0 0 0 0 0 0
0 0 0 0 0 0 0 0 0 0 0 0 0 0 0 0 0 0 0 0 0 0 0 0 0 0 0 0 0 0 0 0 0 0 0 0
0 0 0 0 0 0 0 0 0 0 0 0 0 0 0 0 0 0 0 0 0 0 0 0 0 0 0 0 0 0 0 0 0 0 0 0
0 0 0 0 0 0 0 0 0 0 0 0 0 0 0 0 0 0 0 0 0 0 0 0 0 0 0 0 0 0 0 0 0 0 0 0
0 0 0 0 0 0 0 0 0 0 0 0 0 0 0 0 0 0 0 0 0 0 0 0 0 0 0 0 0 0 0 0 0 0 0 0
0 0 0 0 0 0 0 0 0 0 0 0 0 0 0 0 0 0 0 0 0 0 0 0 0 0 0 0 0 0 0 0 0 0 0 0
0 0 0 0 0 0 0 0 0 0 0 0 0 0 0 0 0 0 0 0 0 0 0 0 0 0 0 0 0 0 0 0 0 0 0 0
0 0 0 0 0 0 0 0 0 0 0 0 0 0 0 0 0 0 0 0 0 0 0 0 0 0 0 0 0 0 0 0 0 0 0 0
0 0 0 0 0 0 0 0 0 0 0 0 0 0 0 0 0 0 0 0 0 0 0 0 0 0 0 0 0 0 0 0 0 0 0 0
0 0 0 0 0 0 0 0 0 0 0 0 0 0 0 0 0 0 0 0 0 0 0 0 0 0 0 0 0 0 0 0 0 0 0 0
0 0 0 0 0 0 0 0 0 0 0 0 0 0 0 0 0 0 0 0 0 0 0 0 0 0 0 0 0 0 0 0 0 0 0 0
0 0 0 0 0 0 0 0 0 0 0 0 0 0 0 0 0 0 0 0 0 0 0 0 0 0 0 0 0 0 0 0 0 0 0 0
0 0 0 0 0 0 0 0 0 0 0 0 0 0 0 0 0 0 0 0 0 0 0 0 0 0 0 0 0 0 0 0 0 0 0 0
0 0 0 0 0 0 0 0 0 0 0 0 0 0 0 0 0 0 0 0 0 0 0 0 0 0 0 0 0 0 0 0 0 0 0 0
0 0 0 0 0 0 0 0 0 0 0 0 0 0 0 0 0 0 0 0 0 0 0 0 0 0 0 0 0 0 0 0 0 0 0 0
0 0 0 0 0 0 0 0 0 0 0 0 0 0 0 0 0 0 0 0 0 0 0 0 0 0 0 0 0 0 0 0 0 0 0 0
0 0 0 0 0 0 0 0 0 0 0 0 0 0 0 0 0 0 0 0 0 0 0 0 0 0 0 0 0 0 0 0 0 0 0 0
0 0 0 0 0 0 0 0 0 0 0 0 0 0 0 0 0 0 0 0 0 0 0 0 0 0 0 0 0 0 0 0 0 0 0 0

6530 5511 6075 6290 6368 7066 6327 6831 6080 5231 5749 5411 7222 7033 7086 5696 6078 5901 6008 6194 6278 6456 6241 5908 6515 5344 5843 5943 5512 5541 5565 6304 6341 6170 5683 6563
7038 6757 6644 6505 6222 6388 5076 5551 5905 5887 6725 7031 5479 6046 5676 6705 6408 5473 6299 6267 5705 5624 5562 6423 5766 6501 6784 6129 6199 5927 6056 5968 5733 6329 6133 5877
6011 6383 5635 5276 4866 6483 6926 6462 5431 5826 5466 6237 6807 7184 6299 5529 5135 5853 5579 5897 6217 5910 6228 5946 5624 6559 6261 6094 5703 6898 6598 5782 5650 6214 4685 5679
5959 7164 6523 6377 6491 6345 5324 5752 6618 6768 6275 5838 6610 6501 6145 6614 6822 6420 5770 5940 5274 5454 6594 7050 5731 6207 6453 5956 5842 6399 6944 5091 6480 5806 6219 5661
5849 5844 5567 6261 6258 6796 5774 5088 5918 6000 6441 5980 6834 7998 6575 5191 5648 5458 6231 5912 5837 6367 5723 6451 6270 6151 7311 7086 5946 6072 6470 6834 6186 6277 7155 6896
6646 7429 6196 6252 6521 6801 6241 6341 6337 6326 5868 6439 5487 5985 6416 7390 6711 5972 5960 6165 5881 5484 6185 6997 5823 5446 5305 5201 5340 6712 6191 5406 5628 5944 5164 6210
5704 5858 6601 6982 5658 4954 5080 6092 5965 6479 6793 7006 6068 6736 5281 5275 4787 6096 5358 6005 6372 6677 7052 6602 5950 6278 7215 7301 7102 6838 6762 6249 5619 7160 8283 6547
6380 6156 5463 6509 5821 5438 5678 6626 5493 5420 6231 5999 5866 6970 6928 7331 7124 6553 6160 5035 4572 5318 6509 5396 5371 6906 6404 5802 5571 5530 5556 5509 5291 5722 6379 5684
6691 6264 6603 5560 6432 6707 7927 5847 5776 6169 5895 5943 6318 5338 6003 4876 5670 5041 6439 7021 7482 6600 6596 5982 6139 5710 5936 6444 5707 7098 6046 5810 6322 5847 6414 5565
5587 4803 6458 5880 4763 6147 5659 5967 6917 6425 5567 6020 6093 5840 6380 6726 6368 5985 5493 4671 5154 5540 6900 6388 6131 6456 5225 6626 4761 5420 5888 5652 6133 5708 6146 6355
6809 6040 6013 6356 5795 6108 6306 5504 6080 6742 6198 5774 6228 6220 5907 5869 6364 6257 7395 7303 6358 5332 5751 6215 6717 5851 7333 6826 6341 6212 6374 6196 5884 6153 6189 6763
5748 6543 6687 5855 5589 6017 5730 5571 5842 6871 5410 6134 6996 6152 5059 6578 6548 5309 5239 5681 7117 6208 6180 5257 5180 5073 4958 6730 5323 6298 6002 5937 5659 6170 6858 5262
5469 5742 6398 5905 6453 5926 7347 6149 6305 5867 6426 6378 5971 5897 6635 5683 7402 7384 7493 6824 5910 7128 6154 6652 6534 6108 6624 6162 5510 5710 6510 5654 6125 6317 6450 6150
7887 5203 5545 5855 6224 6309 6111 6705 6646 5930 6535 6243 5414 5493 5642 6725 5529 4822 5287 6309 5470 5467 4845 7077 6116 6248 6661 6339 7123 6226 7013 6009 6350 6047 6052 5568
5347 6355 6777 6295 5671 6848 5583 5364 5381 5645 7050 6391 7023 6631 5692 6572 6625 6588 5773 7313 6558 6642 6600 6511 6350 5665 5201 5776 4999 5783 5465 5715 6229 6370 6135 6326
6636 6543 6448 6013 5304 6600 6669 6623 6981 6164 5668 5680 6037 5866 5822 5825 6118 6235 6593 6147 6341 5900 6871 6563 6556 6240 6980 6944 6178 7024 5553 6432 5398 5435 6101 6983
4766 6189 7038 6730 7015 6482 5409 6561 6646 6201 6717 5791 5197 6474 5917 5277 6795 5156 6277 6421 6113 5891 5831 5814 5838 5539 5169 6493 6790 6621 6235 6892 6994 5538 6399 7805
6156 5585 5387 5172 5138 5993 6518 6670 5202 7239 5952 5847 5737 6205 6342 5570 6403 6825 5566 5354 4535 6337 5847 7021 7645 6509 6174 6861 5764 5355 6304 5930 5907 6277 6538 6319
5437 7267 7409 7038 7145 6307 6880 6403 5826 5960 6454 5821 6436 6152 6227 5835 5599 6401 6190 6774 6545 6987 5269 5319 6631 5881 5801 6227 6082 5966 6427 6272 6233 5100 5791 6369
6169 5748 5968 5574 5995 6441 5287 5036 6196 5929 5632 5761 5992 6323 5810 5654 5879 6121 6070 5683 6075 5420 6601 6509 6007 5613 5083 6059 5165 5745 5297 5529 6493 5748 6467 6275
6637 6263 6726 6047 5519 6496 5867 6066 5651 6386 6363 5448 5747 6384 6218 6501 5514 6145 5837 5946 5428 5265 6082 6712 6527 6038 6394 5980 6390 6793 5636 6374 6358 5893 4630 6103
6007 5838 6378 5471 6319 6096 5835 5927 6302 6566 5983 6596 6471 5717 5190 5561 6720 5431 7401 7562 6068 6301 5747 5572 4965 5643 5441 5059 6587 6363 5531 6177 5592 6515 6302 6114
6134 5701 7016 6486 5813 5926 6161 6198 5692 6506 5242 6045 6007 5755 7005 7269 6154 6635 5533 5915 5848 6072 6904 7213 6042 6175 7050 6624 6521 6214 6497 6196 6885 4875 6383 5454
6298 6798 6037 5977 5844 5867 5813 6144 6199 6345 6622 7303 6480 5883 4525 5394 5623 5565 6932 6157 5351 5415 5111 5565 5685 5047 5238 5581 6363 6543 6821 5430 6359 6616 6401 6759
5868 5774 4856 5349 5879 6607 6134 5497 6422 6286 5683 6162 7462 7012 8056 6648 6530 6597 6511 5766 5724 5552 6972 7014 5625 6103 6248 6640 6089 6511 6846 6794 5676 6414 7214 5859
6565 7178 6606 6036 6222 6452 5709 5447 5668 5786 5449 6176 5915 5491 5545 5359 5584 5799 5797 6665 6679 6037 5830 5688 6298 5652 5076 5737 6254 6098 5619 5627 6049 6342 5772 6351
5671 5341 5082 6196 6772 6249 6371 6444 6379 7173 6847 6864 6510 6456 5838 6252 7147 7206 5531 5325 6078 6222 5962 5867 5751 5337 6812 6292 5449 5794 6530 6816 5988 7011 6490 6743
5220 5944 5933 6318 5972 6488 5968 5620 5961 5018 4752 5618 4929 5698 5061 5899 6259 6844 5766 6879 6150 5887 6010 6062 6594 6946 5601 6184 5985 5378 5744 6305 6302 5901 6738 6493
5836 5868 6337 6301 6001 5596 5606 5695 5530 6171 7218 6621 6653 6877 7236 7627 6858 5864 6014 5929 6114 6303 6253 5617 5118 4973 5633 5923 6528 6207 7268 5521 5476 6147 6512 6160
5285 4853 6235 5588 6467 5920 6176 6531 5712 5562 5672 5765 5106 5702 5801 6450 7035 6256 6080 6101 5902 5875 6185 5383 6450 7064 5720 4589 4170 6493 6021 6631 5660 5602 6290 6474
6710 6031 5705 6520 5707 5861 5556 5158 5486 5925 6834 7158 6920 5857 5869 6540 5282 6138 5979 6318 5793 6385 5830 5925 5925 6145 6611 7137 7669 6240 7111 5993 5833 6343 6245 7022
4993 6428 7267 7365 7342 6908 5970 6359 6921 6466 5693 6110 5630 6016 6018 7367 6352 6579 6667 7277 6732 6380 5351 6278 6615 6537 5019 5831 6221 6241 6124 5501 5125 6124 6790 6060
5891 5721 5513 5471 5591 5586 6295 6288 5588 6237 5992 6383 5957 6517 6555 6526 5912 5599 6219 6086 6568 6176 5965 6024 5634 5811 4735 5875 6000 6432 6162 5948 7034 6221 5991 5875
6681 6659 5593 6233 6459 5833 5629 5260 6565 6605 6264 5813 6376 5651 5941 4846 5582 5697 6993 6543 6566 5409 6568 7278 6341 6005 6449 6527 5925 6024 5728 5992 7326 6488 5998 7418
5931 6764 6271 6044 4718 6046 6248 5866 5696 6094 6734 6513 5647 6032 6567 5959 6603 6276 6356 6716 5796 5346 6653 5948 5703 5433 6192 5351 6203 6220 5752 6632 6905 5520 4951 6400
6983 5565 5654 5657 5644 6400 6334 6157 6335 5760 5896 5923 6075 7162 5815 5851 5752 5761 6088 6905 5435 6739 6471 6414 6099 5464 5471 5671 5871 6080 6343 6179 6343 5526 6313 6857

0 0 0 0 0 0 0 0 0 0 0 0 0 0 0 0 0 0 0 0 0 0 0 0 0 0 0 0 0 0 0 0 0 0 0 0
0 0 0 0 0 0 0 0 0 0 0 0 0 0 0 0 0 0 0 0 0 0 0 0 0 0 0 0 0 0 0 0 0 0 0 0
0 0 0 0 0 0 0 0 0 0 0 0 0 0 0 0 0 0 0 0 0 0 0 0 0 0 0 0 0 0 0 0 0 0 0 0
0 0 0 0 0 0 0 0 0 0 0 0 0 0 0 0 0 0 0 0 0 0 0 0 0 0 0 0 0 0 0 0 0 0 0 0
0 0 0 0 0 0 0 0 0 0 0 0 0 0 0 0 0 0 0 0 0 0 0 0 0 0 0 0 0 0 0 0 0 0 0 0
0 0 0 0 0 0 0 0 0 0 0 0 0 0 0 0 0 0 0 0 0 0 0 0 0 0 0 0 0 0 0 0 0 0 0 0
0 0 0 0 0 0 0 0 0 0 0 0 0 0 0 0 0 0 0 0 0 0 0 0 0 0 0 0 0 0 0 0 0 0 0 0
0 0 0 0 0 0 0 0 0 0 0 0 0 0 0 0 0 0 0 0 0 0 0 0 0 0 0 0 0 0 0 0 0 0 0 0
0 0 0 0 0 0 0 0 0 0 0 0 0 0 0 0 0 0 0 0 0 0 0 0 0 0 0 0 0 0 0 0 0 0 0 0
0 0 0 0 0 0 0 0 0 0 0 0 0 0 0 0 0 0 0 0 0 0 0 0 0 0 0 0 0 0 0 0 0 0 0 0
0 0 0 0 0 0 0 0 0 0 0 0 0 0 0 0 0 0 0 0 0 0 0 0 0 0 0 0 0 0 0 0 0 0 0 0
0 0 0 0 0 0 0 0 0 0 0 0 0 0 0 0 0 0 0 0 0 0 0 0 0 0 0 0 0 0 0 0 0 0 0 0
0 0 0 0 0 0 0 0 0 0 0 0 0 0 0 0 0 0 0 0 0 0 0 0 0 0 0 0 0 0 0 0 0 0 0 0
0 0 0 0 0 0 0 0 0 0 0 0 0 0 0 0 0 0 0 0 0 0 0 0 0 0 0 0 0 0 0 0 0 0 0 0
0 0 0 0 0 0 0 0 0 0 0 0 0 0 0 0 0 0 0 0 0 0 0 0 0 0 0 0 0 0 0 0 0 0 0 0
0 0 0 0 0 0 0 0 0 0 0 0 0 0 0 0 0 0 0 0 0 0 0 0 0 0 0 0 0 0 0 0 0 0 0 0
0 0 0 0 0 0 0 0 0 0 0 0 0 0 0 0 0 0 0 0 0 0 0 0 0 0 0 0 0 0 0 0 0 0 0 0
0 0 0 0 0 0 0 0 0 0 0 0 0 0 0 0 0 0 0 0 0 0 0 0 0 0 0 0 0 0 0 0 0 0 0 0
0 0 0 0 0 0 0 0 0 0 0 0 0 0 0 0 0 0 0 0 0 0 0 0 0 0 0 0 0 0 0 0 0 0 0 0
0 0 0 0 0 0 0 0 0 0 0 0 0 0 0 0 0 0 0 0 0 0 0 0 0 0 0 0 0 0 0 0 0 0 0 0
0 0 0 0 0 0 0 0 0 0 0 0 0 0 0 0 0 0 0 0 0 0 0 0 0 0 0 0 0 0 0 0 0 0 0 0
0 0 0 0 0 0 0 0 0 0 0 0 0 0 0 0 0 0 0 0 0 0 0 0 0 0 0 0 0 0 0 0 0 0 0 0
0 0 0 0 0 0 0 0 0 0 0 0 0 0 0 0 0 0 0 0 0 0 0 0 0 0 0 0 0 0 0 0 0 0 0 0
0 0 0 0 0 0 0 0 0 0 0 0 0 0 0 0 0 0 0 0 0 0 0 0 0 0 0 0 0 0 0 0 0 0 0 0
0 0 0 0 0 0 0 0 0 0 0 0 0 0 0 0 0 0 0 0 0 0 0 0 0 0 0 0 0 0 0 0 0 0 0 0
0 0 0 0 0 0 0 0 0 0 0 0 0 0 0 0 0 0 0 0 0 0 0 0 0 0 0 0 0 0 0 0 0 0 0 0
0 0 0 0 0 0 0 0 0 0 0 0 0 0 0 0 0 0 0 0 0 0 0 0 0 0 0 0 0 0 0 0 0 0 0 0
0 0 0 0 0 0 0 0 0 0 0 0 0 0 0 0 0 0 0 0 0 0 0 0 0 0 0 0 0 0 0 0 0 0 0 0
0 0 0 0 0 0 0 0 0 0 0 0 0 0 0 0 0 0 0 0 0 0 0 0 0 0 0 0 0 0 0 0 0 0 0 0
0 0 0 0 0 0 0 0 0 0 0 0 0 0 0 0 0 0 0 0 0 0 0 0 0 0 0 0 0 0 0 0 0 0 0 0
0 0 0 0 0 0 0 0 0 0 0 0 0 0 0 0 0 0 0 0 0 0 0 0 0 0 0 0 0 0 0 0 0 0 0 0
0 0 0 0 0 0 0 0 0 0 0 0 0 0 0 0 0 0 0 0 0 0 0 0 0 0 0 0 0 0 0 0 0 0 0 0
0 0 0 0 0 0 0 0 0 0 0 0 0 0 0 0 0 0 0 0 0 0 0 0 0 0 0 0 0 0 0 0 0 0 0 0
0 0 0 0 0 0 0 0 0 0 0 0 0 0 0 0 0 0 0 0 0 0 0 0 0 0 0 0 0 0 0 0 0 0 0 0
0 0 0 0 0 0 0 0 0 0 0 0 0 0 0 0 0 0 0 0 0 0 0 0 0 0 0 0 0 0 0 0 0 0 0 0
0 0 0 0 0 0 0 0 0 0 0 0 0 0 0 0 0 0 0 0 0 0 0 0 0 0 0 0 0 0 0 0 0 0 0 0

0 0 0 0 0 0 0 0 0 0 0 0 0 0 0 0 0 0 0 0 0 0 0 0 0 0 0 0 0 0 0 0 0 0 0 0
0 0 0 0 0 0 0 0 0 0 0 0 0 0 0 0 0 0 0 0 0 0 0 0 0 0 0 0 0 0 0 0 0 0 0 0
0 0 0 0 0 0 0 0 0 0 0 0 0 0 0 0 0 0 0 0 0 0 0 0 0 0 0 0 0 0 0 0 0 0 0 0
0 0 0 0 0 0 0 0 0 0 0 0 0 0 0 0 0 0 0 0 0 0 0 0 0 0 0 0 0 0 0 0 0 0 0 0
0 0 0 0 0 0 0 0 0 0 0 0 0 0 0 0 0 0 0 0 0 0 0 0 0 0 0 0 0 0 0 0 0 0 0 0
0 0 0 0 0 0 0 0 0 0 0 0 0 0 0 0 0 0 0 0 0 0 0 0 0 0 0 0 0 0 0 0 0 0 0 0
0 0 0 0 0 0 0 0 0 0 0 0 0 0 0 0 0 0 0 0 0 0 0 0 0 0 0 0 0 0 0 0 0 0 0 0
0 0 0 0 0 0 0 0 0 0 0 0 0 0 0 0 0 0 0 0 0 0 0 0 0 0 0 0 0 0 0 0 0 0 0 0
0 0 0 0 0 0 0 0 0 0 0 0 0 0 0 0 0 0 0 0 0 0 0 0 0 0 0 0 0 0 0 0 0 0 0 0
0 0 0 0 0 0 0 0 0 0 0 0 0 0 0 0 0 0 0 0 0 0 0 0 0 0 0 0 0 0 0 0 0 0 0 0
0 0 0 0 0 0 0 0 0 0 0 0 0 0 0 0 0 0 0 0 0 0 0 0 0 0 0 0 0 0 0 0 0 0 0 0
0 0 0 0 0 0 0 0 0 0 0 0 0 0 0 0 0 0 0 0 0 0 0 0 0 0 0 0 0 0 0 0 0 0 0 0
0 0 0 0 0 0 0 0 0 0 0 0 0 0 0 0 0 0 0 0 0 0 0 0 0 0 0 0 0 0 0 0 0 0 0 0
0 0 0 0 0 0 0 0 0 0 0 0 0 0 0 0 0 0 0 0 0 0 0 0 0 0 0 0 0 0 0 0 0 0 0 0
0 0 0 0 0 0 0 0 0 0 0 0 0 0 0 0 0 0 0 0 0 0 0 0 0 0 0 0 0 0 0 0 0 0 0 0
0 0 0 0 0 0 0 0 0 0 0 0 0 0 0 0 0 0 0 0 0 0 0 0 0 0 0 0 0 0 0 0 0 0 0 0
0 0 0 0 0 0 0 0 0 0 0 0 0 0 0 0 0 0 0 0 0 0 0 0 0 0 0 0 0 0 0 0 0 0 0 0
0 0 0 0 0 0 0 0 0 0 0 0 0 0 0 0 0 0 0 0 0 0 0 0 0 0 0 0 0 0 0 0 0 0 0 0
0 0 0 0 0 0 0 0 0 0 0 0 0 0 0 0 0 0 0 0 0 0 0 0 0 0 0 0 0 0 0 0 0 0 0 0
0 0 0 0 0 0 0 0 0 0 0 0 0 0 0 0 0 0 0 0 0 0 0 0 0 0 0 0 0 0 0 0 0 0 0 0
0 0 0 0 0 0 0 0 0 0 0 0 0 0 0 0 0 0 0 0 0 0 0 0 0 0 0 0 0 0 0 0 0 0 0 0
0 0 0 0 0 0 0 0 0 0 0 0 0 0 0 0 0 0 0 0 0 0 0 0 0 0 0 0 0 0 0 0 0 0 0 0
0 0 0 0 0 0 0 0 0 0 0 0 0 0 0 0 0 0 0 0 0 0 0 0 0 0 0 0 0 0 0 0 0 0 0 0
0 0 0 0 0 0 0 0 0 0 0 0 0 0 0 0 0 0 0 0 0 0 0 0 0 0 0 0 0 0 0 0 0 0 0 0
0 0 0 0 0 0 0 0 0 0 0 0 0 0 0 0 0 0 0 0 0 0 0 0 0 0 0 0 0 0 0 0 0 0 0 0
0 0 0 0 0 0 0 0 0 0 0 0 0 0 0 0 0 0 0 0 0 0 0 0 0 0 0 0 0 0 0 0 0 0 0 0
0 0 0 0 0 0 0 0 0 0 0 0 0 0 0 0 0 0 0 0 0 0 0 0 0 0 0 0 0 0 0 0 0 0 0 0
0 0 0 0 0 0 0 0 0 0 0 0 0 0 0 0 0 0 0 0 0 0 0 0 0 0 0 0 0 0 0 0 0 0 0 0
0 0 0 0 0 0 0 0 0 0 0 0 0 0 0 0 0 0 0 0 0 0 0 0 0 0 0 0 0 0 0 0 0 0 0 0
0 0 0 0 0 0 0 0 0 0 0 0 0 0 0 0 0 0 0 0 0 0 0 0 0 0 0 0 0 0 0 0 0 0 0 0
0 0 0 0 0 0 0 0 0 0 0 0 0 0 0 0 0 0 0 0 0 0 0 0 0 0 0 0 0 0 0 0 0 0 0 0
0 0 0 0 0 0 0 0 0 0 0 0 0 0 0 0 0 0 0 0 0 0 0 0 0 0 0 0 0 0 0 0 0 0 0 0
0 0 0 0 0 0 0 0 0 0 0 0 0 0 0 0 0 0 0 0 0 0 0 0 0 0 0 0 0 0 0 0 0 0 0 0
0 0 0 0 0 0 0 0 0 0 0 0 0 0 0 0 0 0 0 0 0 0 0 0 0 0 0 0 0 0 0 0 0 0 0 0
0 0 0 0 0 0 0 0 0 0 0 0 0 0 0 0 0 0 0 0 0 0 0 0 0 0 0 0 0 0 0 0 0 0 0 0
0 0 0 0 0 0 0 0 0 0 0 0 0 0 0 0 0 0 0 0 0 0 0 0 0 0 0 0 0 0 0 0 0 0 0 0

0 0 0 0 0 0 125 139 0 0 0 0 0 0 0 0 0 0 0 0 0 0 0 0 45 0 285 0 0 0 0 0 0 0 0 0
0 0 23 0 0 836 0 0 0 0 862 178 0 0 0 0 0 0 0 0 0 0 0 0 0 0 265 0 0 0 101 0 0 0 0 0
78 0 0 0 0 0 77 0 0 0 0 0 0 0 135 0 0 0 0 0 0 364 290 0 0 0 0 0 0 0 82 0 0 404 0 0
0 195 0 0 4 0 0 0 16 0 0 0 160 0 0 0 0 0 0 0 0 0 0 0 0 0 0 0 0 0 0 0 0 0 158 0
0 0 0 0 0 0 0 0 0 0 63 0 0 36 0 0 0 0 0 0 0 0 0 0 0 0 0 0 0 0 0 0 0 0 862 0
0 0 0 0 0 0 0 0 0 0 0 0 0 0 0 0 81 0 0 0 0 0 0 0 0 0 0 388 0 0 0 0 0 248 0 0
0 0 0 164 0 0 0 0 0 0 0 0 0 0 0 0 331 334 0 0 0 0 0 0 0 0 0 0 0 0 32 0 0 0 0 0
747 0 0 0 0 0 0 106 0 0 0 0 0 0 0 311 79 0 0 0 0 0 0 0 0 0 0 0 0 0 0 0 0 0 0 0
0 481 0 0 0 0 0 0 0 0 0 97 0 0 0 256 0 0 0 0 0 0 0 0 438 0 174 0 0 0 378 26 0 0 0 0
0 0 0 0 0 224 0 0 0 0 0 0 0 0 0 530 10 0 397 0 0 0 256 58 0 0 0 28 0 0 0 0 0 0 198 0
0 0 0 38 0 0 0 0 0 0 0 0 242 0 0 137 0 0 0 192 0 0 0 0 0 0 0 240 0 0 0 0 0 266 0 0
0 0 467 0 0 0 0 0 0 212 0 0 206 0 0 0 0 0 0 0 0 159 0 0 0 0 0 0 0 0 0 0 0 0 492 0
0 0 0 223 0 0 317 0 0 207 0 201 0 152 0 0 0 0 0 0 0 0 0 0 0 0 0 0 0 0 0 0 0 0 0 0
0 0 0 0 694 0 449 0 0 0 0 0 0 0 0 172 511 0 0 0 0 0 0 240 0 0 0 0 62 0 0 0 0 0 0 0
0 0 0 0 0 0 0 51 284 0 0 0 0 798 0 0 0 0 0 0 0 0 0 0 0 0 0 216 774 0 122 0 0 0 167 126
0 0 0 0 0 0 0 0 0 0 0 0 149 109 0 0 0 0 0 0 0 0 0 65 528 0 0 0 0 0 0 0 0 0 0 0
0 205 0 0 0 33 0 0 0 0 59 0 0 137 0 21 0 0 0 0 0 0 0 0 188 0 0 0 0 0 0 0 0 0 0 81
0 0 0 0 0 0 98 0 0 187 0 0 0 0 0 0 88 0 0 0 0 0 0 0 0 0 0 399 0 0 0 0 0 0 0 0
0 0 0 0 0 0 0 67 0 0 0 0 0 99 0 0 0 0 0 0 0 0 0 0 0 0 0 0 0 0 23 0 83 0 0 0
0 0 0 0 137 0 0 0 18 243 0 0 0 0 0 0 0 0 0 123 0 112 420 0 0 0 0 0 0 0 0 0 0 0 0 0
165 0 75 0 0 0 0 0 0 0 0 0 0 0 0 0 0 361 0 0 0 0 0 0 0 0 0 0 0 43 0 0 142 0 0 43
0 0 0 0 0 0 0 0 0 0 0 0 0 0 0 0 0 0 826 0 0 0 0 0 0 0 0 0 0 0 287 0 0 476 0 0
0 0 0 0 0 0 0 42 103 0 0 0 65 0 0 0 0 637 0 0 0 0 0 0 0 0 0 0 0 0 0 0 0 0 411 0
0 0 0 0 0 0 0 24 0 0 0 388 502 1328 0 0 0 0 0 0 0 0 0 0 0 0 0 0 0 170 0 0 0 0 0 0
0 0 0 0 0 0 0 0 263 386 0 0 0 0 0 0 0 0 0 0 0 0 0 0 0 0 0 0 0 0 0 0 0 524 130 0
0 0 210 0 0 0 0 0 0 0 0 0 0 0 0 0 113 0 0 0 0 0 0 0 349 0 0 0 0 0 0 0 0 17 0 0
89 0 0 0 0 0 0 0 0 0 0 0 0 0 24 0 599 179 0 0 0 0 0 431 0 0 0 0 0 0 0 0 0 0 0 0
0 0 0 0 0 0 0 232 0 0 0 283 431 0 0 0 0 0 0 0 0 0 0 0 0 786 0 67 0 0 0 803 0 362 0 0
0 121 0 0 0 598 0 0 0 149 0 0 0 0 0 160 0 0 0 0 0 0 0 0 0 0 0 0 0 0 0 0 0 0 0 78
0 0 0 0 25 0 0 0 0 0 0 196 0 0 0 0 434 0 0 224 0 0 0 0 0 0 0 0 0 0 0 0 0 0 457 424
0 0 0 0 0 0 0 0 0 0 0 502 411 0 0 70 0 0 0 0 0 0 0 41 0 0 317 62 0 0 0 0 0 0 0 0
0 0 0 0 0 88 0 0 244 0 0 0 0 0 0 0 0 0 0 0 125 0 0 0 0 0 0 0 0 0 132 0 0 0 0 0
490 0 0 0 0 0 0 0 0 0 0 0 0 0 0 0 0 0 0 327 0 0 0 0 0 0 0 0 0 0 0 44 0 0 0 0
397 0 0 0 39 0 0 0 0 20 0 0 0 0 0 197 0 0 32 304 0 0 0 0 0 0 0 0 0 0 0 274 1097 0 0 0
117 0 50 0 0 0 0 0 0 0 74 0 0 0 0 0 0 0 0 0 0 0 473 0 0 0 0 0 0 0 0 271 300 190 0 68
0 0 0 0 0 53 0 0 0 0 222 0 0 0 0 0 0 0 0 463 0 406 0 0 570 0 0 0 0 387 0 0 0 0 0 89

0 0 0 0 0 0 0 0 0 0 0 0 0 0 0 0 0 0 0 0 0 0 0 0 0 0 0 0 0 0 0 0 0 0 0 0
0 0 0 0 0 0 0 0 0 0 0 0 0 0 0 0 0 0 0 0 0 0 0 0 0 0 0 0 0 0 0 0 0 0 0 0
0 0 0 0 0 0 0 0 0 0 0 0 0 0 0 0 0 0 0 0 0 0 0 0 0 0 0 0 0 0 0 0 0 0 0 0
0 0 0 0 0 0 0 0 0 0 0 0 0 0 0 0 0 0 0 0 0 0 0 0 0 0 0 0 0 0 0 0 0 0 0 0
0 0 0 0 0 0 0 0 0 0 0 0 0 0 0 0 0 0 0 0 0 0 0 0 0 0 0 0 0 0 0 0 0 0 0 0
0 0 0 0 0 0 0 0 0 0 0 0 0 0 0 0 0 0 0 0 0 0 0 0 0 0 0 0 0 0 0 0 0 0 0 0
0 0 0 0 0 0 0 0 0 0 0 0 0 0 0 0 0 0 0 0 0 0 0 0 0 0 0 0 0 0 0 0 0 0 0 0
0 0 0 0 0 0 0 0 0 0 0 0 0 0 0 0 0 0 0 0 0 0 0 0 0 0 0 0 0 0 0 0 0 0 0 0
0 0 0 0 0 0 0 0 0 0 0 0 0 0 0 0 0 0 0 0 0 0 0 0 0 0 0 0 0 0 0 0 0 0 0 0
0 0 0 0 0 0 0 0 0 0 0 0 0 0 0 0 0 0 0 0 0 0 0 0 0 0 0 0 0 0 0 0 0 0 0 0
0 0 0 0 0 0 0 0 0 0 0 0 0 0 0 0 0 0 0 0 0 0 0 0 0 0 0 0 0 0 0 0 0 0 0 0
0 0 0 0 0 0 0 0 0 0 0 0 0 0 0 0 0 0 0 0 0 0 0 0 0 0 0 0 0 0 0 0 0 0 0 0
0 0 0 0 0 0 0 0 0 0 0 0 0 0 0 0 0 0 0 0 0 0 0 0 0 0 0 0 0 0 0 0 0 0 0 0
0 0 0 0 0 0 0 0 0 0 0 0 0 0 0 0 0 0 0 0 0 0 0 0 0 0 0 0 0 0 0 0 0 0 0 0
0 0 0 0 0 0 0 0 0 0 0 0 0 0 0 0 0 0 0 0 0 0 0 0 0 0 0 0 0 0 0 0 0 0 0 0
0 0 0 0 0 0 0 0 0 0 0 0 0 0 0 0 0 0 0 0 0 0 0 0 0 0 0 0 0 0 0 0 0 0 0 0
0 0 0 0 0 0 0 0 0 0 0 0 0 0 0 0 0 0 0 0 0 0 0 0 0 0 0 0 0 0 0 0 0 0 0 0
0 0 0 0 0 0 0 0 0 0 0 0 0 0 0 0 0 0 0 0 0 0 0 0 0 0 0 0 0 0 0 0 0 0 0 0
0 0 0 0 0 0 0 0 0 0 0 0 0 0 0 0 0 0 0 0 0 0 0 0 0 0 0 0 0 0 0 0 0 0 0 0
0 0 0 0 0 0 0 0 0 0 0 0 0 0 0 0 0 0 0 0 0 0 0 0 0 0 0 0 0 0 0 0 0 0 0 0
0 0 0 0 0 0 0 0 0 0 0 0 0 0 0 0 0 0 0 0 0 0 0 0 0 0 0 0 0 0 0 0 0 0 0 0
0 0 0 0 0 0 0 0 0 0 0 0 0 0 0 0 0 0 0 0 0 0 0 0 0 0 0 0 0 0 0 0 0 0 0 0
0 0 0 0 0 0 0 0 0 0 0 0 0 0 0 0 0 0 0 0 0 0 0 0 0 0 0 0 0 0 0 0 0 0 0 0
0 0 0 0 0 0 0 0 0 0 0 0 0 0 0 0 0 0 0 0 0 0 0 0 0 0 0 0 0 0 0 0 0 0 0 0
0 0 0 0 0 0 0 0 0 0 0 0 0 0 0 0 0 0 0 0 0 0 0 0 0 0 0 0 0 0 0 0 0 0 0 0
0 0 0 0 0 0 0 0 0 0 0 0 0 0 0 0 0 0 0 0 0 0 0 0 0 0 0 0 0 0 0 0 0 0 0 0
0 0 0 0 0 0 0 0 0 0 0 0 0 0 0 0 0 0 0 0 0 0 0 0 0 0 0 0 0 0 0 0 0 0 0 0
0 0 0 0 0 0 0 0 0 0 0 0 0 0 0 0 0 0 0 0 0 0 0 0 0 0 0 0 0 0 0 0 0 0 0 0
0 0 0 0 0 0 0 0 0 0 0 0 0 0 0 0 0 0 0 0 0 0 0 0 0 0 0 0 0 0 0 0 0 0 0 0
0 0 0 0 0 0 0 0 0 0 0 0 0 0 0 0 0 0 0 0 0 0 0 0 0 0 0 0 0 0 0 0 0 0 0 0
0 0 0 0 0 0 0 0 0 0 0 0 0 0 0 0 0 0 0 0 0 0 0 0 0 0 0 0 0 0 0 0 0 0 0 0
0 0 0 0 0 0 0 0 0 0 0 0 0 0 0 0 0 0 0 0 0 0 0 0 0 0 0 0 0 0 0 0 0 0 0 0
0 0 0 0 0 0 0 0 0 0 0 0 0 0 0 0 0 0 0 0 0 0 0 0 0 0 0 0 0 0 0 0 0 0 0 0
0 0 0 0 0 0 0 0 0 0 0 0 0 0 0 0 0 0 0 0 0 0 0 0 0 0 0 0 0 0 0 0 0 0 0 0
0 0 0 0 0 0 0 0 0 0 0 0 0 0 0 0 0 0 0 0 0 0 0 0 0 0 0 0 0 0 0 0 0 0 0 0
0 0 0 0 0 0 0 0 0 0 0 0 0 0 0 0 0 0 0 0 0 0 0 0 0 0 0 0 0 0 0 0 0 0 0 0

0 0 0 0 275 0 0 177 0 0 465 0 0 0 0 0 0 0 0 211 3 0 0 0 0 0 0 0 100 0 0 0 0 0 0 0
0 0 0 0 329 0 0 0 50 0 0 0 0 44 0 0 0 0 0 0 0 0 0 0 374 0 0 0 0 0 0 0 0 0 204 0
204 0 0 0 57 0 0 482 0 0 0 0 0 0 0 0 0 0 0 0 0 0 0 0 0 27 19 0 0 0 0 0 0 0 0 0
0 0 0 0 0 0 0 192 0 0 0 0 82 0 0 0 0 0 0 129 29 0 0 128 0 195 0 0 0 212 0 0 0 0 0 0
103 303 0 0 0 66 181 0 0 0 0 0 0 0 0 0 0 0 0 0 0 0 0 0 0 0 0 0 0 251 0 0 0 0 0 0
0 0 0 0 0 0 0 0 0 0 53 0 0 0 76 0 34 149 0 0 0 0 0 0 0 0 0 0 0 0 243 0 0 0 0 0
514 0 0 231 0 0 0 0 0 0 0 0 0 22 213 0 0 0 0 0 0 208 0 16 0 0 0 0 0 0 523 123 0 152 0 0
0 118 0 0 0 0 0 0 0 0 0 0 0 0 0 308 0 0 132 0 0 0 0 0 0 0 0 0 0 0 35 0 0 0 0 0
0 0 0 0 0 0 0 1165 0 207 0 0 0 0 0 0 0 0 0 0 0 144 607 0 0 0 0 0 0 0 0 394 0 0 0 0
0 0 0 143 0 0 0 0 0 69 0 0 0 0 0 0 0 0 397 0 0 0 0 0 0 0 0 0 0 13 0 0 141 0 0 0
0 62 0 0 0 0 0 0 0 0 0 0 108 0 0 0 0 0 0 0 252 0 0 0 0 194 0 0 0 0 0 0 0 64 0 0
0 0 0 0 0 0 0 0 264 0 0 0 0 118 0 0 0 270 407 0 203 0 0 0 0 0 0 0 0 242 0 0 190 0 0 263
0 0 0 0 0 0 43 0 0 0 0 0 0 0 0 0 0 0 0 0 0 0 0 0 408 0 0 0 0 0 132 0 0 38 0 0
0 0 0 0 0 0 0 85 0 0 0 466 0 438 0 0 16 0 221 0 0 681 0 0 0 0 0 0 0 0 0 0 0 0 0 0
329 0 0 0 0 313 0 0 0 0 0 0 0 0 0 0 0 0 124 0 0 0 0 0 192 0 0 0 0 0 0 0 0 0 0 0
418 0 0 91 0 0 0 0 0 0 320 0 0 0 0 0 0 0 647 0 108 122 0 0 0 0 0 0 0 0 432 0 0 0 0 0
0 0 0 0 0 73 0 0 0 0 0 159 262 37 0 506 0 0 72 0 0 0 0 0 0 0 27 0 0 342 0 0 0 162 0 45
0 0 292 740 0 0 0 234 0 0 0 0 84 0 0 0 0 74 0 0 0 0 0 0 0 0 0 8 0 0 0 603 0 0 0 0
0 0 0 8 0 0 196 0 0 0 0 0 0 0 0 0 0 0 0 0 0 206 0 0 378 0 12 0 0 0 0 0 0 0 0 0
0 0 0 0 0 0 0 0 0 0 0 0 0 0 0 0 0 0 0 0 0 204 0 0 228 0 454 194 0 4 210 0 0 0 0 556
0 0 0 0 192 0 0 370 368 0 0 0 0 0 0 0 0 0 0 0 0 0 0 0 131 0 0 0 0 0 0 0 55 0 0 0
0 0 281 0 0 0 0 0 0 279 0 0 79 0 0 0 0 0 0 253 612 0 0 0 0 599 0 0 0 277 0 440 0 0 0 0
0 0 550 0 82 278 0 0 0 105 0 0 0 0 0 512 0 0 0 0 0 0 0 0 0 0 0 0 0 0 0 0 0 0 61 0
0 0 538 0 0 0 0 0 0 0 0 126 166 0 0 319 0 0 0 0 0 0 0 136 0 0 60 0 0 0 0 143 10 0 0 0
0 0 0 221 0 0 0 0 0 0 0 0 0 0 0 433 0 0 0 0 0 0 0 0 0 0 0 0 0 0 0 0 0 0 0 0
0 0 0 58 329 0 0 0 134 0 0 265 0 0 0 0 155 0 0 0 0 0 99 70 0 0 0 0 0 335 374 0 0 0 0 0
429 0 0 0 459 0 0 0 0 0 0 486 0 0 0 0 0 0 193 0 0 0 0 317 230 377 0 0 0 0 0 67 0 0 0 0
0 0 0 280 19 158 0 0 0 0 0 0 0 0 0 0 79 0 0 44 201 620 0 0 0 0 168 144 0 0 0 0 0 0 172 0
552 182 0 0 0 0 0 0 0 0 209 0 118 0 0 0 259 0 0 0 0 0 0 0 0 0 0 0 0 0 0 238 0 0 0 0
0 27 0 0 0 0 0 0 0 0 0 366 0 0 0 0 0 0 0 0 0 0 0 0 0 406 165 0 0 0 0 0 378 120 0 0
0 0 0 295 0 0 0 0 0 0 0 250 0 94 0 0 0 0 0 178 0 0 0 191 0 0 77 0 0 534 0 0 0 67 0 74
0 0 0 0 0 189 4 0 0 0 0 136 0 0 0 0 0 0 0 0 0 0 0 0 0 0 0 0 0 0 0 0 0 0 0 0
0 0 36 0 136 0 0 65 0 0 0 0 0 0 0 0 0 0 0 0 0 0 0 0 0 0 0 0 0 504 0 0 0 156 218 0
64 0 0 0 0 0 0 0 0 438 0 0 0 0 0 0 0 0 0 400 0 0 22 397 0 0 167 515 0 0 0 0 0 0 0 0
0 0 0 199 0 0 0 0 0 228 0 0 0 0 18 0 513 0 0 0 0 0 0 0 0 0 0 0 0 0 0 401 0 0 0 0
0 0 0 0 0 0 0 0 0 0 222 0 0 0 0 0 0 0 0 0 0 0 740 750 0 0 0 0 0 0 0 0 0 0 0 0

