0 0 0 0 0 0 0 0 0 0 0 0 0 0 0 0 0 0
0 0 0 0 0 0 0 0 0 0 0 0 0 0 0 0 0 0
0 0 0 0 0 0 0 0 0 0 0 0 0 0 0 0 0 0
0 0 0 0 0 0 0 0 0 0 0 0 0 0 0 0 0 0
0 0 0 0 0 0 0 0 0 0 0 0 0 0 0 0 0 0
0 0 0 0 0 0 0 0 0 0 0 0 0 0 0 0 0 0
0 0 0 0 0 0 0 0 0 0 0 0 0 0 0 0 0 0
0 0 0 0 0 0 0 0 0 0 0 0 0 0 0 0 0 0
0 0 0 0 0 0 0 0 0 0 0 0 0 0 0 0 0 0
0 0 0 0 0 0 0 0 0 0 0 0 0 0 0 0 0 0
0 0 0 0 0 0 0 0 0 0 0 0 0 0 0 0 0 0
0 0 0 0 0 0 0 0 0 0 0 0 0 0 0 0 0 0
0 0 0 0 0 0 0 0 0 0 0 0 0 0 0 0 0 0
0 0 0 0 0 0 0 0 0 0 0 0 0 0 0 0 0 0
0 0 0 0 0 0 0 0 0 0 0 0 0 0 0 0 0 0
0 0 0 0 0 0 0 0 0 0 0 0 0 0 0 0 0 0
0 0 0 0 0 0 0 0 0 0 0 0 0 0 0 0 0 0
0 0 0 0 0 0 0 0 0 0 0 0 0 0 0 0 0 0

3035 2766 3102 2924 2196 3338 2920 2427 2225 2375 2518 3320 3420 3614 2653 3310 2968 2969
2916 3245 2686 2975 3056 3243 2999 3642 2908 3157 3034 3168 2901 2628 2912 2540 2807 3349
2795 3129 2820 2205 3177 2956 3027 2760 3359 3159 2698 2930 2651 3095 3530 2388 3228 2949
3605 2464 2435 3296 2562 2537 3056 3039 2033 3492 3010 3776 2518 3187 3827 3185 3397 3030
3646 3029 2627 2785 3639 3451 3155 2666 2519 3896 3464 2838 3296 3064 3730 3294 2630 3592
2923 3125 3630 2771 3246 2654 2668 2973 2947 3085 2593 3208 2545 3082 2573 3353 2906 3262
3045 2534 4217 2863 3919 3238 2808 2611 3135 2971 3679 3162 3028 3034 3066 2841 2427 3524
3149 3246 3078 2410 2889 3671 2799 2800 3498 2886 2309 3611 2491 3036 3082 3624 3491 3440
3465 3802 3796 2849 2667 3103 3435 3371 2763 2994 3583 3315 2873 2805 2513 3327 3234 2856
3356 3051 2655 3049 3351 3040 3084 2316 3287 3658 2399 2599 3220 2527 2732 3055 3683 3293
2856 2770 3132 2693 3202 3500 2852 3067 2740 3361 2849 3864 2256 3310 3483 2955 2808 2748
3532 3674 3184 2723 3263 3475 2944 3234 2178 3911 3087 3124 2849 2727 2899 3044 2695 3218
2641 2473 2798 3502 2710 3309 3192 2626 2452 3299 3071 3026 2295 2954 3606 2983 2882 3084
2666 3447 2815 2386 2702 2815 2990 2985 3027 2787 2770 3018 2319 3124 2448 2802 2786 2904
2546 3000 3085 2841 3304 3403 2429 3101 2609 2848 3211 2664 3201 3204 2570 3631 2734 2715
2134 2883 3232 2536 2717 3038 2744 2941 2987 3141 3381 2571 3079 2557 2557 2504 2489 3511
3412 3793 2828 3480 2497 3041 3100 3803 2527 3452 2469 2836 2688 2083 2857 2799 3299 2631
3177 2662 2607 2990 3040 3253 2930 2249 2548 3388 2897 3254 2741 3280 2784 3285 2481 3544

2171 1692 1775 2072 1787 1600 1418 1402 1864 1144 1111 1448 992 1465 1291 1569 1592 1526
1614 1519 1424 1555 1614 673 2412 1825 1626 964 1093 1392 1195 1781 1408 1634 1444 1385
1433 2050 1320 1806 1438 1650 1152 831 2755 1139 1839 1952 1148 1725 1879 1124 1932 1556
2004 1016 1047 1119 1686 1343 1715 2068 1449 959 1864 1157 1397 1596 2090 1322 1746 1300
1194 1372 1251 1071 1714 1494 1125 1538 1442 1266 1301 1721 1002 1054 1517 1933 1436 1555
1432 1271 1494 2440 1295 1798 1532 1734 1321 1588 1898 1495 1469 1783 1188 1715 1228 1784
1320 1635 1458 1896 1742 1450 893 2696 1373 2002 1910 1435 1812 1635 1161 1468 1616 2293
1634 1801 1188 1254 1440 1295 1330 2433 1776 2053 1879 1707 2622 1520 1135 1316 1856 1275
2097 1024 1073 2131 1713 1533 1307 1538 1507 1992 2265 876 2337 2036 1200 2032 926 1667
1526 975 1206 1487 1628 1357 1060 1067 1590 1447 1055 890 749 833 1400 1353 1891 848
1034 1180 1056 1273 1333 1791 1207 1504 1697 1916 922 1109 1244 1692 1663 1758 2494 1266
1369 1342 2156 1254 836 1508 1557 1420 1305 1742 1368 1629 2098 666 1632 1912 1488 2384
963 1371 1370 1643 1945 1981 2189 2406 1814 1342 1321 630 2003 1795 1357 1269 1712 2017
1553 1639 1030 1818 1637 2194 1671 1656 1842 1762 1443 1527 1786 1663 1610 1355 1252 1378
1341 1201 1453 1320 1695 1240 2129 2214 2400 1489 1431 1566 733 1561 1462 1752 1176 1854
1435 1681 1771 1376 1050 1527 954 2248 1284 2607 1798 958 1282 1697 1868 1682 1394 1933
2126 1571 2032 1863 1874 1657 1734 1912 1624 1363 1074 1252 1311 1268 1350 1136 1287 1824
1961 1451 694 1263 1676 2149 1242 899 1552 1494 2169 1501 1891 1679 1345 1789 1428 1390

0 0 0 0 218 0 0 0 180 251 0 0 73 0 162 0 0 0
0 0 0 0 0 0 0 0 0 79 0 0 0 0 198 0 0 0
0 0 0 0 0 79 0 0 0 0 0 0 0 0 50 0 0 376
0 0 0 0 8 0 0 196 17 0 0 14 0 0 468 625 0 0
0 0 0 0 105 0 238 58 427 0 0 0 0 35 0 562 0 0
0 0 0 135 0 6 0 0 0 0 0 0 55 0 0 0 0 0
183 0 0 0 0 0 224 0 0 0 0 0 324 0 0 0 197 0
0 0 572 0 0 0 190 578 0 97 0 0 0 0 0 0 0 0
0 38 0 58 0 61 0 0 0 0 0 0 0 0 153 0 0 0
0 0 0 0 0 381 0 0 0 0 0 628 0 247 0 0 144 0
0 0 278 0 0 0 0 0 248 0 520 0 228 0 0 0 0 0
0 0 115 0 0 486 0 0 0 264 134 0 0 0 0 0 0 0
0 359 0 358 0 245 0 66 124 0 0 0 38 0 0 0 0 0
0 223 321 0 67 486 92 0 0 0 337 139 0 0 111 0 0 0
500 0 0 0 0 0 35 0 280 0 0 0 236 0 0 259 0 0
22 44 213 131 0 26 14 0 0 0 0 0 0 0 0 10 103 0
0 358 183 0 4 0 0 0 0 0 164 0 0 0 0 0 0 0
0 179 0 0 0 0 421 0 0 0 417 0 0 0 0 7 0 0

3098 2605 3267 3126 3085 3092 3669 2910 2655 2949 2642 2965 2502 3395 3165 2959 2860 2829
3375 2875 2992 3059 2829 3047 2842 3108 2930 2981 2798 3268 2490 2884 3182 3186 3130 3209
3044 2781 2886 2599 3007 3530 2867 3120 2598 3032 3006 2959 3019 2990 3214 2767 2775 4310
3049 3134 2539 3302 3069 3369 3134 3661 3143 2438 2610 3085 3601 2673 2972 3192 2758 2968
2811 2951 2947 2527 3224 2637 3114 3461 2671 3578 2800 3127 3063 2856 2627 3538 3017 2774
2812 2932 2868 3275 3345 3214 2771 2743 3030 3540 2635 2882 2921 2722 2808 3237 3092 3499
3144 3633 3478 3348 2634 3330 3051 2887 2497 3030 3297 2951 3117 2836 3183 2528 2913 2935
3032 3242 3148 2926 3261 2914 3070 2529 2800 3025 2960 3134 2924 2914 2966 2931 2518 3206
3031 3247 3161 3005 2842 2690 2960 2882 2838 2653 2789 3530 2889 3310 2725 2791 2899 3606
2875 3412 3464 3296 3568 2736 3029 3038 2813 3547 2803 3411 3187 3031 2961 2733 3694 2554
2957 3164 3307 2712 3145 3301 2633 3941 3570 3644 2986 3491 2921 2980 3317 2857 3257 2757
2812 3102 2747 3169 2760 2927 3704 3313 3033 2634 2680 3356 2815 3042 3481 2871 3115 3491
3022 2710 3100 2614 3293 3381 3345 2532 3001 3440 2994 2986 2674 2770 3009 3192 3200 2902
2571 2808 2611 2597 2863 3174 2637 2591 3226 2885 2907 2616 2821 2839 3061 3579 2543 2350
3155 3554 3268 2844 2929 3992 3438 2972 3194 3330 3101 2919 3316 2481 3114 3298 3462 3530
2957 2618 3507 3054 2965 2790 3353 3105 2855 2517 2880 3001 3304 2378 2925 3716 3015 3048
2710 2488 2358 3098 3034 2756 3441 2600 3018 2719 3130 3135 2604 2795 2666 3552 3248 3312
3231 2656 3591 2722 3053 2721 3437 2690 2394 3301 2946 2758 2749 3003 3093 2308 2969 3701

0 0 0 0 0 0 0 0 0 0 0 0 0 0 0 0 0 0
0 0 0 0 0 0 0 0 0 0 0 0 0 0 0 0 0 0
0 0 0 0 0 0 0 0 0 0 0 0 0 0 0 0 0 0
0 0 0 0 0 0 0 0 0 0 0 0 0 0 0 0 0 0
0 0 0 0 0 0 0 0 0 0 0 0 0 0 0 0 0 0
0 0 0 0 0 0 0 0 0 0 0 0 0 0 0 0 0 0
0 0 0 0 0 0 0 0 0 0 0 0 0 0 0 0 0 0
0 0 0 0 0 0 0 0 0 0 0 0 0 0 0 0 0 0
0 0 0 0 0 0 0 0 0 0 0 0 0 0 0 0 0 0
0 0 0 0 0 0 0 0 0 0 0 0 0 0 0 0 0 0
0 0 0 0 0 0 0 0 0 0 0 0 0 0 0 0 0 0
0 0 0 0 0 0 0 0 0 0 0 0 0 0 0 0 0 0
0 0 0 0 0 0 0 0 0 0 0 0 0 0 0 0 0 0
0 0 0 0 0 0 0 0 0 0 0 0 0 0 0 0 0 0
0 0 0 0 0 0 0 0 0 0 0 0 0 0 0 0 0 0
0 0 0 0 0 0 0 0 0 0 0 0 0 0 0 0 0 0
0 0 0 0 0 0 0 0 0 0 0 0 0 0 0 0 0 0
0 0 0 0 0 0 0 0 0 0 0 0 0 0 0 0 0 0

0 0 0 0 0 0 0 0 0 0 0 0 0 0 0 0 0 0
0 0 0 0 0 0 0 0 0 0 0 0 0 0 0 0 0 0
0 0 0 0 0 0 0 0 0 0 0 0 0 0 0 0 0 0
0 0 0 0 0 0 0 0 0 0 0 0 0 0 0 0 0 0
0 0 0 0 0 0 0 0 0 0 0 0 0 0 0 0 0 0
0 0 0 0 0 0 0 0 0 0 0 0 0 0 0 0 0 0
0 0 0 0 0 0 0 0 0 0 0 0 0 0 0 0 0 0
0 0 0 0 0 0 0 0 0 0 0 0 0 0 0 0 0 0
0 0 0 0 0 0 0 0 0 0 0 0 0 0 0 0 0 0
0 0 0 0 0 0 0 0 0 0 0 0 0 0 0 0 0 0
0 0 0 0 0 0 0 0 0 0 0 0 0 0 0 0 0 0
0 0 0 0 0 0 0 0 0 0 0 0 0 0 0 0 0 0
0 0 0 0 0 0 0 0 0 0 0 0 0 0 0 0 0 0
0 0 0 0 0 0 0 0 0 0 0 0 0 0 0 0 0 0
0 0 0 0 0 0 0 0 0 0 0 0 0 0 0 0 0 0
0 0 0 0 0 0 0 0 0 0 0 0 0 0 0 0 0 0
0 0 0 0 0 0 0 0 0 0 0 0 0 0 0 0 0 0
0 0 0 0 0 0 0 0 0 0 0 0 0 0 0 0 0 0

0 0 0 0 0 0 0 0 0 0 0 0 0 0 0 0 0 0
0 0 0 0 0 0 0 0 0 0 0 0 0 0 0 0 0 0
0 0 0 0 0 0 0 0 0 0 0 0 0 0 0 0 0 0
0 0 0 0 0 0 0 0 0 0 0 0 0 0 0 0 0 0
0 0 0 0 0 0 0 0 0 0 0 0 0 0 0 0 0 0
0 0 0 0 0 0 0 0 0 0 0 0 0 0 0 0 0 0
0 0 0 0 0 0 0 0 0 0 0 0 0 0 0 0 0 0
0 0 0 0 0 0 0 0 0 0 0 0 0 0 0 0 0 0
0 0 0 0 0 0 0 0 0 0 0 0 0 0 0 0 0 0
0 0 0 0 0 0 0 0 0 0 0 0 0 0 0 0 0 0
0 0 0 0 0 0 0 0 0 0 0 0 0 0 0 0 0 0
0 0 0 0 0 0 0 0 0 0 0 0 0 0 0 0 0 0
0 0 0 0 0 0 0 0 0 0 0 0 0 0 0 0 0 0
0 0 0 0 0 0 0 0 0 0 0 0 0 0 0 0 0 0
0 0 0 0 0 0 0 0 0 0 0 0 0 0 0 0 0 0
0 0 0 0 0 0 0 0 0 0 0 0 0 0 0 0 0 0
0 0 0 0 0 0 0 0 0 0 0 0 0 0 0 0 0 0
0 0 0 0 0 0 0 0 0 0 0 0 0 0 0 0 0 0

0 0 0 714 0 0 33 137 0 0 0 408 172 0 0 0 0 134
0 0 283 394 0 248 0 0 0 0 0 0 0 0 0 0 0 0
0 0 0 0 0 0 424 0 0 0 0 0 0 0 0 0 0 0
0 0 0 0 0 0 0 21 0 0 0 0 0 321 0 163 0 0
202 0 0 0 0 0 0 361 0 0 0 0 0 0 149 0 155 0
269 0 0 0 0 0 0 0 0 0 0 0 0 0 440 0 0 0
0 625 0 219 0 278 236 0 453 0 375 0 140 0 0 0 0 495
0 157 0 0 0 0 0 0 0 0 0 0 231 0 0 0 0 327
0 0 0 710 206 0 0 0 0 0 0 287 0 0 357 0 137 333
0 0 0 0 0 0 0 27 187 0 163 0 0 0 0 0 0 0
0 0 0 0 0 0 165 0 0 0 0 351 0 0 0 0 0 0
0 0 0 0 0 0 0 0 0 0 0 0 0 0 0 111 0 0
0 0 0 0 0 165 0 112 0 0 0 0 0 0 0 0 0 0
417 0 0 0 0 111 0 0 0 0 0 0 0 0 0 0 168 0
0 0 0 0 0 168 0 0 0 0 0 0 0 0 0 0 0 77
0 0 0 0 0 275 0 327 0 0 156 0 761 0 0 470 0 0
0 43 0 0 3 0 0 299 0 283 271 0 0 0 38 0 318 0
373 0 79 0 21 213 0 0 162 0 0 0 0 28 0 0 804 0

0 0 0 0 0 0 0 0 0 0 0 0 0 0 0 0 0 0
0 0 0 0 0 0 0 0 0 0 0 0 0 0 0 0 0 0
0 0 0 0 0 0 0 0 0 0 0 0 0 0 0 0 0 0
0 0 0 0 0 0 0 0 0 0 0 0 0 0 0 0 0 0
0 0 0 0 0 0 0 0 0 0 0 0 0 0 0 0 0 0
0 0 0 0 0 0 0 0 0 0 0 0 0 0 0 0 0 0
0 0 0 0 0 0 0 0 0 0 0 0 0 0 0 0 0 0
0 0 0 0 0 0 0 0 0 0 0 0 0 0 0 0 0 0
0 0 0 0 0 0 0 0 0 0 0 0 0 0 0 0 0 0
0 0 0 0 0 0 0 0 0 0 0 0 0 0 0 0 0 0
0 0 0 0 0 0 0 0 0 0 0 0 0 0 0 0 0 0
0 0 0 0 0 0 0 0 0 0 0 0 0 0 0 0 0 0
0 0 0 0 0 0 0 0 0 0 0 0 0 0 0 0 0 0
0 0 0 0 0 0 0 0 0 0 0 0 0 0 0 0 0 0
0 0 0 0 0 0 0 0 0 0 0 0 0 0 0 0 0 0
0 0 0 0 0 0 0 0 0 0 0 0 0 0 0 0 0 0
0 0 0 0 0 0 0 0 0 0 0 0 0 0 0 0 0 0
0 0 0 0 0 0 0 0 0 0 0 0 0 0 0 0 0 0

7038 6644 7066 6831 6080 7031 7222 7086 6408 6299 6456 6423 6515 6784 6199 6304 6341 6563
7164 6523 6491 6926 6768 6275 7184 6614 6822 5940 6217 7050 6559 6453 6898 6944 6480 6219
7429 6261 6801 6341 6337 6441 7998 7390 6711 6231 6367 6997 6270 7311 6712 6834 6277 7155
6380 6982 5821 6626 6479 7006 6970 7331 7124 6160 6677 7052 6906 7301 7102 6762 7160 8283
6691 6603 6707 7927 6917 6020 6318 6726 6368 7021 7482 6900 6456 6626 7098 6046 6322 6414
6809 6687 6108 6306 6871 6198 6996 6578 6548 7395 7117 6215 6717 7333 6341 6374 6170 6858
7887 6398 6453 7347 6646 6535 5971 6725 7402 7493 7128 7077 6534 6661 7123 7013 6350 6450
6636 6777 6848 6669 6981 7050 7023 6572 6625 7313 6642 6871 6556 6980 7024 6432 6370 6983
6189 7038 7015 6670 7239 6717 6474 6342 6825 6421 6337 7021 7645 6861 6790 6892 6994 7805
7267 7409 7145 6880 6196 6454 6436 6227 6401 6774 6987 6601 6631 6227 6082 6427 6493 6467
6637 6726 6496 6066 6566 6596 6471 6501 6720 7562 6301 6712 6527 6394 6793 6374 6515 6302
6798 7016 5926 6198 6506 7303 6480 7269 6635 6932 6072 7213 6175 7050 6543 6821 6885 6759
7178 6606 6607 6134 6422 6176 7462 8056 6597 6665 6679 7014 6298 6640 6511 6846 6414 7214
5944 6318 6772 6444 7173 6864 6510 6252 7206 6879 6222 6062 6946 6812 5985 6816 7011 6743
5868 6337 6467 6531 6171 7218 6877 7627 7035 6101 6303 6253 7064 5923 6528 7268 6147 6512
6710 7365 7342 6359 6921 7158 6920 7367 6579 7277 6732 6278 6615 7137 7669 7111 6343 7022
6681 6233 6459 6295 6605 6383 6517 6555 5912 6993 6568 7278 6341 6527 6432 6162 7326 7418
6983 6271 6400 6334 6335 6734 7162 6567 6603 6905 6739 6653 6099 6192 6220 6632 6905 6857

0 0 0 0 0 0 0 0 0 0 0 0 0 0 0 0 0 0
0 0 0 0 0 0 0 0 0 0 0 0 0 0 0 0 0 0
0 0 0 0 0 0 0 0 0 0 0 0 0 0 0 0 0 0
0 0 0 0 0 0 0 0 0 0 0 0 0 0 0 0 0 0
0 0 0 0 0 0 0 0 0 0 0 0 0 0 0 0 0 0
0 0 0 0 0 0 0 0 0 0 0 0 0 0 0 0 0 0
0 0 0 0 0 0 0 0 0 0 0 0 0 0 0 0 0 0
0 0 0 0 0 0 0 0 0 0 0 0 0 0 0 0 0 0
0 0 0 0 0 0 0 0 0 0 0 0 0 0 0 0 0 0
0 0 0 0 0 0 0 0 0 0 0 0 0 0 0 0 0 0
0 0 0 0 0 0 0 0 0 0 0 0 0 0 0 0 0 0
0 0 0 0 0 0 0 0 0 0 0 0 0 0 0 0 0 0
0 0 0 0 0 0 0 0 0 0 0 0 0 0 0 0 0 0
0 0 0 0 0 0 0 0 0 0 0 0 0 0 0 0 0 0
0 0 0 0 0 0 0 0 0 0 0 0 0 0 0 0 0 0
0 0 0 0 0 0 0 0 0 0 0 0 0 0 0 0 0 0
0 0 0 0 0 0 0 0 0 0 0 0 0 0 0 0 0 0
0 0 0 0 0 0 0 0 0 0 0 0 0 0 0 0 0 0

0 0 0 0 0 0 0 0 0 0 0 0 0 0 0 0 0 0
0 0 0 0 0 0 0 0 0 0 0 0 0 0 0 0 0 0
0 0 0 0 0 0 0 0 0 0 0 0 0 0 0 0 0 0
0 0 0 0 0 0 0 0 0 0 0 0 0 0 0 0 0 0
0 0 0 0 0 0 0 0 0 0 0 0 0 0 0 0 0 0
0 0 0 0 0 0 0 0 0 0 0 0 0 0 0 0 0 0
0 0 0 0 0 0 0 0 0 0 0 0 0 0 0 0 0 0
0 0 0 0 0 0 0 0 0 0 0 0 0 0 0 0 0 0
0 0 0 0 0 0 0 0 0 0 0 0 0 0 0 0 0 0
0 0 0 0 0 0 0 0 0 0 0 0 0 0 0 0 0 0
0 0 0 0 0 0 0 0 0 0 0 0 0 0 0 0 0 0
0 0 0 0 0 0 0 0 0 0 0 0 0 0 0 0 0 0
0 0 0 0 0 0 0 0 0 0 0 0 0 0 0 0 0 0
0 0 0 0 0 0 0 0 0 0 0 0 0 0 0 0 0 0
0 0 0 0 0 0 0 0 0 0 0 0 0 0 0 0 0 0
0 0 0 0 0 0 0 0 0 0 0 0 0 0 0 0 0 0
0 0 0 0 0 0 0 0 0 0 0 0 0 0 0 0 0 0
0 0 0 0 0 0 0 0 0 0 0 0 0 0 0 0 0 0

0 23 836 139 0 862 0 0 0 0 0 0 45 285 0 101 0 0
195 0 4 77 16 0 160 135 0 0 364 290 0 0 0 82 404 158
0 0 0 0 0 63 36 0 81 0 0 0 0 388 0 0 248 862
747 164 0 106 0 0 0 311 334 0 0 0 0 0 0 32 0 0
481 0 224 0 0 97 0 530 10 397 0 256 438 174 0 378 0 198
0 467 0 0 212 0 242 137 0 192 159 0 0 240 0 0 266 492
0 223 694 449 207 201 152 172 511 0 0 240 0 0 62 0 0 0
0 0 0 51 284 0 798 0 0 0 0 65 528 216 774 122 0 167
205 0 33 98 187 59 137 21 88 0 0 0 188 399 0 0 0 81
0 0 137 67 243 0 99 0 0 123 112 420 0 0 0 23 83 0
165 75 0 0 0 0 0 0 361 826 0 0 0 0 43 287 476 43
0 0 0 42 103 388 1328 0 637 0 0 0 0 0 170 0 0 411
0 210 0 0 386 0 0 0 113 0 0 0 349 0 0 0 524 130
89 0 0 232 0 283 431 24 599 0 0 431 786 67 0 803 362 0
121 0 598 0 149 196 0 160 434 224 0 0 0 0 0 0 0 457
0 0 88 0 244 502 411 70 0 0 125 41 0 317 0 132 0 0
490 0 39 0 20 0 0 197 0 327 0 0 0 0 0 274 1097 0
117 50 53 0 0 222 0 0 0 463 406 473 570 0 387 271 300 89

0 0 0 0 0 0 0 0 0 0 0 0 0 0 0 0 0 0
0 0 0 0 0 0 0 0 0 0 0 0 0 0 0 0 0 0
0 0 0 0 0 0 0 0 0 0 0 0 0 0 0 0 0 0
0 0 0 0 0 0 0 0 0 0 0 0 0 0 0 0 0 0
0 0 0 0 0 0 0 0 0 0 0 0 0 0 0 0 0 0
0 0 0 0 0 0 0 0 0 0 0 0 0 0 0 0 0 0
0 0 0 0 0 0 0 0 0 0 0 0 0 0 0 0 0 0
0 0 0 0 0 0 0 0 0 0 0 0 0 0 0 0 0 0
0 0 0 0 0 0 0 0 0 0 0 0 0 0 0 0 0 0
0 0 0 0 0 0 0 0 0 0 0 0 0 0 0 0 0 0
0 0 0 0 0 0 0 0 0 0 0 0 0 0 0 0 0 0
0 0 0 0 0 0 0 0 0 0 0 0 0 0 0 0 0 0
0 0 0 0 0 0 0 0 0 0 0 0 0 0 0 0 0 0
0 0 0 0 0 0 0 0 0 0 0 0 0 0 0 0 0 0
0 0 0 0 0 0 0 0 0 0 0 0 0 0 0 0 0 0
0 0 0 0 0 0 0 0 0 0 0 0 0 0 0 0 0 0
0 0 0 0 0 0 0 0 0 0 0 0 0 0 0 0 0 0
0 0 0 0 0 0 0 0 0 0 0 0 0 0 0 0 0 0

0 0 329 177 50 465 44 0 0 211 3 0 374 0 100 0 0 204
204 0 57 482 0 0 82 0 0 129 29 128 195 19 212 0 0 0
303 0 66 181 0 53 0 76 149 0 0 0 0 0 251 243 0 0
514 231 0 0 0 0 22 308 0 132 208 16 0 0 0 523 152 0
0 143 0 1165 207 0 0 0 0 397 144 607 0 0 13 394 141 0
62 0 0 0 264 0 118 0 270 407 252 0 194 0 242 0 190 263
0 0 0 85 0 466 438 0 16 221 681 0 408 0 0 132 38 0
418 91 313 0 0 320 0 0 0 647 122 0 192 0 0 432 0 0
0 740 73 234 0 159 262 506 74 72 0 0 0 27 342 603 162 45
0 8 0 196 0 0 0 0 0 0 206 0 378 454 4 210 0 556
0 281 192 370 368 0 79 0 0 253 612 0 599 0 277 440 55 0
0 550 278 0 105 126 166 512 0 0 0 136 0 60 0 143 10 61
0 221 329 0 134 265 0 433 155 0 0 99 0 0 335 374 0 0
429 280 459 0 0 486 0 0 79 193 620 317 377 168 0 67 0 172
552 0 0 0 0 366 118 0 259 0 0 0 406 165 0 238 378 0
0 295 189 4 0 250 94 0 0 178 0 191 0 77 534 0 67 74
64 36 136 65 438 0 0 0 0 400 0 397 0 515 504 0 156 218
0 199 0 0 228 222 0 18 513 0 0 750 0 0 0 401 0 0

