0000000000000000000000000000000000000000000000000000000000000000 0000000000000000000000000000000000000000000000000000000000000000 0000000000000000000000000000000000000000000000000000000000000000 0000000000000000000000000000000000000000000000000000000000000000 0000000000000000000000000000000000000000000000000000000000000000 0000000000000000000000000000000000000000000000000000000000000000
0000000000000000000000000000000000000000000000000000000000000000 0000000000000000000000000000000000000000000000000000000000000000 0000000000000000000000000000000000000000000000000000000000000000 0000000000000000000000000000000000000000000000000000000000000000 0000000000000000000000000000000000000000000000000000000000000000 0000000000000000000000000000000000000000000000000000000000000000
0000000000000000000000000000000000000000000000000000000000000000 0000000000000000000000000000000000000000000000000000000000000000 0000000000000000000000000000000000000000000000000000000000000000 0000000000000000000000000000000000000000000000000000000000000000 0000000000000000000000000000000000000000000000000000000000000000 0000000000000000000000000000000000000000000000000000000000000000
0000000000000000000000000000000000000000000000000000000000000000 0000000000000000000000000000000000000000000000000000000000000000 0000000000000000000000000000000000000000000000000000000000000000 0000000000000000000000000000000000000000000000000000000000000000 0000000000000000000000000000000000000000000000000000000000000000 0000000000000000000000000000000000000000000000000000000000000000
0000000000000000000000000000000000000000000000000000000000000000 0000000000000000000000000000000000000000000000000000000000000000 0000000000000000000000000000000000000000000000000000000000000000 0000000000000000000000000000000000000000000000000000000000000000 0000000000000000000000000000000000000000000000000000000000000000 0000000000000000000000000000000000000000000000000000000000000000
0000000000000000000000000000000000000000000000000000000000000000 0000000000000000000000000000000000000000000000000000000000000000 0000000000000000000000000000000000000000000000000000000000000000 0000000000000000000000000000000000000000000000000000000000000000 0000000000000000000000000000000000000000000000000000000000000000 0000000000000000000000000000000000000000000000000000000000000000
0000000000000000000000000000000000000000000000000000000000000000 0000000000000000000000000000000000000000000000000000000000000000 0000000000000000000000000000000000000000000000000000000000000000 0000000000000000000000000000000000000000000000000000000000000000 0000000000000000000000000000000000000000000000000000000000000000 0000000000000000000000000000000000000000000000000000000000000000
0000000000000000000000000000000000000000000000000000000000000000 0000000000000000000000000000000000000000000000000000000000000000 0000000000000000000000000000000000000000000000000000000000000000 0000000000000000000000000000000000000000000000000000000000000000 0000000000000000000000000000000000000000000000000000000000000000 0000000000000000000000000000000000000000000000000000000000000000
0000000000000000000000000000000000000000000000000000000000000000 0000000000000000000000000000000000000000000000000000000000000000 0000000000000000000000000000000000000000000000000000000000000000 0000000000000000000000000000000000000000000000000000000000000000 0000000000000000000000000000000000000000000000000000000000000000 0000000000000000000000000000000000000000000000000000000000000000
0000000000000000000000000000000000000000000000000000000000000000 0000000000000000000000000000000000000000000000000000000000000000 0000000000000000000000000000000000000000000000000000000000000000 0000000000000000000000000000000000000000000000000000000000000000 0000000000000000000000000000000000000000000000000000000000000000 0000000000000000000000000000000000000000000000000000000000000000
0000000000000000000000000000000000000000000000000000000000000000 0000000000000000000000000000000000000000000000000000000000000000 0000000000000000000000000000000000000000000000000000000000000000 0000000000000000000000000000000000000000000000000000000000000000 0000000000000000000000000000000000000000000000000000000000000000 0000000000000000000000000000000000000000000000000000000000000000
0000000000000000000000000000000000000000000000000000000000000000 0000000000000000000000000000000000000000000000000000000000000000 0000000000000000000000000000000000000000000000000000000000000000 0000000000000000000000000000000000000000000000000000000000000000 0000000000000000000000000000000000000000000000000000000000000000 0000000000000000000000000000000000000000000000000000000000000000
0000000000000000000000000000000000000000000000011000111000100001 0000000000000000000000000000000000000000000000011000110111110000 0000000000000000000000000000000000000000000000011000110111110000 0000000000000000000000000000000000000000000000010111000110101101 0000000000000000000000000000000000000000000000010111000110101101 0000000000000000000000000000000000000000000000010110110010010110
0000000000000000000000000000000000000000000000011000111000100001 0000000000000000000000000000000000000000000000010111101101000001 0000000000000000000000000000000000000000000000010111101101000001 0000000000000000000000000000000000000000000000010111000110101101 0000000000000000000000000000000000000000000000011000000001000011 0000000000000000000000000000000000000000000000011000000001000011
0000000000000000000000000000000000000000000000010111110001011111 0000000000000000000000000000000000000000000000010111110001111010 0000000000000000000000000000000000000000000000011001010010111011 0000000000000000000000000000000000000000000000011001010010111011 0000000000000000000000000000000000000000000000011000000001000011 0000000000000000000000000000000000000000000000011000000001000011
0000000000000000000000000000000000000000000000010111110001011111 0000000000000000000000000000000000000000000000010111110001111010 0000000000000000000000000000000000000000000000011001010010111011 0000000000000000000000000000000000000000000000011001010010111011 0000000000000000000000000000000000000000000000010111111000011110 0000000000000000000000000000000000000000000000010110111111100100
0000000000000000000000000000000000000000000000011000110101011000 0000000000000000000000000000000000000000000000010111101001011011 0000000000000000000000000000000000000000000000010111101001011011 0000000000000000000000000000000000000000000000010110011011110101 0000000000000000000000000000000000000000000000010110111111100100 0000000000000000000000000000000000000000000000010110111111100100
0000000000000000000000000000000000000000000000011000110101011000 0000000000000000000000000000000000000000000000010111100110001000 0000000000000000000000000000000000000000000000010111100110001000 0000000000000000000000000000000000000000000000010110011011110101 0000000000000000000000000000000000000000000000010110011011110101 0000000000000000000000000000000000000000000000010010011101001110
0000000000000000000000000000000000000000000000110111000110001100 0000000000000000000000000000000000000000000000110111000110001100 0000000000000000000000000000000000000000000000110110100101110111 0000000000000000000000000000000000000000000000110100010110001110 0000000000000000000000000000000000000000000000110101100000111001 0000000000000000000000000000000000000000000000110101100000111001
0000000000000000000000000000000000000000000000110111000110001100 0000000000000000000000000000000000000000000000110111000110001100 0000000000000000000000000000000000000000000000110100010110001110 0000000000000000000000000000000000000000000000110101110101000100 0000000000000000000000000000000000000000000000110101110101000100 0000000000000000000000000000000000000000000000110100010111100011
0000000000000000000000000000000000000000000000110100001010010111 0000000000000000000000000000000000000000000000110111010101010010 0000000000000000000000000000000000000000000000110111010101100011 0000000000000000000000000000000000000000000000110111010101100011 0000000000000000000000000000000000000000000000110101110101000100 0000000000000000000000000000000000000000000000110011011100111001
0000000000000000000000000000000000000000000000110101001000001101 0000000000000000000000000000000000000000000000110111010101010010 0000000000000000000000000000000000000000000000110111010101100011 0000000000000000000000000000000000000000000000110111010101100011 0000000000000000000000000000000000000000000000110011011100111001 0000000000000000000000000000000000000000000000110011011100111001
0000000000000000000000000000000000000000000000110101011111100100 0000000000000000000000000000000000000000000000110111000011011110 0000000000000000000000000000000000000000000000110111000011011110 0000000000000000000000000000000000000000000000110110011101000010 0000000000000000000000000000000000000000000000110010111011101100 0000000000000000000000000000000000000000000000110010111011101100
0000000000000000000000000000000000000000000000110101011111100100 0000000000000000000000000000000000000000000000110101011111100100 0000000000000000000000000000000000000000000000110011111011000001 0000000000000000000000000000000000000000000000110000100000100110 0000000000000000000000000000000000000000000000110001011011100101 0000000000000000000000000000000000000000000000110001011011100101
0000000000000000000000000000000000000000000000100000110101001010 0000000000000000000000000000000000000000000000100000110101001010 0000000000000000000000000000000000000000000000011111111100001100 0000000000000000000000000000000000000000000000011110101111001001 0000000000000000000000000000000000000000000000011111110101100010 0000000000000000000000000000000000000000000000011111110101100010
0000000000000000000000000000000000000000000000100000110101001010 0000000000000000000000000000000000000000000000100000110101001010 0000000000000000000000000000000000000000000000011111111100001100 0000000000000000000000000000000000000000000000100010000001101010 0000000000000000000000000000000000000000000000100010000001101010 0000000000000000000000000000000000000000000000011111110101100010
0000000000000000000000000000000000000000000000100010010101011101 0000000000000000000000000000000000000000000000011111000000110101 0000000000000000000000000000000000000000000000011101110101100010 0000000000000000000000000000000000000000000000100010000001101010 0000000000000000000000000000000000000000000000100010000001101010 0000000000000000000000000000000000000000000000011010011101011111
0000000000000000000000000000000000000000000000100010010101011101 0000000000000000000000000000000000000000000000011111000000110101 0000000000000000000000000000000000000000000000011101110101100010 0000000000000000000000000000000000000000000000011100001110010001 0000000000000000000000000000000000000000000000011111001010110100 0000000000000000000000000000000000000000000000011111001010110100
0000000000000000000000000000000000000000000000011111000001100110 0000000000000000000000000000000000000000000000011101011011100011 0000000000000000000000000000000000000000000000011111010100101100 0000000000000000000000000000000000000000000000011111010100101100 0000000000000000000000000000000000000000000000011111001010110100 0000000000000000000000000000000000000000000000011111001010110100
0000000000000000000000000000000000000000000000011111000001100110 0000000000000000000000000000000000000000000000011101011011100011 0000000000000000000000000000000000000000000000011111010100101100 0000000000000000000000000000000000000000000000011111010100101100 0000000000000000000000000000000000000000000000011000001111010101 0000000000000000000000000000000000000000000000010111111010010011
0000000000000000000000000000000000000000000000010111100001100011 0000000000000000000000000000000000000000000000011010001010110001 0000000000000000000000000000000000000000000000011011000100001111 0000000000000000000000000000000000000000000000011011000100001111 0000000000000000000000000000000000000000000000011001100100011001 0000000000000000000000000000000000000000000000010111111111100010
0000000000000000000000000000000000000000000000011010101101010110 0000000000000000000000000000000000000000000000011010001010110001 0000000000000000000000000000000000000000000000011011000100001111 0000000000000000000000000000000000000000000000011011000100001111 0000000000000000000000000000000000000000000000011001100100011001 0000000000000000000000000000000000000000000000010111111111100010
0000000000000000000000000000000000000000000000011010101101010110 0000000000000000000000000000000000000000000000011001100110101000 0000000000000000000000000000000000000000000000011001011101100111 0000000000000000000000000000000000000000000000011010100110100010 0000000000000000000000000000000000000000000000011010100110100010 0000000000000000000000000000000000000000000000011001011101010011
0000000000000000000000000000000000000000000000011001110001011001 0000000000000000000000000000000000000000000000011000101101010000 0000000000000000000000000000000000000000000000010111001001011011 0000000000000000000000000000000000000000000000011010100110100010 0000000000000000000000000000000000000000000000011010100110100010 0000000000000000000000000000000000000000000000011001011101010011
0000000000000000000000000000000000000000000000010111111100111010 0000000000000000000000000000000000000000000000011010111010000100 0000000000000000000000000000000000000000000000011010111010000100 0000000000000000000000000000000000000000000000011000000110111011 0000000000000000000000000000000000000000000000011000000110111011 0000000000000000000000000000000000000000000000010111111100011010
0000000000000000000000000000000000000000000000010110100110011000 0000000000000000000000000000000000000000000000011010111010000100 0000000000000000000000000000000000000000000000011010111010000100 0000000000000000000000000000000000000000000000010110101100111000 0000000000000000000000000000000000000000000000010101011001111110 0000000000000000000000000000000000000000000000010101001111010000
0000000000000000000000000000000000000000000000000000000000000000 0000000000000000000000000000000000000000000000000000000000000000 0000000000000000000000000000000000000000000000000000000000000000 0000000000000000000000000000000000000000000000000000000000000000 0000000000000000000000000000000000000000000000000000000000000000 0000000000000000000000000000000000000000000000000000000000000000
0000000000000000000000000000000000000000000000000000000000000000 0000000000000000000000000000000000000000000000000000000000000000 0000000000000000000000000000000000000000000000000000000000000000 0000000000000000000000000000000000000000000000000000000000000000 0000000000000000000000000000000000000000000000000000000000000000 0000000000000000000000000000000000000000000000000000000000000000
0000000000000000000000000000000000000000000000000000000000000000 0000000000000000000000000000000000000000000000000000000000000000 0000000000000000000000000000000000000000000000000000000000000000 0000000000000000000000000000000000000000000000000000000000000000 0000000000000000000000000000000000000000000000000000000000000000 0000000000000000000000000000000000000000000000000000000000000000
0000000000000000000000000000000000000000000000000000000000000000 0000000000000000000000000000000000000000000000000000000000000000 0000000000000000000000000000000000000000000000000000000000000000 0000000000000000000000000000000000000000000000000000000000000000 0000000000000000000000000000000000000000000000000000000000000000 0000000000000000000000000000000000000000000000000000000000000000
0000000000000000000000000000000000000000000000000000000000000000 0000000000000000000000000000000000000000000000000000000000000000 0000000000000000000000000000000000000000000000000000000000000000 0000000000000000000000000000000000000000000000000000000000000000 0000000000000000000000000000000000000000000000000000000000000000 0000000000000000000000000000000000000000000000000000000000000000
0000000000000000000000000000000000000000000000000000000000000000 0000000000000000000000000000000000000000000000000000000000000000 0000000000000000000000000000000000000000000000000000000000000000 0000000000000000000000000000000000000000000000000000000000000000 0000000000000000000000000000000000000000000000000000000000000000 0000000000000000000000000000000000000000000000000000000000000000
0000000000000000000000000000000000000000000000011000101100000100 0000000000000000000000000000000000000000000000011001010000010000 0000000000000000000000000000000000000000000000011001010000010000 0000000000000000000000000000000000000000000000010111000100110101 0000000000000000000000000000000000000000000000010111000100110101 0000000000000000000000000000000000000000000000010110010111010110
0000000000000000000000000000000000000000000000011001111110001111 0000000000000000000000000000000000000000000000011001111110001111 0000000000000000000000000000000000000000000000011011001000001100 0000000000000000000000000000000000000000000000011011001000001100 0000000000000000000000000000000000000000000000011001001001110011 0000000000000000000000000000000000000000000000010110010111010110
0000000000000000000000000000000000000000000000011001111110001111 0000000000000000000000000000000000000000000000011001111110001111 0000000000000000000000000000000000000000000000011011001000001100 0000000000000000000000000000000000000000000000011011001000001100 0000000000000000000000000000000000000000000000011001001001110011 0000000000000000000000000000000000000000000000010110100101100111
0000000000000000000000000000000000000000000000011000111010010110 0000000000000000000000000000000000000000000000011000111010010110 0000000000000000000000000000000000000000000000010110100101101110 0000000000000000000000000000000000000000000000010111000100000100 0000000000000000000000000000000000000000000000010111000100000100 0000000000000000000000000000000000000000000000010110100101100111
0000000000000000000000000000000000000000000000011000111010010110 0000000000000000000000000000000000000000000000011000111010010110 0000000000000000000000000000000000000000000000010110101110100111 0000000000000000000000000000000000000000000000010111000100000100 0000000000000000000000000000000000000000000000010111000100000100 0000000000000000000000000000000000000000000000010101110011110110
0000000000000000000000000000000000000000000000010111011010010100 0000000000000000000000000000000000000000000000010101010000111110 0000000000000000000000000000000000000000000000010110101110100111 0000000000000000000000000000000000000000000000010110101110100111 0000000000000000000000000000000000000000000000010101100101010111 0000000000000000000000000000000000000000000000010101010010010000
0000000000000000000000000000000000000000000000011011111101100110 0000000000000000000000000000000000000000000000011011111101100110 0000000000000000000000000000000000000000000000011011111010111011 0000000000000000000000000000000000000000000000011101011111111011 0000000000000000000000000000000000000000000000011110010010010001 0000000000000000000000000000000000000000000000011110010010010001
0000000000000000000000000000000000000000000000011100000101111100 0000000000000000000000000000000000000000000000011011111010111011 0000000000000000000000000000000000000000000000011100100111110100 0000000000000000000000000000000000000000000000011100100111110100 0000000000000000000000000000000000000000000000011110010010010001 0000000000000000000000000000000000000000000000011110010010010001
0000000000000000000000000000000000000000000000011100000101111100 0000000000000000000000000000000000000000000000011000110000100000 0000000000000000000000000000000000000000000000011100100111110100 0000000000000000000000000000000000000000000000011100100111110100 0000000000000000000000000000000000000000000000011011110111011001 0000000000000000000000000000000000000000000000011010010100100001
0000000000000000000000000000000000000000000000011101010101000011 0000000000000000000000000000000000000000000000011101010101000011 0000000000000000000000000000000000000000000000011101001100101110 0000000000000000000000000000000000000000000000011011110111011001 0000000000000000000000000000000000000000000000011011110111011001 0000000000000000000000000000000000000000000000011010010100100001
0000000000000000000000000000000000000000000000011101010101000011 0000000000000000000000000000000000000000000000011101010101000011 0000000000000000000000000000000000000000000000011101001100101110 0000000000000000000000000000000000000000000000010111100011101110 0000000000000000000000000000000000000000000000011010011110110010 0000000000000000000000000000000000000000000000011010011110110010
0000000000000000000000000000000000000000000000011011000001100111 0000000000000000000000000000000000000000000000011011100111001011 0000000000000000000000000000000000000000000000011011100111001011 0000000000000000000000000000000000000000000000010110111110011010 0000000000000000000000000000000000000000000000011010011110110010 0000000000000000000000000000000000000000000000011010011110110010
0000000000000000000000000000000000000000000000101010001100101010 0000000000000000000000000000000000000000000000101010100100001011 0000000000000000000000000000000000000000000000101010100100001011 0000000000000000000000000000000000000000000000101000110001001110 0000000000000000000000000000000000000000000000101000110001001110 0000000000000000000000000000000000000000000000101000100001101100
0000000000000000000000000000000000000000000000101010001100101010 0000000000000000000000000000000000000000000000101001001110110010 0000000000000000000000000000000000000000000000100111011111111001 0000000000000000000000000000000000000000000000101000001101011111 0000000000000000000000000000000000000000000000101000001101011111 0000000000000000000000000000000000000000000000100011011111111000
0000000000000000000000000000000000000000000000101000010011010011 0000000000000000000000000000000000000000000000101000101110000101 0000000000000000000000000000000000000000000000101000101110000101 0000000000000000000000000000000000000000000000101000001101011111 0000000000000000000000000000000000000000000000101000001101011111 0000000000000000000000000000000000000000000000100111000011101000
0000000000000000000000000000000000000000000000101001100100000000 0000000000000000000000000000000000000000000000101001100100000000 0000000000000000000000000000000000000000000000101000101110000101 0000000000000000000000000000000000000000000000100111010010100110 0000000000000000000000000000000000000000000000100111000011101000 0000000000000000000000000000000000000000000000100111000011101000
0000000000000000000000000000000000000000000000101001100100000000 0000000000000000000000000000000000000000000000101001100100000000 0000000000000000000000000000000000000000000000100111010010100110 0000000000000000000000000000000000000000000000100111010010100110 0000000000000000000000000000000000000000000000101000001001010011 0000000000000000000000000000000000000000000000101000001001010011
0000000000000000000000000000000000000000000000100111010011001011 0000000000000000000000000000000000000000000000100111010011001011 0000000000000000000000000000000000000000000000100101101100101011 0000000000000000000000000000000000000000000000100100100001000001 0000000000000000000000000000000000000000000000101000001001010011 0000000000000000000000000000000000000000000000101000001001010011
0000000000000000000000000000000000000000000000000000000000000000 0000000000000000000000000000000000000000000000000000000000000000 0000000000000000000000000000000000000000000000000000000000000000 0000000000000000000000000000000000000000000000000000000000000000 0000000000000000000000000000000000000000000000000000000000000000 0000000000000000000000000000000000000000000000000000000000000000
0000000000000000000000000000000000000000000000000000000000000000 0000000000000000000000000000000000000000000000000000000000000000 0000000000000000000000000000000000000000000000000000000000000000 0000000000000000000000000000000000000000000000000000000000000000 0000000000000000000000000000000000000000000000000000000000000000 0000000000000000000000000000000000000000000000000000000000000000
0000000000000000000000000000000000000000000000000000000000000000 0000000000000000000000000000000000000000000000000000000000000000 0000000000000000000000000000000000000000000000000000000000000000 0000000000000000000000000000000000000000000000000000000000000000 0000000000000000000000000000000000000000000000000000000000000000 0000000000000000000000000000000000000000000000000000000000000000
0000000000000000000000000000000000000000000000000000000000000000 0000000000000000000000000000000000000000000000000000000000000000 0000000000000000000000000000000000000000000000000000000000000000 0000000000000000000000000000000000000000000000000000000000000000 0000000000000000000000000000000000000000000000000000000000000000 0000000000000000000000000000000000000000000000000000000000000000
0000000000000000000000000000000000000000000000000000000000000000 0000000000000000000000000000000000000000000000000000000000000000 0000000000000000000000000000000000000000000000000000000000000000 0000000000000000000000000000000000000000000000000000000000000000 0000000000000000000000000000000000000000000000000000000000000000 0000000000000000000000000000000000000000000000000000000000000000
0000000000000000000000000000000000000000000000000000000000000000 0000000000000000000000000000000000000000000000000000000000000000 0000000000000000000000000000000000000000000000000000000000000000 0000000000000000000000000000000000000000000000000000000000000000 0000000000000000000000000000000000000000000000000000000000000000 0000000000000000000000000000000000000000000000000000000000000000
0000000000000000000000000000000000000000000000000000000000000000 0000000000000000000000000000000000000000000000000000000000000000 0000000000000000000000000000000000000000000000000000000000000000 0000000000000000000000000000000000000000000000000000000000000000 0000000000000000000000000000000000000000000000000000000000000000 0000000000000000000000000000000000000000000000000000000000000000
0000000000000000000000000000000000000000000000000000000000000000 0000000000000000000000000000000000000000000000000000000000000000 0000000000000000000000000000000000000000000000000000000000000000 0000000000000000000000000000000000000000000000000000000000000000 0000000000000000000000000000000000000000000000000000000000000000 0000000000000000000000000000000000000000000000000000000000000000
0000000000000000000000000000000000000000000000000000000000000000 0000000000000000000000000000000000000000000000000000000000000000 0000000000000000000000000000000000000000000000000000000000000000 0000000000000000000000000000000000000000000000000000000000000000 0000000000000000000000000000000000000000000000000000000000000000 0000000000000000000000000000000000000000000000000000000000000000
0000000000000000000000000000000000000000000000000000000000000000 0000000000000000000000000000000000000000000000000000000000000000 0000000000000000000000000000000000000000000000000000000000000000 0000000000000000000000000000000000000000000000000000000000000000 0000000000000000000000000000000000000000000000000000000000000000 0000000000000000000000000000000000000000000000000000000000000000
0000000000000000000000000000000000000000000000000000000000000000 0000000000000000000000000000000000000000000000000000000000000000 0000000000000000000000000000000000000000000000000000000000000000 0000000000000000000000000000000000000000000000000000000000000000 0000000000000000000000000000000000000000000000000000000000000000 0000000000000000000000000000000000000000000000000000000000000000
0000000000000000000000000000000000000000000000000000000000000000 0000000000000000000000000000000000000000000000000000000000000000 0000000000000000000000000000000000000000000000000000000000000000 0000000000000000000000000000000000000000000000000000000000000000 0000000000000000000000000000000000000000000000000000000000000000 0000000000000000000000000000000000000000000000000000000000000000
0000000000000000000000000000000000000000000000110100110000010001 0000000000000000000000000000000000000000000000110101010010000111 0000000000000000000000000000000000000000000000110101010010000111 0000000000000000000000000000000000000000000000110100011111110000 0000000000000000000000000000000000000000000000110110111101001111 0000000000000000000000000000000000000000000000110110111101001111
0000000000000000000000000000000000000000000000110111101110110010 0000000000000000000000000000000000000000000000110110011011000100 0000000000000000000000000000000000000000000000110110110100101101 0000000000000000000000000000000000000000000000110111000110000111 0000000000000000000000000000000000000000000000110111000110000111 0000000000000000000000000000000000000000000000110101011110010000
0000000000000000000000000000000000000000000000110111101110110010 0000000000000000000000000000000000000000000000110110011011000100 0000000000000000000000000000000000000000000000110110110100101101 0000000000000000000000000000000000000000000000110111000110000111 0000000000000000000000000000000000000000000000110111000110000111 0000000000000000000000000000000000000000000000110100010000100010
0000000000000000000000000000000000000000000000110100100001001101 0000000000000000000000000000000000000000000000110111010011011000 0000000000000000000000000000000000000000000000110111111000100111 0000000000000000000000000000000000000000000000110111111000100111 0000000000000000000000000000000000000000000000110101001010010101 0000000000000000000000000000000000000000000000110011110111001001
0000000000000000000000000000000000000000000000110101010011111110 0000000000000000000000000000000000000000000000110111010011011000 0000000000000000000000000000000000000000000000110111111000100111 0000000000000000000000000000000000000000000000110111111000100111 0000000000000000000000000000000000000000000000110100101000110101 0000000000000000000000000000000000000000000000110010110111011111
0000000000000000000000000000000000000000000000110101010011111110 0000000000000000000000000000000000000000000000110011001101110001 0000000000000000000000000000000000000000000000110011001101110001 0000000000000000000000000000000000000000000000110001110011000111 0000000000000000000000000000000000000000000000110010110111011111 0000000000000000000000000000000000000000000000110010110111011111
0000000000000000000000000000000000000000000000000000000000000000 0000000000000000000000000000000000000000000000000000000000000000 0000000000000000000000000000000000000000000000000000000000000000 0000000000000000000000000000000000000000000000000000000000000000 0000000000000000000000000000000000000000000000000000000000000000 0000000000000000000000000000000000000000000000000000000000000000
0000000000000000000000000000000000000000000000000000000000000000 0000000000000000000000000000000000000000000000000000000000000000 0000000000000000000000000000000000000000000000000000000000000000 0000000000000000000000000000000000000000000000000000000000000000 0000000000000000000000000000000000000000000000000000000000000000 0000000000000000000000000000000000000000000000000000000000000000
0000000000000000000000000000000000000000000000000000000000000000 0000000000000000000000000000000000000000000000000000000000000000 0000000000000000000000000000000000000000000000000000000000000000 0000000000000000000000000000000000000000000000000000000000000000 0000000000000000000000000000000000000000000000000000000000000000 0000000000000000000000000000000000000000000000000000000000000000
0000000000000000000000000000000000000000000000000000000000000000 0000000000000000000000000000000000000000000000000000000000000000 0000000000000000000000000000000000000000000000000000000000000000 0000000000000000000000000000000000000000000000000000000000000000 0000000000000000000000000000000000000000000000000000000000000000 0000000000000000000000000000000000000000000000000000000000000000
0000000000000000000000000000000000000000000000000000000000000000 0000000000000000000000000000000000000000000000000000000000000000 0000000000000000000000000000000000000000000000000000000000000000 0000000000000000000000000000000000000000000000000000000000000000 0000000000000000000000000000000000000000000000000000000000000000 0000000000000000000000000000000000000000000000000000000000000000
0000000000000000000000000000000000000000000000000000000000000000 0000000000000000000000000000000000000000000000000000000000000000 0000000000000000000000000000000000000000000000000000000000000000 0000000000000000000000000000000000000000000000000000000000000000 0000000000000000000000000000000000000000000000000000000000000000 0000000000000000000000000000000000000000000000000000000000000000
0000000000000000000000000000000000000000000000010101000001010000 0000000000000000000000000000000000000000000000010101011110110110 0000000000000000000000000000000000000000000000010101011110110110 0000000000000000000000000000000000000000000000010011111100100000 0000000000000000000000000000000000000000000000010100001110001111 0000000000000000000000000000000000000000000000010100001110001111
0000000000000000000000000000000000000000000000010100110100100010 0000000000000000000000000000000000000000000000010101011110110110 0000000000000000000000000000000000000000000000010101011110110110 0000000000000000000000000000000000000000000000010100000010010011 0000000000000000000000000000000000000000000000010100001110001111 0000000000000000000000000000000000000000000000010100001110001111
0000000000000000000000000000000000000000000000010001110110101011 0000000000000000000000000000000000000000000000010100101100001111 0000000000000000000000000000000000000000000000010100101100001111 0000000000000000000000000000000000000000000000010100000010010011 0000000000000000000000000000000000000000000000010100100110101001 0000000000000000000000000000000000000000000000010100100110101001
0000000000000000000000000000000000000000000000010001110110101011 0000000000000000000000000000000000000000000000010100101100001111 0000000000000000000000000000000000000000000000010100101100001111 0000000000000000000000000000000000000000000000010100000000100101 0000000000000000000000000000000000000000000000010100100110101001 0000000000000000000000000000000000000000000000010100100110101001
0000000000000000000000000000000000000000000000010101110001000010 0000000000000000000000000000000000000000000000010101110001000010 0000000000000000000000000000000000000000000000010100000000100101 0000000000000000000000000000000000000000000000010100000000100101 0000000000000000000000000000000000000000000000010011010011011010 0000000000000000000000000000000000000000000000010010100001001010
0000000000000000000000000000000000000000000000010101110001000010 0000000000000000000000000000000000000000000000010101110001000010 0000000000000000000000000000000000000000000000010011010001011010 0000000000000000000000000000000000000000000000010011010011011010 0000000000000000000000000000000000000000000000010011010011011010 0000000000000000000000000000000000000000000000010001011011011010
0000000000000000000000000000000000000000000000000000000000000000 0000000000000000000000000000000000000000000000000000000000000000 0000000000000000000000000000000000000000000000000000000000000000 0000000000000000000000000000000000000000000000000000000000000000 0000000000000000000000000000000000000000000000000000000000000000 0000000000000000000000000000000000000000000000000000000000000000
0000000000000000000000000000000000000000000000000000000000000000 0000000000000000000000000000000000000000000000000000000000000000 0000000000000000000000000000000000000000000000000000000000000000 0000000000000000000000000000000000000000000000000000000000000000 0000000000000000000000000000000000000000000000000000000000000000 0000000000000000000000000000000000000000000000000000000000000000
0000000000000000000000000000000000000000000000000000000000000000 0000000000000000000000000000000000000000000000000000000000000000 0000000000000000000000000000000000000000000000000000000000000000 0000000000000000000000000000000000000000000000000000000000000000 0000000000000000000000000000000000000000000000000000000000000000 0000000000000000000000000000000000000000000000000000000000000000
0000000000000000000000000000000000000000000000000000000000000000 0000000000000000000000000000000000000000000000000000000000000000 0000000000000000000000000000000000000000000000000000000000000000 0000000000000000000000000000000000000000000000000000000000000000 0000000000000000000000000000000000000000000000000000000000000000 0000000000000000000000000000000000000000000000000000000000000000
0000000000000000000000000000000000000000000000000000000000000000 0000000000000000000000000000000000000000000000000000000000000000 0000000000000000000000000000000000000000000000000000000000000000 0000000000000000000000000000000000000000000000000000000000000000 0000000000000000000000000000000000000000000000000000000000000000 0000000000000000000000000000000000000000000000000000000000000000
0000000000000000000000000000000000000000000000000000000000000000 0000000000000000000000000000000000000000000000000000000000000000 0000000000000000000000000000000000000000000000000000000000000000 0000000000000000000000000000000000000000000000000000000000000000 0000000000000000000000000000000000000000000000000000000000000000 0000000000000000000000000000000000000000000000000000000000000000
