5530 5314 4631 4863 6034 5376 6603 4930 5581 7222 6242 6968 4842 3140 7068 6767
8428 2437 5198 4206 8705 4629 6110 7663 3784 6086 2786 6842 5699 7223 4105 5156
6110 5123 3034 6766 2748 4614 7176 9121 3989 6524 3622 7311 6030 5467 6299 8742
3985 6123 5667 7070 7269 5710 3978 3607 8981 7074 7055 4939 7680 5644 7794 6959
7260 5639 7799 5777 7497 4692 5975 4622 6102 4708 4146 5234 5048 6718 5078 6491
9784 10239 8544 7304 6748 6342 7808 2026 5670 7076 6572 7016 6201 4582 5237 4952
3778 5659 3182 7418 3600 7363 7371 3438 2967 4431 4433 8460 4519 6032 7632 8116
5851 8440 7951 3616 6246 6400 8677 4365 5124 7469 7702 5619 5317 3982 6695 5780
4205 8030 6363 5847 5716 4310 8004 7955 8187 5298 4130 5748 3180 4628 5669 7967
2445 4008 6882 5724 8148 6165 7116 10270 5275 6269 5428 6069 7277 8168 7776 6649
6173 8716 4694 6703 6737 9217 5893 6981 3768 6012 5611 6550 4611 5704 6815 4821
5498 5737 4773 8379 8563 3624 3904 5032 8171 6528 3712 6844 3862 7918 6620 7505
5596 4298 8226 1697 7673 5818 3895 5182 6524 3968 5433 6034 3684 6150 4278 7695
5962 7663 8316 7386 5657 10065 5583 5884 4252 5490 7860 4062 8601 4512 5823 7974
4158 4935 5961 4935 4169 6120 5458 4744 4791 6822 4647 4679 6255 2758 6570 5278
6905 5911 3648 5078 4347 8164 6380 6525 5049 5154 2580 6265 3531 3460 4222 7642

0 0 0 0 0 0 0 0 0 0 0 0 0 0 0 0
0 0 0 0 0 0 0 0 0 0 0 0 0 0 0 0
0 0 0 0 0 0 0 0 0 0 0 0 0 0 0 0
0 0 0 0 0 0 0 0 0 0 0 0 0 0 0 0
0 0 0 0 0 0 0 0 0 0 0 0 0 0 0 0
0 0 0 0 0 0 0 0 0 0 0 0 0 0 0 0
0 0 0 0 0 0 0 0 0 0 0 0 0 0 0 0
0 0 0 0 0 0 0 0 0 0 0 0 0 0 0 0
0 0 0 0 0 0 0 0 0 0 0 0 0 0 0 0
0 0 0 0 0 0 0 0 0 0 0 0 0 0 0 0
0 0 0 0 0 0 0 0 0 0 0 0 0 0 0 0
0 0 0 0 0 0 0 0 0 0 0 0 0 0 0 0
0 0 0 0 0 0 0 0 0 0 0 0 0 0 0 0
0 0 0 0 0 0 0 0 0 0 0 0 0 0 0 0
0 0 0 0 0 0 0 0 0 0 0 0 0 0 0 0
0 0 0 0 0 0 0 0 0 0 0 0 0 0 0 0

16972 15217 15953 14092 19685 16758 13122 14622 16856 15570 17825 15777 13219 17356 14132 17490
15670 15726 13925 16195 17792 14932 21185 11407 15676 16183 16843 15776 13211 17863 14222 17677
16825 15678 15149 13047 18139 20262 15596 13007 19420 14307 17171 17182 13704 16255 15998 14681
15025 15205 17669 15582 14497 16986 16545 15255 19437 14967 16574 15783 17597 14070 17584 17532
11597 20982 11447 15665 16071 13181 15862 17864 16947 15372 13114 15472 17137 13838 14159 14454
13235 20628 15052 16071 17263 15877 14593 19241 17641 16021 17089 17147 17997 14322 13071 15754
13428 16493 14128 16840 15651 15238 14739 18832 14639 18058 17791 14673 17459 14716 19220 15099
17056 16427 14805 13936 16815 15525 15132 18578 16800 13489 18437 15202 14587 14293 15453 17470
16488 14758 15780 16538 15108 16627 15164 15097 17335 15280 16648 14886 16652 15312 15013 17306
13966 15947 14416 15353 17095 15502 17538 12757 17993 15879 14663 17624 13728 13890 16666 13441
14031 11911 14938 14755 17613 18842 17419 13287 15451 16218 15670 11760 16457 17691 14968 15006
15581 15053 15891 14692 14118 17389 17156 12978 16329 15008 18584 16058 14736 16546 18237 14497
15580 14726 14280 16149 16289 17142 18785 15544 16189 16627 17519 12306 16618 15796 16166 15037
16973 16496 15745 15010 19142 16524 16659 13026 16662 16847 14506 13476 16126 15490 13704 17049
15274 16851 16574 15635 16686 17664 17774 16292 16794 14989 15061 16255 16250 16113 14997 15946
18288 11719 16709 14294 16600 15942 13573 17625 16044 16867 16659 15691 18512 12487 17570 18503

26594 25312 25111 27862 26594 29644 26546 26441 26669 25814 27624 27278 26552 27214 24845 27289
23349 27927 24857 23924 29093 27593 26842 25950 28237 26256 27574 23756 28558 27945 26441 27259
25765 26881 26814 26724 27656 26901 26503 24345 29882 27979 27414 29354 27157 28596 26505 26999
27603 25275 28598 27102 27953 28772 28090 26888 29328 27076 28715 27789 27068 28608 28115 28629
27435 32641 26590 27440 24164 26379 25340 30296 29767 28316 23811 26310 28108 24798 24313 25214
24343 25948 28036 29216 29707 24857 26377 31102 26172 26711 29840 27248 29278 29047 26348 25841
29183 26786 24749 27020 28806 28368 23509 28538 29350 26697 28299 25686 27096 29315 27290 28491
29741 28627 26612 27510 24926 25123 24834 30123 25915 24859 28197 25337 23559 25661 27125 27423
27757 24869 24982 27573 26768 26592 24859 27763 28063 27678 28079 23808 29008 28016 25779 28993
28021 25661 26462 28908 27944 28699 26926 26547 30411 25876 28260 26728 25450 26677 26779 27857
27819 26414 26251 26405 29639 28688 28153 27232 27942 27482 27100 23320 28357 27322 24770 25742
25382 23327 26612 29166 24378 29397 28340 24927 25089 27620 27980 25710 27396 27379 29399 26748
27840 26980 24276 27804 27640 28172 27348 27585 28706 26556 27128 25389 25208 26882 26243 25188
28537 25358 24786 28344 28017 25275 26558 27701 25858 26675 23387 26492 25837 26628 27414 27184
26141 25707 26238 26085 29171 27168 26653 24857 28263 26116 26413 26047 24070 28021 27027 26520
26772 27278 26775 28074 25266 26956 25216 28915 27727 27432 29209 25275 27065 26623 26024 29515

4095 2573 1712 5453 6539 6024 2895 2623 4692 4186 4285 5586 4101 2379 2743 7538
2820 2181 7053 3274 3712 2984 7362 2804 4221 4161 5416 3391 4549 6121 3375 4266
4392 7907 1238 3660 4203 5631 943 5480 9632 3124 2262 4007 4144 5013 2995 2081
3973 870 4449 7633 4697 1997 3283 4249 5477 1960 6972 5423 5904 3357 7825 7443
5555 7570 1892 2063 3979 4343 5152 4455 4935 6490 1780 1962 5766 5747 1600 4125
5641 3671 5585 7466 2912 2902 1089 7137 3140 1793 7366 3947 4995 3014 1976 4561
1283 3896 3604 6045 2191 6089 6276 4444 1713 7566 4525 3446 5122 5657 6487 5008
3968 4185 1296 3942 4467 3741 4067 8694 7874 1150 3687 3738 3900 3184 4592 7072
5973 5082 4530 6120 4371 2379 7245 4820 3425 2433 10322 0 5866 5529 3023 6339
3234 443 3184 4855 6058 5068 1012 1847 5546 5194 2172 3253 3848 3357 4434 4830
2682 4162 3979 4174 4710 8917 14 4867 5832 5107 3519 1552 5041 5453 2056 4221
6173 4171 5138 6632 1760 0 5213 6066 4440 4155 4679 4971 4296 1271 6665 2743
3572 3008 3341 4322 8091 6975 3982 727 5100 4391 2235 3225 5626 5969 3497 2926
5975 5617 3909 5125 1890 5389 4156 5942 5390 3084 2519 6754 6000 2245 3421 4141
3027 3643 6825 1905 4273 4863 4730 3090 5610 5797 4124 1052 2031 3726 7155 5296
3855 5008 2723 4730 4926 4610 2763 4046 5323 3551 3248 2499 2984 5284 366 3444

25824 27628 24422 23839 24326 27378 28493 25372 23313 22893 24187 26461 25393 24942 25361 24219
25949 25154 25793 22429 23779 26850 30818 25367 25168 24399 25109 24392 26458 27206 28784 22643
25592 25245 23953 26117 25431 26871 27418 25914 24285 27184 24525 27320 27308 28316 27484 25081
24346 26769 25218 24678 25792 24919 27502 24126 24847 27900 27392 24641 27637 26931 23719 26101
25291 25546 25411 24645 24461 26383 24884 27672 28576 28852 25426 26589 25503 26802 23075 24008
24839 21841 26695 23787 26454 29070 26187 29132 29843 24813 28629 26967 26162 26543 27995 24872
22846 26929 27924 26590 23785 27959 26996 28901 29155 24114 26392 27193 25670 28649 24915 23661
24537 25525 26276 26494 24884 25579 22898 25088 25833 23782 26037 27575 26879 26454 22026 24155
25018 26752 23807 24376 23443 22575 24126 22102 25011 25121 26566 25385 24640 24536 25630 25194
27403 24765 23197 22774 25859 26047 24170 24535 27456 24683 24149 25292 21494 24525 25025 24201
27735 24127 23440 23990 22592 26886 26245 28847 23309 23329 27682 24951 24431 24794 24320 25655
25812 26116 24898 29032 25627 29305 30271 27475 25194 25898 28499 28382 26577 24224 25196 27851
21802 24670 25044 23696 26036 28200 27946 27236 26268 24827 22300 25461 23966 22415 23213 26161
22703 25211 25218 24536 25142 27765 27639 28924 24382 23201 22228 26636 26617 26401 26100 24908
27923 25831 26144 24816 24166 25995 27191 26522 25528 25526 25753 25058 27421 25722 24375 26048
25996 26086 23683 27085 24355 27328 27305 26944 26625 27606 28028 27162 28348 24138 22728 25737

0 0 0 0 0 0 0 0 0 0 0 0 0 0 0 0
0 0 0 0 0 0 0 0 0 0 0 0 0 0 0 0
0 0 0 0 0 0 0 0 0 0 0 0 0 0 0 0
0 0 0 0 0 0 0 0 0 0 0 0 0 0 0 0
0 0 0 0 0 0 0 0 0 0 0 0 0 0 0 0
0 0 0 0 0 0 0 0 0 0 0 0 0 0 0 0
0 0 0 0 0 0 0 0 0 0 0 0 0 0 0 0
0 0 0 0 0 0 0 0 0 0 0 0 0 0 0 0
0 0 0 0 0 0 0 0 0 0 0 0 0 0 0 0
0 0 0 0 0 0 0 0 0 0 0 0 0 0 0 0
0 0 0 0 0 0 0 0 0 0 0 0 0 0 0 0
0 0 0 0 0 0 0 0 0 0 0 0 0 0 0 0
0 0 0 0 0 0 0 0 0 0 0 0 0 0 0 0
0 0 0 0 0 0 0 0 0 0 0 0 0 0 0 0
0 0 0 0 0 0 0 0 0 0 0 0 0 0 0 0
0 0 0 0 0 0 0 0 0 0 0 0 0 0 0 0

11892 10405 6846 7836 14732 5990 9511 10730 10189 11314 9832 11612 9839 11368 10007 8996
8628 10142 6781 9957 12535 11233 10459 9204 11173 11455 7731 12716 11336 11977 9901 13428
10859 11931 10962 14767 10703 8142 11022 10057 12645 9071 13235 13305 10406 6842 10024 13809
8641 12396 11417 7377 9726 11636 9015 8473 12479 12187 10120 8827 9587 8815 7648 7275
10527 9236 10158 9576 10776 8206 9759 12689 11151 6606 9632 10437 9781 11010 8301 8829
11008 11883 9503 11984 9922 11860 10216 10994 6989 9858 9321 10845 10797 12745 10599 10202
10046 11738 7955 10117 9717 8606 7881 10272 8469 7863 9262 7640 12113 9140 9701 11010
10689 11994 9854 10260 8175 8420 10056 9001 7259 9184 14286 8687 9824 10733 6602 14677
10613 8924 7745 7810 11229 8963 8885 9806 13732 13253 10163 9603 10197 7500 7527 9981
8695 9199 10633 10115 8541 14255 10639 16417 9298 11100 11045 9038 8138 11370 11059 7151
9265 8163 7858 9610 10014 13287 12070 9658 7618 10618 6151 8786 11982 9216 8855 11425
8394 6605 10450 8998 12321 10620 5456 9566 10619 10508 8814 9267 8684 10683 11566 11522
9804 10573 10392 11036 8098 7092 8085 11847 10979 7748 11001 10445 10259 11414 8829 9913
10444 9582 11781 12459 12843 11009 12057 10186 8220 10259 10483 10177 8903 10579 12262 10398
9107 9117 9355 12236 8332 10750 7302 10825 6806 10661 11188 9474 9771 10687 11783 9400
9473 7958 8861 8711 9784 9086 7640 8970 10484 13474 8778 9626 8711 10954 9281 12950

77 4582 5907 851 937 4236 2612 1488 2331 3218 4096 0 3407 1405 1562 1484
2942 0 1406 5174 665 3271 5314 2506 0 0 1856 1019 3362 18 1395 918
0 415 4751 0 69 2472 2358 1260 582 1194 2209 0 1865 3129 2444 91
2458 561 1469 3005 52 2618 3493 4266 4253 2212 0 1747 5791 6369 0 1768
1671 316 1217 5207 1112 830 1645 2600 1698 310 4349 2894 386 1218 4272 3093
3042 4017 0 376 0 4935 3072 0 4204 3752 2142 1273 3275 2255 0 0
1395 0 4364 5674 2583 1025 2113 3848 1681 1651 4895 1804 2508 2955 2785 2448
2800 2923 0 0 1285 4530 2535 0 2586 3089 2510 636 0 879 2543 0
0 2412 2328 3603 1634 2554 2422 4909 4144 0 0 5338 3007 3451 6570 2892
2251 2522 1667 2352 1007 734 2282 975 1028 0 4955 0 4575 683 310 1813
2705 0 88 5504 3958 589 4350 2041 5609 10 2891 0 1930 1691 1384 3966
1248 4869 1575 2945 3981 3211 0 2303 6329 0 2289 2927 2984 1942 1314 1585
393 2399 1005 1833 1142 2026 8316 7182 610 109 1176 2141 0 0 3700 2379
4846 4099 2292 1507 4261 3012 1395 0 3817 4403 437 2693 4907 4580 4543 2042
1952 1194 924 2114 1456 2033 3946 3024 3009 0 0 3394 533 0 0 2213
2416 2769 914 0 4053 5142 3527 0 4856 2395 2455 1468 1095 2544 5318 4055

0 0 0 518 702 1408 450 0 0 432 213 1603 0 853 0 610
2347 1154 1800 4575 0 1226 1095 1783 0 0 874 1028 0 0 0 418
1172 0 1546 0 0 2750 707 0 0 779 3471 0 0 923 700 192
262 367 883 149 360 26 0 1617 1320 1220 221 0 0 1391 0 0
1111 0 652 0 153 0 0 0 0 0 0 522 288 0 0 0
0 0 132 1446 618 0 0 0 1098 1150 0 0 0 0 495 0
0 0 0 0 0 0 1068 379 0 0 985 0 929 0 0 0
4022 2631 273 0 1820 1298 89 0 608 4913 550 3563 2309 0 142 1028
4044 110 844 0 307 933 1521 1231 239 201 0 613 0 0 1616 76
0 0 0 609 825 1141 2332 0 0 767 0 0 2359 1499 61 0
2216 0 0 0 2188 0 0 0 1598 2543 1245 1088 0 0 1291 622
0 420 1610 0 0 0 968 565 0 0 0 958 1415 1636 1616 0
1308 966 95 0 618 0 0 844 0 1421 235 59 503 0 0 564
0 0 1017 0 1840 0 659 0 0 0 391 908 0 903 2943 0
0 0 0 0 0 0 0 0 1500 2576 1458 0 2695 2902 0 0
2220 2823 2214 0 631 0 1167 0 538 0 0 0 926 0 0 2107

0 0 0 0 0 0 0 0 0 0 0 0 0 0 0 0
0 0 0 0 0 0 0 0 0 0 0 0 0 0 0 0
0 0 0 0 0 0 0 0 0 0 0 0 0 0 0 0
0 0 0 0 0 0 0 0 0 0 0 0 0 0 0 0
0 0 0 0 0 0 0 0 0 0 0 0 0 0 0 0
0 0 0 0 0 0 0 0 0 0 0 0 0 0 0 0
0 0 0 0 0 0 0 0 0 0 0 0 0 0 0 0
0 0 0 0 0 0 0 0 0 0 0 0 0 0 0 0
0 0 0 0 0 0 0 0 0 0 0 0 0 0 0 0
0 0 0 0 0 0 0 0 0 0 0 0 0 0 0 0
0 0 0 0 0 0 0 0 0 0 0 0 0 0 0 0
0 0 0 0 0 0 0 0 0 0 0 0 0 0 0 0
0 0 0 0 0 0 0 0 0 0 0 0 0 0 0 0
0 0 0 0 0 0 0 0 0 0 0 0 0 0 0 0
0 0 0 0 0 0 0 0 0 0 0 0 0 0 0 0
0 0 0 0 0 0 0 0 0 0 0 0 0 0 0 0

11145 13221 10737 8742 10223 12699 14597 11330 9645 12282 12116 11214 12551 13856 10976 7070
12468 11356 10446 10422 14923 12587 9795 12475 11960 10459 10986 13516 11739 11341 11610 10311
10329 9485 11301 13183 11562 9089 15942 8064 11047 12676 11124 11896 10718 9112 11203 13849
11343 13235 9766 8440 11370 13454 12399 8475 12966 11477 8674 11723 14219 10131 10795 9104
12113 9539 13596 13981 10837 11720 11672 10869 11869 10744 12455 12818 11937 12061 12191 10905
7230 13452 9518 10611 10803 10894 11879 12390 10825 9285 10459 10443 10611 13796 11955 9323
12117 13647 11127 10735 10561 13144 9392 11125 12162 8570 11162 13802 12004 11175 9704 11417
11246 12745 14037 11609 11634 13483 11690 8365 10526 11639 13711 11425 9979 10837 9895 11975
10174 14327 9598 7648 12548 10732 10436 11507 14392 9175 11686 11719 9147 11611 9679 11244
12990 11513 11824 10030 9952 12312 12259 11526 11524 8461 13420 10607 11882 11783 10793 10352
10494 11546 10064 11440 8869 11436 14484 11634 11162 13945 12960 12822 11097 9874 13012 8780
9903 8646 8478 11235 14667 14494 9889 10737 11862 11721 9821 9394 11808 12126 10043 13995
11839 13375 13581 9371 10184 11352 12186 14575 11231 9065 12561 14460 8262 7618 14709 13840
7800 14162 12028 12542 12298 9949 12945 9717 9933 12878 11993 8607 9901 12109 12686 9540
12086 8983 10305 11578 11949 13574 11788 10144 10227 9347 10947 13031 13003 9228 7647 12122
10936 12947 12601 11461 9199 13782 13996 9816 10941 10676 12217 11786 9974 11201 10735 12388

0 0 0 0 0 0 0 0 0 0 0 0 0 0 0 0
0 0 0 0 0 0 0 0 0 0 0 0 0 0 0 0
0 0 0 0 0 0 0 0 0 0 0 0 0 0 0 0
0 0 0 0 0 0 0 0 0 0 0 0 0 0 0 0
0 0 0 0 0 0 0 0 0 0 0 0 0 0 0 0
0 0 0 0 0 0 0 0 0 0 0 0 0 0 0 0
0 0 0 0 0 0 0 0 0 0 0 0 0 0 0 0
0 0 0 0 0 0 0 0 0 0 0 0 0 0 0 0
0 0 0 0 0 0 0 0 0 0 0 0 0 0 0 0
0 0 0 0 0 0 0 0 0 0 0 0 0 0 0 0
0 0 0 0 0 0 0 0 0 0 0 0 0 0 0 0
0 0 0 0 0 0 0 0 0 0 0 0 0 0 0 0
0 0 0 0 0 0 0 0 0 0 0 0 0 0 0 0
0 0 0 0 0 0 0 0 0 0 0 0 0 0 0 0
0 0 0 0 0 0 0 0 0 0 0 0 0 0 0 0
0 0 0 0 0 0 0 0 0 0 0 0 0 0 0 0

0 1061 0 0 0 1816 0 0 0 615 1517 156 0 2203 0 23
0 654 0 0 651 1514 0 251 0 226 3062 0 289 1624 0 0
0 0 1519 0 932 317 3533 0 0 1317 802 0 0 370 1756 0
576 1086 2182 0 0 0 0 0 0 2036 0 1887 0 0 2048 0
0 0 852 0 458 1609 0 0 2134 0 1852 0 3851 0 1819 0
0 1355 313 0 968 0 0 1901 3055 0 0 1633 0 751 0 0
2352 0 1662 0 530 0 0 0 992 0 664 2256 0 275 0 2801
1149 1417 1266 888 0 2402 69 0 767 3810 0 1866 349 0 2790 0
1554 0 0 0 0 1757 0 701 1585 0 0 0 0 159 0 0
839 881 0 0 1530 367 312 0 0 0 1481 0 1450 474 518 1525
1852 0 0 373 0 0 2640 0 0 452 303 1542 0 0 1753 0
225 0 1186 429 0 2268 1075 0 0 834 705 0 221 1822 0 0
163 2038 0 2262 280 0 0 2727 0 0 2002 1017 936 0 1982 2111
0 2179 0 0 2170 0 378 0 0 1580 0 154 0 66 2330 0
602 514 0 0 1006 0 0 0 3048 204 0 1839 833 2950 0 0
519 0 1097 551 102 410 976 0 1623 0 2240 0 0 0 0 2028

0 0 0 0 0 0 0 0 0 0 0 0 0 0 0 0
0 0 0 0 0 0 0 0 0 0 0 0 0 0 0 0
0 0 0 0 0 0 0 0 0 0 0 0 0 0 0 0
0 0 0 0 0 0 0 0 0 0 0 0 0 0 0 0
0 0 0 0 0 0 0 0 0 0 0 0 0 0 0 0
0 0 0 0 0 0 0 0 0 0 0 0 0 0 0 0
0 0 0 0 0 0 0 0 0 0 0 0 0 0 0 0
0 0 0 0 0 0 0 0 0 0 0 0 0 0 0 0
0 0 0 0 0 0 0 0 0 0 0 0 0 0 0 0
0 0 0 0 0 0 0 0 0 0 0 0 0 0 0 0
0 0 0 0 0 0 0 0 0 0 0 0 0 0 0 0
0 0 0 0 0 0 0 0 0 0 0 0 0 0 0 0
0 0 0 0 0 0 0 0 0 0 0 0 0 0 0 0
0 0 0 0 0 0 0 0 0 0 0 0 0 0 0 0
0 0 0 0 0 0 0 0 0 0 0 0 0 0 0 0
0 0 0 0 0 0 0 0 0 0 0 0 0 0 0 0

35059 32094 33724 30977 36561 29643 36223 34094 32854 32402 32132 33094 33669 33181 30405 34154
32374 33809 31339 35765 34332 31123 35918 31359 36179 34019 31713 36710 32064 35359 32806 32094
30618 32304 31201 32245 35385 35817 33864 33020 33426 31264 36220 34570 33783 37667 38554 31857
33606 35117 32934 31750 33685 31873 32335 34414 34999 33198 32551 33260 33431 34833 35555 33088
37303 34540 36764 35825 33772 31103 32986 32342 36120 32909 37770 35186 32032 33706 32903 33553
36307 32291 29258 34568 30969 35483 32239 32985 35384 35797 31963 35406 31650 35420 32072 36574
33763 34565 34797 34019 34207 32212 31208 37093 33434 38366 32633 33176 32153 34018 34724 31688
34256 37585 32626 34624 36611 33545 32207 32573 33316 33399 37152 28395 35680 35684 34932 35957
37107 33462 34151 33993 33510 34241 33845 33048 32979 31016 33388 32832 33445 32521 35269 35428
34379 36749 32097 33704 33131 36050 30724 34950 30957 37770 33061 34750 32246 33536 31071 31740
35252 32885 32905 34138 32053 31769 27661 34140 32475 37428 30909 34746 31452 34516 30634 34376
33275 29799 33580 32787 36980 33363 32443 34511 36076 31342 30815 31635 32796 35042 30197 31976
31662 32589 31516 32615 29831 33316 33431 33873 32292 33488 34845 27132 32621 34793 31767 30662
32203 31920 30458 32134 35151 32392 32248 31376 35738 32773 32298 30506 32187 32957 32680 36185
31089 34693 32143 32141 31024 34249 30381 38159 29245 34188 32036 34690 30487 29856 34019 34041
35573 32672 35869 32890 36876 33206 31375 35460 30344 37020 29415 35981 30619 31380 34550 31969

