4736 5076 5486 5225 7050 5589 5053 4231 5038 5232 6056 4955 6264 4031 4776 3614 4251 3951 6237 6023 4801 4736 4248 6216
5565 4062 3936 4567 3883 6250 5276 5018 3922 4913 4306 4070 5683 6326 4227 4470 4830 4396 4941 4740 5326 5856 4223 2745
4467 3347 4540 4692 4943 2760 3368 5281 5029 5106 3681 4451 4804 4641 5090 5963 5182 5425 4396 5476 5041 4742 4370 4525
3786 5522 3228 4370 4757 5161 5523 4895 4188 5358 4013 4109 5125 5814 4592 5159 3508 4222 5817 3975 5661 5487 5229 5439
3923 4542 5115 4002 3269 5871 5226 4501 4467 4984 4924 5216 5187 3304 4396 5250 6738 6171 4983 5376 5075 3995 4365 4798
4965 4263 3960 5047 5823 4665 5064 6152 3975 4734 5667 3787 3998 4835 5121 3745 4638 5836 5610 4546 5097 3696 5414 4492
2277 4926 3933 4714 4665 5515 3759 3984 3363 5210 5849 5255 4358 4318 4647 5213 5048 4449 4460 5162 4369 4106 4691 4467
4851 5907 4920 3982 5125 3778 4861 4471 4648 4524 4811 4372 5350 3695 5403 4059 3815 5373 6279 4166 5548 4299 4742 5348
4730 4813 4872 4958 4548 4897 3424 5503 5320 4492 5543 4349 4342 5556 4692 3965 5000 4278 3816 4713 5284 3912 5300 5383
3202 4420 5228 4622 4883 3634 4472 4489 4919 4796 4774 4965 4219 5953 5266 5985 4918 4720 5735 5585 4668 4141 4110 5926
5217 4184 4698 4573 3841 3981 5924 6302 4460 5628 4349 5007 4373 5533 5330 5583 5998 5783 5612 3526 4143 5469 5716 3919
4954 5147 3691 5306 5245 2721 4295 4473 4816 3811 4721 4575 2777 4967 4602 4600 4215 5177 4628 4644 4908 4759 3619 4754
5073 4535 4632 5140 5221 4816 5226 5591 5279 5875 3191 4865 4146 4225 3974 5207 4502 3985 3618 4179 4752 3558 5579 4839
5282 5522 5066 4790 4054 5234 4685 6203 3701 5274 5525 5627 7947 5595 4256 3936 5113 5467 5149 4772 3924 4365 5346 3907
5586 6155 5359 3956 5605 3871 4703 4321 6588 3777 4767 4209 4193 4940 4438 3939 3827 4332 6175 5958 5052 4859 4865 5488
4067 5680 4396 4932 2779 4708 4845 6315 5107 5476 5015 6734 4483 4292 3543 5388 5868 4836 3991 5973 4817 5717 4080 2840
5579 4064 4836 5588 6043 4393 3139 4713 6523 5128 3622 4636 3867 6234 5130 3028 4501 5704 6592 5445 4370 3942 3062 6317
4971 4814 5101 5419 5095 4398 5166 4765 5750 6017 5734 3761 5230 4468 5311 5605 4175 4815 4629 5129 4927 4661 3070 4630
3875 5738 6377 3717 5307 2865 4461 4411 3963 4826 6366 4303 5459 4601 3906 4003 5019 4996 5598 4617 5934 4468 5187 4232
4381 5585 4173 5251 4142 4555 4725 4354 4699 6170 4540 4233 4859 5811 4892 4386 6402 5878 4124 4854 4817 5300 5726 5254
5207 5717 4461 4382 4084 5283 5304 4043 4722 5667 4152 3609 3782 5584 4295 4409 4266 3732 4206 4794 4608 4684 3689 6227
3411 5422 6023 4547 4369 4406 5528 4794 5523 4465 4899 5479 4214 5786 4596 5714 4287 3673 4436 3950 5171 3886 4711 3554
5953 4333 5420 4556 3969 5063 5264 4902 3862 4326 4706 4138 5542 4500 6341 5435 3429 5271 4318 4573 3258 6706 5573 6300
4005 4310 5326 3987 6229 3120 5394 3194 4725 3451 4267 4534 3983 3644 5500 4315 4334 4997 5825 4336 4586 4884 2633 5966

1259 682 970 420 849 1261 1885 1904 1204 723 0 719 1351 1592 1299 469 1639 3055 0 2142 2524 766 2347 0
1990 833 946 707 275 0 839 3027 360 569 1515 94 668 829 1401 1018 130 2196 2186 699 441 1625 1903 1969
0 900 15 50 1928 1817 2005 0 1341 2 1929 1249 1638 1080 1195 0 2318 598 963 2312 1213 1109 1135 92
1632 371 952 28 760 2112 1097 540 1177 1042 1515 1842 1403 504 2245 1783 2847 1418 1931 1232 2032 1111 2572 982
2040 413 0 3234 592 402 866 1066 914 954 2089 1014 1783 2319 512 0 0 2720 1200 1229 826 1616 507 340
666 504 1746 1153 1158 1497 794 198 1846 2494 440 2054 1429 0 0 1042 1614 385 1040 116 450 1470 44 2074
790 495 718 1670 1727 646 1220 1777 1293 1341 0 1047 1316 1190 476 118 1784 1407 1188 1468 400 569 1058 1152
0 1088 2340 1087 950 1101 661 2013 0 2040 1354 1134 2269 1347 1147 1758 706 688 2155 1146 989 0 1062 409
1184 0 1799 1577 1474 2160 1672 791 718 365 1022 3121 341 1329 1760 1047 1882 1898 441 1865 1301 1778 1685 766
997 1211 434 1044 401 1050 1638 678 1618 1626 1984 0 3449 448 1739 1993 1346 1007 1430 1215 2754 875 1530 1382
784 3075 1561 944 1140 1060 0 1911 1220 1057 1594 2331 979 214 2186 963 763 461 455 1320 1653 381 854 1690
1572 1567 1425 543 0 2955 1989 0 1515 987 629 395 135 46 470 0 484 1773 0 1145 1234 2592 394 1029
0 1204 1195 432 1649 407 2090 0 990 623 3368 1971 2332 2862 44 1420 458 1310 1704 0 676 0 531 2043
0 396 1139 898 1606 720 0 345 317 0 492 1291 0 1813 1980 1297 684 808 0 2302 231 1425 915 1304
269 484 2629 1128 1036 2150 2840 1185 1113 1715 669 303 1897 534 1651 2589 2079 851 1617 587 1946 1282 1642 1923
473 1244 607 945 2001 479 1353 2630 1453 1363 1292 1248 2967 1682 1295 559 1679 902 2355 417 964 1381 2042 490
726 1059 629 738 960 2287 564 0 729 2503 1529 1508 369 545 2567 2132 1605 198 0 333 920 0 0 0
1011 168 0 963 0 992 512 783 1340 1098 1199 1346 1162 1397 350 1127 1530 1789 769 2959 1401 892 941 0
865 862 469 2485 1320 1233 627 441 2254 0 0 2535 644 1281 2440 0 0 1671 1483 1096 304 324 1492 1759
1032 1937 593 489 1813 1269 1914 1478 273 0 926 803 607 1114 0 2 0 861 463 0 574 1202 37 827
1273 1267 1465 693 1683 720 609 1433 1276 832 925 875 949 827 842 0 223 1517 0 1217 931 39 0 0
942 1765 0 1737 799 959 1098 1069 0 0 1043 1094 2200 2352 1331 915 817 755 287 519 823 324 1524 1784
800 1475 572 995 2158 1396 1078 197 1350 813 1376 1472 1314 508 429 1706 657 1421 3 1745 1343 491 1887 258
1645 89 811 0 1325 1366 2272 1067 790 2452 0 734 1982 452 1353 1093 1036 1463 2119 917 2155 2465 724 0

0 813 739 0 0 0 0 0 0 0 0 0 0 0 0 0 0 0 0 0 0 0 0 0
0 0 0 0 0 0 0 0 0 0 0 0 0 0 0 0 0 0 0 0 0 0 0 0
122 245 881 0 0 0 0 0 0 0 0 0 0 0 0 0 0 0 0 0 0 0 0 0
246 0 0 0 0 0 0 0 0 0 0 0 0 476 244 0 0 0 0 0 0 0 0 0
0 0 0 0 0 0 0 0 0 0 0 8 0 0 0 0 0 0 0 0 0 0 0 0
0 0 0 0 0 0 0 0 0 0 0 0 0 0 0 0 0 0 0 0 0 0 0 0
0 0 0 0 0 0 0 0 0 0 0 0 0 0 0 0 0 0 0 0 0 0 0 0
0 0 0 0 0 0 0 0 0 0 0 0 0 0 0 0 0 0 0 0 0 0 0 0
0 0 0 0 0 0 0 0 0 0 0 0 0 0 0 0 0 0 0 0 0 0 0 0
0 0 0 0 0 0 0 0 0 0 0 0 179 0 0 19 0 0 0 157 0 0 0 0
0 0 0 0 0 0 0 0 0 0 0 0 0 0 0 0 418 0 0 0 0 0 0 0
0 0 0 0 0 0 0 0 0 0 0 0 0 0 0 0 0 273 0 223 0 0 0 0
0 0 0 0 0 0 0 0 0 0 0 0 0 0 0 0 0 0 0 0 0 0 0 0
0 0 0 0 0 0 0 0 0 0 0 0 0 0 0 0 0 0 0 0 0 0 0 0
0 0 0 350 0 0 0 0 0 0 0 0 0 0 0 0 0 0 0 0 0 0 0 0
0 0 0 0 0 0 0 0 0 0 0 0 0 0 0 0 0 0 0 0 801 0 0 0
0 0 0 0 0 0 47 0 0 0 0 0 0 0 0 0 0 0 0 0 0 0 0 0
0 0 0 0 0 0 0 0 0 0 0 0 0 0 394 26 0 0 0 0 0 0 0 0
0 0 0 0 0 0 0 0 0 0 0 227 0 0 0 0 0 0 0 0 0 0 0 0
0 0 0 0 0 0 0 0 0 0 0 868 0 0 0 0 0 146 0 0 0 0 0 0
0 0 0 0 0 0 0 0 0 0 0 0 0 0 0 0 0 0 0 0 0 0 112 0
0 0 0 0 0 0 0 0 0 0 0 0 0 0 0 0 0 0 0 0 0 0 0 0
0 0 0 0 0 0 0 0 0 0 0 0 0 0 0 0 0 0 0 0 0 0 0 0
0 0 0 0 0 0 0 0 0 0 0 0 0 0 0 0 193 362 0 0 287 0 791 0

0 0 0 0 0 0 0 0 0 0 0 0 0 0 0 0 0 0 0 0 0 0 0 0
0 0 0 0 0 0 0 0 0 0 0 0 0 0 0 0 0 0 0 0 0 0 0 0
0 0 0 0 0 0 0 0 0 0 0 0 0 0 0 0 0 0 0 0 0 0 0 0
0 0 0 0 0 0 0 0 0 0 0 0 0 0 0 0 0 0 0 0 0 0 0 0
0 0 0 0 0 0 0 0 0 0 0 0 0 0 0 0 0 0 0 0 0 0 0 0
0 0 0 0 0 0 0 0 0 0 0 0 0 0 0 0 0 0 0 0 0 0 0 0
0 0 0 0 0 0 0 0 0 0 0 0 0 0 0 0 0 0 0 0 0 0 0 0
0 0 0 0 0 0 0 0 0 0 0 0 0 0 0 0 0 0 0 0 0 0 0 0
0 0 0 0 0 0 0 0 0 0 0 0 0 0 0 0 0 0 0 0 0 0 0 0
0 0 0 0 0 0 0 0 0 0 0 0 0 0 0 0 0 0 0 0 0 0 0 0
0 0 0 0 0 0 0 0 0 0 0 0 0 0 0 0 0 0 0 0 0 0 0 0
0 0 0 0 0 0 0 0 0 0 0 0 0 0 0 0 0 0 0 0 0 0 0 0
0 0 0 0 0 0 0 0 0 0 0 0 0 0 0 0 0 0 0 0 0 0 0 0
0 0 0 0 0 0 0 0 0 0 0 0 0 0 0 0 0 0 0 0 0 0 0 0
0 0 0 0 0 0 0 0 0 0 0 0 0 0 0 0 0 0 0 0 0 0 0 0
0 0 0 0 0 0 0 0 0 0 0 0 0 0 0 0 0 0 0 0 0 0 0 0
0 0 0 0 0 0 0 0 0 0 0 0 0 0 0 0 0 0 0 0 0 0 0 0
0 0 0 0 0 0 0 0 0 0 0 0 0 0 0 0 0 0 0 0 0 0 0 0
0 0 0 0 0 0 0 0 0 0 0 0 0 0 0 0 0 0 0 0 0 0 0 0
0 0 0 0 0 0 0 0 0 0 0 0 0 0 0 0 0 0 0 0 0 0 0 0
0 0 0 0 0 0 0 0 0 0 0 0 0 0 0 0 0 0 0 0 0 0 0 0
0 0 0 0 0 0 0 0 0 0 0 0 0 0 0 0 0 0 0 0 0 0 0 0
0 0 0 0 0 0 0 0 0 0 0 0 0 0 0 0 0 0 0 0 0 0 0 0
0 0 0 0 0 0 0 0 0 0 0 0 0 0 0 0 0 0 0 0 0 0 0 0

4365 4486 3745 3894 3432 3747 4300 4690 2557 4931 3611 3034 3792 4384 4782 4241 4384 3888 3929 4055 5164 4248 4045 3123
4017 5129 4153 3384 2578 2628 5065 3418 4770 2505 4722 4626 3428 4724 5641 4908 4511 3369 4628 4864 4678 4566 4923 5021
3632 6374 4635 3725 3758 4917 5035 4718 5561 3929 4821 4925 5019 4291 2631 3943 4252 4609 5889 4379 4554 3603 5456 3763
4838 3196 4456 4989 3645 4814 3423 4784 4489 3126 4590 4017 3344 4268 4125 4727 4612 3941 4092 4548 2151 3976 2190 3774
2787 3897 3412 3359 6227 4024 4753 3652 2137 3641 5971 4983 3840 3399 5199 4189 2933 4465 5054 4405 4224 3574 3727 4490
3310 4019 3643 3331 3897 4673 3823 4012 3362 4470 4045 4406 4701 2852 3488 4521 5452 3400 4401 3518 4454 4413 3864 4338
4239 4721 3939 4846 5147 4426 4115 3354 4667 5581 4051 4041 3645 5757 4943 2478 3565 4659 3586 3202 4505 4083 4594 4070
4496 3095 5025 4905 3514 4864 3961 4427 5332 5077 3470 4321 5606 4046 2977 4940 4873 3866 3719 4687 4899 5335 3512 3165
5235 3897 4913 5266 3746 4284 4684 3747 4811 2376 3710 4859 4271 3469 5049 5069 4535 4610 4506 3815 4273 4053 4477 5232
4296 4133 3453 4218 4198 4285 4674 3857 4172 3539 3721 4316 3869 4581 3729 3071 4110 2636 4464 3914 4340 4558 3487 3543
3426 3775 3984 4429 5269 5051 4063 2984 4048 3377 5046 4014 2479 3057 3275 4292 4474 3070 2447 5041 3595 3625 2751 4812
4106 4589 4759 3592 4762 4573 6709 4628 5317 5555 4694 3826 5989 5571 4386 4505 4527 4548 3807 3565 2836 4194 4346 3774
5123 5450 5196 3650 5231 5275 4413 3941 5441 4343 4054 3391 5125 5037 4720 3871 3083 4134 5417 5000 4395 4273 4001 5774
4702 4694 3137 4462 4460 4392 2649 3261 5723 3905 4730 5692 4518 3699 3561 3596 4784 5042 4568 4850 4958 5596 3304 3950
3312 3011 2815 3819 2289 3590 3742 3991 4515 4956 4481 4529 4041 4626 3555 5057 4711 3947 5080 4814 4917 3377 3925 3881
3342 3397 4840 4024 4896 6519 3373 3853 4392 4158 3404 2561 3639 3154 5123 3731 3844 6528 5618 4414 4157 4928 4880 2354
3796 4814 5607 5145 4306 4168 3848 4666 3637 4366 4293 3714 4752 3756 3722 3985 4472 3501 3635 3989 5436 5897 4833 3395
3438 4958 4625 2287 2761 5321 4487 4263 3640 3581 3990 2788 3459 5507 4149 3839 4607 3174 4588 3970 5301 3783 5315 4432
3972 3338 4293 5930 3394 3924 5168 5127 4584 4968 3753 4927 2925 3296 5342 5028 3590 3575 4079 4836 3776 4131 2721 5509
3836 4501 5343 4432 4382 5657 3416 4222 3142 3481 5412 4844 3533 3526 4600 6055 4085 3963 3943 4467 3541 4518 3732 4444
4293 4124 5444 3964 4250 3715 3679 6003 5298 4223 2158 3450 4282 3580 5122 3743 4460 3666 4446 4404 3250 4592 5195 3743
4623 5013 4026 4031 4673 3368 4694 4395 2627 2924 3985 2982 3653 3302 5059 2719 4308 2996 5501 3986 4265 4784 4444 4885
3453 4104 3533 4337 4389 4339 4184 2418 3831 4923 4452 3266 2583 4008 4182 3235 4495 3742 3439 3695 4114 4153 2767 2720
3712 3821 4951 5307 3965 4998 3859 4966 1906 5408 4553 2963 4789 5164 2760 3693 4220 2506 3629 3303 3437 4957 4391 3054

0 0 0 0 0 0 0 0 0 0 0 0 0 0 0 0 0 0 0 0 0 0 0 0
0 0 0 0 0 0 0 0 0 0 0 0 0 0 0 0 0 0 0 0 0 0 0 0
0 0 0 0 0 0 0 0 0 0 0 0 0 0 0 0 0 0 0 0 0 0 0 0
0 0 0 0 0 0 0 0 0 0 0 0 0 0 0 0 0 0 0 0 0 0 0 0
0 0 0 0 0 0 0 0 0 0 0 0 0 0 0 0 0 0 0 0 0 0 0 0
0 0 0 0 0 0 0 0 0 0 0 0 0 0 0 0 0 0 0 0 0 0 0 0
0 0 0 0 0 0 0 0 0 0 0 0 0 0 0 0 0 0 0 0 0 0 0 0
0 0 0 0 0 0 0 0 0 0 0 0 0 0 0 0 0 0 0 0 0 0 0 0
0 0 0 0 0 0 0 0 0 0 0 0 0 0 0 0 0 0 0 0 0 0 0 0
0 0 0 0 0 0 0 0 0 0 0 0 0 0 0 0 0 0 0 0 0 0 0 0
0 0 0 0 0 0 0 0 0 0 0 0 0 0 0 0 0 0 0 0 0 0 0 0
0 0 0 0 0 0 0 0 0 0 0 0 0 0 0 0 0 0 0 0 0 0 0 0
0 0 0 0 0 0 0 0 0 0 0 0 0 0 0 0 0 0 0 0 0 0 0 0
0 0 0 0 0 0 0 0 0 0 0 0 0 0 0 0 0 0 0 0 0 0 0 0
0 0 0 0 0 0 0 0 0 0 0 0 0 0 0 0 0 0 0 0 0 0 0 0
0 0 0 0 0 0 0 0 0 0 0 0 0 0 0 0 0 0 0 0 0 0 0 0
0 0 0 0 0 0 0 0 0 0 0 0 0 0 0 0 0 0 0 0 0 0 0 0
0 0 0 0 0 0 0 0 0 0 0 0 0 0 0 0 0 0 0 0 0 0 0 0
0 0 0 0 0 0 0 0 0 0 0 0 0 0 0 0 0 0 0 0 0 0 0 0
0 0 0 0 0 0 0 0 0 0 0 0 0 0 0 0 0 0 0 0 0 0 0 0
0 0 0 0 0 0 0 0 0 0 0 0 0 0 0 0 0 0 0 0 0 0 0 0
0 0 0 0 0 0 0 0 0 0 0 0 0 0 0 0 0 0 0 0 0 0 0 0
0 0 0 0 0 0 0 0 0 0 0 0 0 0 0 0 0 0 0 0 0 0 0 0
0 0 0 0 0 0 0 0 0 0 0 0 0 0 0 0 0 0 0 0 0 0 0 0

2859 2444 1879 3266 1466 3982 1619 3001 1506 2710 3086 1646 3868 3641 887 1523 2198 1673 2867 2773 1886 2391 2171 3081
2127 3174 1532 2813 2520 842 2987 1246 2710 985 1543 2305 2781 1296 3989 2443 2604 1697 3000 2606 1558 2200 2801 1581
2038 1957 1233 1336 2016 4377 3559 1720 2857 1978 2128 3248 3075 3809 2240 2693 1871 2086 2628 1515 2878 2533 3307 1602
3697 3919 2982 1992 955 3030 1859 2009 3364 1462 3851 416 1012 2026 2047 2476 2827 2571 1450 2506 825 2105 1016 2653
1342 2905 1357 2906 3151 1388 4178 2862 2506 3713 2952 1732 1519 4778 3004 1607 1777 2019 2932 1494 1303 2819 2182 2533
2352 2322 2618 2624 2393 2461 2236 2834 1275 2109 2726 2848 2186 2710 1935 3139 2880 2362 2603 2006 1961 2541 808 1796
2757 2197 1570 2246 2454 1141 2209 2357 1801 2783 1856 1656 3948 2343 2544 1055 1166 3761 1993 1561 2125 2976 3007 2636
2059 1421 3826 2677 2016 3275 2557 2641 2125 1346 2385 1108 1532 2472 1826 1789 2730 1801 1992 3246 2047 1121 1922 2171
1387 2231 1456 2152 1393 1273 1430 2283 4272 1503 3636 2542 3036 2597 1885 2855 2136 1756 3266 425 1504 2095 2863 2686
4204 2867 3263 2451 1808 4099 1084 2032 2912 2597 2380 4122 2140 1672 481 1828 3531 1793 2888 2652 2499 1686 1168 1988
2896 1537 2628 2547 3024 849 1280 1438 2910 1531 1929 2187 1812 4311 3332 2277 1374 2001 1818 3860 2412 3463 1962 3593
1283 2654 3176 2732 3247 2575 2090 521 3185 914 2580 2239 3047 2050 1415 3320 1325 2323 2237 0 1405 2005 2369 1930
2813 2102 2086 1707 1739 2952 3281 2378 3037 2658 1534 1512 2145 2259 3162 1211 4156 3501 2959 2444 1591 2874 1379 2647
1910 1613 2807 2765 2286 2536 3093 3125 4647 2913 3178 1526 1968 2497 1579 3152 2487 2435 2542 2418 2112 2627 1484 3032
1690 3575 1722 1721 1257 2567 1694 3181 2782 2643 1038 3637 2542 2356 1068 2420 2874 1060 2658 2283 2298 1464 1183 1879
1044 3034 2739 2693 2377 2015 1497 2847 3676 1646 1453 2270 2121 3755 3022 3200 3398 3806 1454 1934 2216 1166 2490 2218
3328 1235 1717 488 1949 2748 2369 2942 2436 2004 2577 610 3103 86 2258 1993 1335 3186 3008 3688 3219 1685 1993 1539
1598 3583 2246 2050 2640 3692 2567 1290 2620 1946 1052 2415 2359 1805 1747 800 2986 2262 2598 2083 2039 1960 2649 663
607 2740 2462 760 1617 2018 2364 1886 1646 2422 2525 1222 2430 3891 1826 2589 1503 1626 2758 2825 2845 3246 2214 3604
2636 2062 1656 1812 3488 1868 833 2861 3015 1670 1954 1600 1100 2088 1976 2198 1887 2952 1804 2449 2754 2672 1788 2655
1723 2862 2601 1271 640 3629 3385 2565 927 1934 4133 3459 2358 2734 2656 1676 2784 1681 2636 748 3147 3170 3190 1774
3285 249 3028 2083 3198 1214 958 3455 3032 3127 1614 1757 1356 3217 3292 1047 3213 3405 1563 2216 1072 4163 1618 3546
2560 2552 2664 1389 2130 1864 3412 2758 2325 2564 356 3200 2436 1779 3103 2763 2615 2557 4386 1937 3032 2473 1557 3983
2369 3039 1297 2707 1368 2738 1314 1322 954 2651 2299 1262 2397 2366 1493 1663 1319 635 1690 681 2764 1440 2080 1134

0 0 0 0 0 0 0 0 0 0 0 0 0 0 0 0 0 0 0 0 0 0 0 0
0 0 0 0 0 0 0 0 0 0 0 0 0 0 0 0 0 0 0 0 0 0 0 0
0 0 0 0 0 0 0 0 0 0 0 0 0 0 0 0 0 0 0 0 0 0 0 0
0 0 0 0 0 0 0 0 0 0 0 0 0 0 0 0 0 0 0 0 0 0 0 0
0 0 0 0 0 0 0 0 0 0 0 0 0 0 0 0 0 0 0 0 0 0 0 0
0 0 0 0 0 0 0 0 0 0 0 0 0 0 0 0 0 0 0 0 0 0 0 0
0 0 0 0 0 0 0 0 0 0 0 0 0 0 0 0 0 0 0 0 0 0 0 0
0 0 0 0 0 0 0 0 0 0 0 0 0 0 0 0 0 0 0 0 0 0 0 0
0 0 0 0 0 0 0 0 0 0 0 0 0 0 0 0 0 0 0 0 0 0 0 0
0 0 0 0 0 0 0 0 0 0 0 0 0 0 0 0 0 0 0 0 0 0 0 0
0 0 0 0 0 0 0 0 0 0 0 0 0 0 0 0 0 0 0 0 0 0 0 0
0 0 0 0 0 0 0 0 0 0 0 0 0 0 0 0 0 0 0 0 0 0 0 0
0 0 0 0 0 0 0 0 0 0 0 0 0 0 0 0 0 0 0 0 0 0 0 0
0 0 0 0 0 0 0 0 0 0 0 0 0 0 0 0 0 0 0 0 0 0 0 0
0 0 0 0 0 0 0 0 0 0 0 0 0 0 0 0 0 0 0 0 0 0 0 0
0 0 0 0 0 0 0 0 0 0 0 0 0 0 0 0 0 0 0 0 0 0 0 0
0 0 0 0 0 0 0 0 0 0 0 0 0 0 0 0 0 0 0 0 0 0 0 0
0 0 0 0 0 0 0 0 0 0 0 0 0 0 0 0 0 0 0 0 0 0 0 0
0 0 0 0 0 0 0 0 0 0 0 0 0 0 0 0 0 0 0 0 0 0 0 0
0 0 0 0 0 0 0 0 0 0 0 0 0 0 0 0 0 0 0 0 0 0 0 0
0 0 0 0 0 0 0 0 0 0 0 0 0 0 0 0 0 0 0 0 0 0 0 0
0 0 0 0 0 0 0 0 0 0 0 0 0 0 0 0 0 0 0 0 0 0 0 0
0 0 0 0 0 0 0 0 0 0 0 0 0 0 0 0 0 0 0 0 0 0 0 0
0 0 0 0 0 0 0 0 0 0 0 0 0 0 0 0 0 0 0 0 0 0 0 0

45 2069 1739 70 0 1478 1399 0 1202 1782 260 262 1577 771 2041 0 1223 0 1387 568 0 1441 148 0
1512 1079 1607 1015 0 0 61 1358 103 2071 1755 388 0 501 1533 859 173 448 959 841 1589 51 651 1200
3258 1689 0 916 1574 583 850 695 1133 875 1300 772 1821 766 1362 616 537 400 796 1014 790 147 631 1616
186 1585 767 0 256 1651 1755 0 921 195 668 3017 996 1210 0 161 2586 436 0 845 963 0 0 825
1989 357 1672 1988 776 1117 446 438 894 1696 148 0 0 1233 535 48 56 1307 461 1310 405 781 172 2048
1123 144 0 1434 982 1365 1577 1393 866 2054 0 167 1160 1539 341 2051 326 0 629 508 713 1178 0 546
1650 580 198 1133 1090 999 78 1378 563 629 223 1551 1221 2014 1509 516 173 1495 650 1088 827 955 401 538
1040 0 1462 0 1626 13 1340 1487 0 1519 613 34 2395 1670 433 1100 1131 181 749 1115 3225 349 1118 818
1705 481 546 1037 508 1843 0 1217 735 0 794 1769 0 513 1188 2242 768 0 878 644 0 441 669 1402
1828 0 0 656 695 73 1346 180 100 1354 1235 1063 1138 840 595 684 769 441 0 0 1200 906 623 0
1151 702 1681 0 1871 293 0 845 1079 845 1699 316 0 699 1214 920 1731 1739 879 1793 463 0 674 2012
463 320 1326 1909 670 1258 298 812 2324 0 895 634 2571 1325 2264 736 885 2555 248 1219 657 1923 1526 458
1168 2331 1170 1358 967 106 2343 1177 0 40 285 157 2006 1337 49 179 281 1218 3084 0 89 2049 1341 0
725 1070 1839 414 462 57 21 2307 1585 157 1723 580 0 158 1486 1192 1578 864 1150 2104 2126 1080 100 319
612 0 1071 0 1454 120 1136 1994 1742 1599 1136 0 0 0 815 1406 1043 389 0 732 1648 1359 242 1004
1158 145 1340 2076 1842 1302 2472 1142 108 2383 1054 0 858 670 847 0 1071 1141 558 1095 0 1187 0 2309
1621 1547 294 2037 1025 822 0 1829 151 82 1286 2217 477 1203 2198 575 265 1501 60 1503 1558 1378 1105 1468
1306 1794 843 0 717 767 782 0 256 0 1637 1234 1665 152 33 1790 912 642 205 884 1313 423 281 1088
902 480 408 1178 1997 1408 881 1439 1560 0 970 497 1524 459 0 1195 374 1794 0 576 1370 57 479 709
2049 2066 1236 390 873 1903 0 0 1761 2464 1263 1230 0 1453 1731 1450 736 461 1180 738 790 889 860 2016
0 378 2844 1256 0 276 1125 2033 1336 323 749 110 0 394 281 1437 1145 1036 91 1424 837 287 2380 247
1426 36 0 1159 0 1647 142 1663 1343 965 653 2097 1059 652 3 0 868 2166 799 65 1364 1561 1679 458
0 672 0 1794 0 0 831 1060 1748 2002 742 817 2090 948 1903 184 1366 443 880 855 1388 0 2652 1943
0 733 1403 764 69 1229 1680 0 1415 716 426 1168 2496 2383 187 1112 2298 0 620 178 1002 140 1746 379

0 0 0 0 0 0 0 0 0 0 0 0 0 0 0 0 0 0 0 0 0 0 0 0
0 0 0 0 0 0 0 0 0 0 0 0 0 0 0 0 0 0 0 0 0 0 0 0
0 0 0 0 0 0 0 0 0 0 0 0 0 0 0 0 0 0 0 0 0 0 0 0
0 0 0 0 0 0 0 0 0 0 0 0 0 0 0 0 0 0 0 0 0 0 0 0
0 0 0 0 0 0 0 0 0 0 0 0 0 0 0 0 0 0 0 0 0 0 0 0
0 0 0 0 0 0 0 0 0 0 0 0 0 0 0 0 0 0 0 0 0 0 0 0
0 0 0 0 0 0 0 0 0 0 0 0 0 0 0 0 0 0 0 0 0 0 0 0
0 0 0 0 0 0 0 0 0 0 0 0 0 0 0 0 0 0 0 0 0 0 0 0
0 0 0 0 0 0 0 0 0 0 0 0 0 0 0 0 0 0 0 0 0 0 0 0
0 0 0 0 0 0 0 0 0 0 0 0 0 0 0 0 0 0 0 0 0 0 0 0
0 0 0 0 0 0 0 0 0 0 0 0 0 0 0 0 0 0 0 0 0 0 0 0
0 0 0 0 0 0 0 0 0 0 0 0 0 0 0 0 0 0 0 0 0 0 0 0
0 0 0 0 0 0 0 0 0 0 0 0 0 0 0 0 0 0 0 0 0 0 0 0
0 0 0 0 0 0 0 0 0 0 0 0 0 0 0 0 0 0 0 0 0 0 0 0
0 0 0 0 0 0 0 0 0 0 0 0 0 0 0 0 0 0 0 0 0 0 0 0
0 0 0 0 0 0 0 0 0 0 0 0 0 0 0 0 0 0 0 0 0 0 0 0
0 0 0 0 0 0 0 0 0 0 0 0 0 0 0 0 0 0 0 0 0 0 0 0
0 0 0 0 0 0 0 0 0 0 0 0 0 0 0 0 0 0 0 0 0 0 0 0
0 0 0 0 0 0 0 0 0 0 0 0 0 0 0 0 0 0 0 0 0 0 0 0
0 0 0 0 0 0 0 0 0 0 0 0 0 0 0 0 0 0 0 0 0 0 0 0
0 0 0 0 0 0 0 0 0 0 0 0 0 0 0 0 0 0 0 0 0 0 0 0
0 0 0 0 0 0 0 0 0 0 0 0 0 0 0 0 0 0 0 0 0 0 0 0
0 0 0 0 0 0 0 0 0 0 0 0 0 0 0 0 0 0 0 0 0 0 0 0
0 0 0 0 0 0 0 0 0 0 0 0 0 0 0 0 0 0 0 0 0 0 0 0

0 0 258 0 0 0 0 0 0 0 562 0 0 0 0 267 0 0 0 0 0 0 0 0
0 214 0 0 0 0 0 0 799 326 0 0 0 0 0 0 0 312 0 68 0 0 0 0
0 0 413 244 566 0 0 0 0 0 0 0 0 0 0 295 0 0 0 0 0 0 0 0
0 0 0 0 0 0 0 0 0 0 0 0 0 0 90 3 0 0 0 0 0 0 0 72
0 0 181 0 0 0 613 0 0 0 0 0 0 0 0 0 0 0 0 0 0 0 0 0
0 0 0 0 0 0 0 0 0 0 0 0 0 0 0 0 0 0 0 0 0 0 0 0
0 0 249 64 0 0 0 0 262 206 0 0 0 0 0 620 0 0 0 0 0 0 0 0
0 0 0 0 0 0 0 0 0 0 0 0 558 0 18 0 0 0 0 0 0 0 83 0
0 107 0 0 0 0 291 0 0 0 0 0 0 0 0 0 0 0 0 0 0 0 0 0
0 0 0 0 0 0 0 632 0 0 0 0 0 0 0 0 0 0 0 0 0 0 0 0
0 0 0 0 0 0 688 0 0 0 0 0 0 0 0 0 0 0 190 944 0 0 0 23
0 32 0 0 0 412 0 0 0 0 0 0 0 25 0 314 0 0 0 0 0 0 0 0
0 0 0 791 0 0 0 117 0 216 0 0 0 0 0 0 0 0 0 0 0 0 0 0
0 0 0 0 0 0 0 0 0 0 0 0 0 0 0 0 0 0 0 0 0 563 94 0
0 0 0 0 820 875 0 218 0 0 163 0 331 0 484 0 0 0 0 0 0 0 0 0
0 0 0 81 0 0 0 374 0 0 0 0 0 0 0 0 94 0 0 0 0 233 454 0
0 0 571 0 0 0 1038 384 0 0 0 0 0 0 0 133 0 0 0 0 0 0 0 0
0 0 0 0 0 0 0 0 0 0 0 0 0 0 0 0 0 919 0 0 0 0 0 0
0 0 555 0 658 0 0 0 0 83 0 0 244 0 0 597 0 0 0 0 0 0 780 0
420 0 0 0 0 0 0 0 0 0 0 8 0 0 0 0 0 0 0 0 0 0 537 0
0 0 0 0 0 0 0 0 0 0 0 0 0 0 0 0 0 0 192 498 0 0 224 0
0 0 0 0 0 0 0 0 0 241 0 0 272 0 0 0 0 0 0 0 0 0 1560 0
0 0 0 0 0 0 0 0 0 0 0 0 347 264 0 0 0 0 0 0 0 0 0 0
0 0 0 0 0 0 571 0 0 163 0 0 0 625 0 0 0 0 0 0 0 0 0 0

0 0 0 0 0 0 0 0 0 0 0 0 0 0 0 0 0 0 0 0 0 0 0 0
0 0 0 0 0 0 0 0 0 0 0 0 0 0 0 0 0 0 0 0 0 0 0 0
0 0 0 0 0 0 0 0 0 0 0 0 0 0 0 0 0 0 0 0 0 0 0 0
0 0 0 0 0 0 0 0 0 0 0 0 0 0 0 0 0 0 0 0 0 0 0 0
0 0 0 0 0 0 0 0 0 0 0 0 0 0 0 0 0 0 0 0 0 0 0 0
0 0 0 0 0 0 0 0 0 0 0 0 0 0 0 0 0 0 0 0 0 0 0 0
0 0 0 0 0 0 0 0 0 0 0 0 0 0 0 0 0 0 0 0 0 0 0 0
0 0 0 0 0 0 0 0 0 0 0 0 0 0 0 0 0 0 0 0 0 0 0 0
0 0 0 0 0 0 0 0 0 0 0 0 0 0 0 0 0 0 0 0 0 0 0 0
0 0 0 0 0 0 0 0 0 0 0 0 0 0 0 0 0 0 0 0 0 0 0 0
0 0 0 0 0 0 0 0 0 0 0 0 0 0 0 0 0 0 0 0 0 0 0 0
0 0 0 0 0 0 0 0 0 0 0 0 0 0 0 0 139 0 0 0 0 0 0 0
0 0 0 0 0 0 0 0 0 0 0 0 0 0 0 0 0 0 0 0 0 0 0 0
0 0 0 0 0 0 0 0 0 0 0 0 0 0 0 0 0 0 0 0 0 0 0 0
0 0 0 0 0 0 0 0 0 0 0 0 0 0 0 0 0 0 0 0 0 0 0 0
0 0 0 0 0 0 0 0 0 0 0 0 0 0 0 0 0 0 0 0 0 0 0 0
0 0 0 0 0 0 0 0 0 0 0 0 0 0 0 0 0 0 0 0 0 0 0 0
0 0 0 0 0 0 0 0 0 0 0 0 0 0 0 0 0 0 0 0 0 0 0 0
0 0 0 0 0 0 0 0 0 0 0 0 0 0 0 0 0 0 0 0 0 0 0 0
0 0 0 0 0 0 0 0 0 0 0 0 0 0 0 0 0 0 0 0 0 0 0 0
0 0 0 0 0 0 0 0 0 0 0 0 0 0 0 0 0 0 0 0 0 0 0 0
0 0 0 0 0 0 0 0 0 0 0 0 0 0 0 0 0 0 0 0 0 0 0 0
0 0 0 0 0 0 0 0 0 0 0 0 0 0 0 0 0 0 0 0 0 0 0 0
0 0 0 0 0 0 0 0 0 0 0 0 0 0 0 0 0 0 0 0 0 0 0 0

0 0 0 0 0 0 0 0 0 0 0 0 0 0 0 0 0 0 0 0 0 0 0 0
0 0 0 0 0 0 0 0 0 0 0 0 0 0 0 0 0 0 0 0 0 0 0 0
0 0 0 0 0 0 0 0 0 0 0 0 0 0 0 0 0 0 0 0 0 0 0 0
0 0 0 0 0 0 0 0 0 0 0 0 0 0 0 0 0 0 0 0 0 0 0 0
0 0 0 0 0 0 0 0 0 0 0 0 0 0 0 0 0 0 0 0 0 0 0 0
0 0 0 0 0 0 0 0 0 0 0 0 0 0 0 0 0 0 0 0 0 0 0 0
0 0 0 0 0 0 0 0 0 0 0 0 0 0 0 0 0 0 0 0 0 0 0 0
0 0 0 0 0 0 0 0 0 0 0 0 0 0 0 0 0 0 0 0 0 0 0 0
0 0 0 0 0 0 0 0 0 0 0 0 0 0 0 0 0 0 0 0 0 0 0 0
0 0 0 0 0 0 0 0 0 0 0 0 0 0 0 0 0 0 0 0 0 0 0 0
0 0 0 0 0 0 0 0 0 0 0 0 0 0 0 0 0 0 0 0 0 0 0 0
0 0 0 0 0 0 0 0 0 0 0 0 0 0 0 0 0 0 0 0 0 0 0 0
0 0 0 0 0 0 0 0 0 0 0 0 0 0 0 0 0 0 0 0 0 0 0 0
0 0 0 0 0 0 0 0 0 0 0 0 0 0 0 0 0 0 0 0 0 0 0 0
0 0 0 0 0 0 0 0 0 0 0 0 0 0 0 0 0 0 0 0 0 0 0 0
0 0 0 0 0 0 0 0 0 0 0 0 0 0 0 0 0 0 0 0 0 0 0 0
0 0 0 0 0 0 0 0 0 0 0 0 0 0 0 0 0 0 0 0 0 0 0 0
0 0 0 0 0 0 0 0 0 0 0 0 0 0 0 0 0 0 0 0 0 0 0 0
0 0 0 0 0 0 0 0 0 0 0 0 0 0 0 0 0 0 0 0 0 0 0 0
0 0 0 0 0 0 0 0 0 0 0 0 0 0 0 0 0 0 0 0 0 0 0 0
0 0 0 0 0 0 0 0 0 0 0 0 0 0 0 0 0 0 0 0 0 0 0 0
0 0 0 0 0 0 0 0 0 0 0 0 0 0 0 0 0 0 0 0 0 0 0 0
0 0 0 0 0 0 0 0 0 0 0 0 0 0 0 0 0 0 0 0 0 0 0 0
0 0 0 0 0 0 0 0 0 0 0 0 0 0 0 0 0 0 0 0 0 0 0 0

3078 3859 2706 2352 3323 2907 3797 4210 3689 3019 2735 3827 2960 3143 4615 5142 4731 3560 4263 3893 4863 4825 4056 3269
4848 5547 3524 2502 4007 4014 3410 4080 3567 3818 4550 3401 3706 4341 3786 2912 3186 3349 3770 2922 3355 3784 3720 5125
4350 3588 3623 4386 2797 3832 2698 2353 4101 4587 4080 4937 3479 3645 3696 2053 3169 4075 3816 4395 4089 3082 2492 2671
4177 3826 4407 3136 3149 3961 4344 4116 3997 4092 3509 4854 4163 3861 3786 4069 3677 3522 3259 2822 3446 3704 3456 5002
3170 2612 4172 4187 3132 3370 3595 3150 3372 3755 4053 3865 4340 3168 2346 2997 2888 2184 2771 4544 3937 3663 2638 3283
3255 3639 4032 2292 4070 4457 2894 2965 3081 3712 3880 4011 3012 2397 4554 4797 4318 2943 3232 3864 2378 2608 4534 4687
4511 2779 3137 3898 4179 4158 3229 4675 4718 3273 4906 4617 3810 3166 2811 3407 4524 3094 3050 2941 3601 4352 4311 3140
4149 3138 3822 4606 3086 3238 2955 2310 2714 3689 3621 5094 4005 2533 4503 4771 3799 2858 3575 4344 3317 2614 3215 4293
3529 3277 3783 3767 3678 4483 5201 3754 3225 3018 4670 4192 4037 5712 3992 2828 4560 3669 3132 3556 3582 4057 3555 3766
2538 3406 3584 3371 5030 5664 3895 3641 3780 3973 3604 2740 2886 3068 3663 4270 1972 2855 2130 2274 3946 3268 3887 3893
3018 2814 2390 3857 5021 3175 3315 3206 3152 3208 2003 4024 5131 3818 4052 3920 2899 3227 4045 4607 3558 3351 2957 3215
3505 3883 5052 3768 3296 3680 5699 4698 3589 3550 4386 2905 3263 2827 2647 3864 4609 3088 3002 4921 4019 3502 3240 4933
3800 3923 3925 3955 4093 3468 4590 3726 3645 4170 4099 4269 4154 2839 3774 3817 3477 3231 3838 4084 3729 4510 4657 2753
3231 3374 3336 4549 3830 3983 4455 3544 3490 2713 3731 3155 4019 3679 4362 3731 4060 2941 3441 3212 3759 3583 3343 4176
3638 3125 4222 4198 4165 4185 4725 2991 2811 3850 4245 3328 2391 1983 3834 3642 4367 5376 5228 2882 3724 4063 3768 4415
2860 2636 2986 4153 4556 3719 3961 5329 4227 3591 3008 2623 3899 3892 4048 3754 3368 3117 3671 5389 3153 3393 4103 4786
2848 3941 4028 3668 4024 4538 3655 3502 3575 3564 4097 3748 3808 3957 3302 3825 3822 3387 2888 3796 4417 2191 3390 4576
4302 3460 2877 3879 4027 3690 3941 4273 3107 3597 3767 3401 2982 3301 3532 4114 3153 2954 3284 4872 5662 4311 3845 3902
4199 2655 3707 4274 4141 4402 3245 2505 3667 4300 4786 4502 2631 3397 4598 3832 3897 3526 4425 3188 3937 4099 3772 3244
3635 3498 4147 5204 3467 3383 4154 4873 3707 3329 2621 3068 3020 3404 2628 3336 2829 3157 3148 3413 3084 3602 3468 4220
4696 3807 2911 4032 4839 4543 3088 2572 3743 4439 3980 4287 3161 2464 4858 3995 3770 4329 4167 4415 3540 3780 4768 3559
2810 3683 4460 3875 2991 3029 2890 3309 3556 3073 2492 2599 3743 3346 3387 3639 2751 2552 3552 4262 4194 4103 3523 3666
3069 3039 3599 3604 4349 4516 3791 3862 3521 3527 3854 3365 4685 4104 3786 4211 3877 2527 2967 2766 4037 3227 3696 2705
3413 3489 3413 4037 3198 3030 2139 4295 3792 2791 2975 4233 4346 3921 4406 3205 2605 3118 3512 2983 3614 3506 4722 3697

444 1134 1274 1243 0 87 632 1957 0 0 1739 924 0 788 571 782 0 746 0 0 1200 0 0 1011
24 76 831 636 574 749 0 0 1368 21 0 750 301 127 0 801 633 1070 153 1930 2351 653 0 0
0 419 758 483 0 0 879 537 1059 615 0 0 0 238 336 1085 103 0 112 0 686 0 772 1429
132 0 379 811 288 544 0 0 38 302 349 1719 296 0 0 0 0 1017 0 1955 1337 297 402 333
857 567 0 0 1392 452 801 0 375 1076 170 950 325 0 0 2019 73 927 947 726 318 0 210 1183
0 220 424 560 1262 867 0 0 75 763 739 1659 490 0 496 112 164 519 0 176 462 0 369 0
0 0 383 230 654 0 973 0 480 887 0 0 262 0 156 1787 158 293 720 570 1067 938 157 730
421 305 0 984 505 1020 190 1649 712 665 471 1875 0 908 1187 435 0 739 0 1001 202 207 696 368
0 58 0 260 545 0 901 0 1432 1987 446 0 1065 276 668 1008 0 0 0 813 1003 123 143 0
0 926 404 46 132 896 1785 581 0 0 371 0 1065 0 11 0 314 1453 373 1056 1339 553 640 0
0 283 1289 1022 0 289 1429 1007 751 0 1743 916 299 0 849 502 728 339 0 649 524 816 794 953
825 170 19 0 525 1147 456 21 0 637 215 197 0 0 0 361 0 0 377 1328 402 0 0 281
356 785 343 0 0 743 248 409 0 0 1215 0 1875 0 1314 15 457 0 181 995 363 644 0 734
623 118 713 240 804 0 0 0 1109 200 635 1507 660 949 647 343 0 57 650 0 0 822 509 996
23 6 216 1102 0 1105 258 859 0 0 0 543 1033 801 196 618 469 968 48 837 0 338 930 233
0 0 371 890 1227 1175 0 800 687 1095 1704 0 1111 1099 329 962 0 0 288 698 1192 0 907 1429
0 0 503 985 0 0 479 340 0 0 0 0 0 0 780 1657 579 0 712 354 743 16 548 1031
958 0 0 1732 1503 0 315 1629 215 438 403 907 668 22 353 0 946 1359 285 0 841 0 0 0
0 133 403 644 0 1367 0 0 1389 1049 0 138 0 27 0 409 41 521 0 427 0 608 0 999
1325 667 653 0 676 801 832 709 1580 332 0 1072 594 444 0 0 186 667 0 1371 339 0 0 20
237 964 1240 0 981 992 1 138 680 0 0 360 0 429 0 127 0 0 1314 699 1195 0 0 842
0 0 0 0 151 764 613 576 107 1363 1773 537 0 0 1389 1201 417 359 374 1318 0 234 1894 0
454 862 1209 642 586 736 0 0 0 0 763 1352 188 749 0 0 0 601 590 0 66 515 352 489
541 0 0 1683 209 657 0 715 839 826 647 315 0 44 0 0 668 958 0 737 0 0 645 0

3732 2162 2780 2267 4518 3356 2613 1756 1942 1840 2100 3303 2005 2821 2546 2605 1728 3036 2514 611 1931 2221 1817 3305
2243 1655 2541 2354 2919 3170 682 2173 1903 2370 3397 2006 2690 2962 2013 3120 2921 2054 1728 3430 2347 2901 798 3999
3573 756 2511 2702 3148 3026 1510 3594 2140 2708 1862 2378 3287 2483 2423 1329 3499 2729 1382 3262 1904 1821 2772 3863
2056 3073 2640 2154 2062 1592 2211 3330 2761 2991 2995 2323 2815 180 3051 2396 2452 442 2580 3680 2838 648 3126 2429
2132 1453 2750 1569 2603 3238 2352 3048 2193 819 2315 2439 3442 2521 2449 2125 5425 2736 2438 2742 1759 1898 3111 1149
2429 1407 2236 2052 2206 2041 1837 1291 2410 2766 4235 2604 1514 2484 3365 1844 3129 1015 2704 2940 2971 2269 2767 3547
2413 2809 1770 3096 2030 2095 1981 1338 1074 1143 3411 1931 1741 2676 2053 1674 3180 1855 2744 2564 1297 2585 2608 1903
1156 2813 2022 2542 2394 2023 3000 1964 2035 3156 2162 511 1569 2718 2577 2945 1283 2421 2457 3135 2710 1863 963 3062
3114 3136 2273 1261 2579 0 2069 3563 2253 5004 3292 2518 1539 2726 3426 1516 1351 2547 2588 2556 1353 2596 2922 2641
1838 2504 2115 2670 3334 2189 2475 1276 2942 3189 1506 1649 3193 1628 1585 2400 1809 2432 3259 3972 2508 1798 2272 1819
1882 2063 2134 2309 2021 732 2837 3308 1532 2677 1746 2290 2563 3396 2270 1560 2819 877 3071 1511 2148 2270 2965 3144
2645 1881 2387 3137 2159 2167 2455 2649 1467 1844 2470 2068 1792 1258 3347 2853 2388 1292 2478 1555 2495 1719 2388 1461
2920 2309 1520 3374 2180 2258 2822 4815 3285 3695 2883 3789 875 2598 3247 2245 2347 1922 2908 889 3045 1297 3092 1712
3121 3625 2958 2529 2396 2344 3707 3036 1724 1927 1225 4302 2974 1381 2990 264 2626 2832 2285 2629 1891 1582 2851 2161
5021 2748 1667 770 1563 1569 2494 2359 1744 2135 3114 2876 1809 3250 2332 2818 1671 1048 2734 3104 1642 1838 2123 1018
3129 2443 2361 3309 2945 953 2102 2038 3131 2099 2427 2872 1611 2290 1509 1926 3032 2147 3863 3782 1522 1843 3107 2052
1678 2291 3041 2344 1911 2296 4227 3455 2412 1764 1956 1758 1771 3905 1072 1704 3147 2032 3092 2916 2890 965 2896 1958
4024 2393 2311 3013 2431 2156 1812 2238 2520 3686 2599 1967 1725 1193 2978 2316 2205 2762 4116 2610 1116 1956 2461 2726
2028 3029 2215 3522 921 1204 2735 2343 1891 3041 2064 1352 2962 2072 3256 2269 3345 1811 2342 3418 2622 3491 2666 2164
2743 2324 1271 1887 4489 1636 2351 2643 3677 2586 1977 2071 4116 1646 1840 3935 3320 2401 2753 3251 1698 2331 2369 3308
2405 3107 2321 1334 2446 2753 2912 1363 2572 3084 2406 1316 2900 2971 2413 3121 2082 1439 2042 1987 3491 2821 2496 3048
1324 2848 2380 2183 2984 2449 1817 2540 3396 1864 2976 1381 1749 3302 1995 3685 2975 3821 2130 2623 3822 2007 2352 3183
1931 2743 3345 1874 3330 1624 2530 3427 1390 1878 2005 2666 835 3062 1524 1707 2363 2399 2865 2240 2119 1624 3211 1747
2543 1447 3481 2291 2445 3102 1860 2674 2252 1779 2780 2780 1900 1180 1653 2182 1662 3337 2158 772 2683 2647 1623 3476

