0 0 0
0 0 0
0 0 0

116069 86555 83489
88503 88503 80481
88503 88503 68908

83391 81494 81494
83391 81494 81494
44557 61953 61953

158433 152372 141989
158433 152372 140490
143393 134536 120291

0 0 0
0 0 0
0 0 0

0 0 0
0 0 0
0 0 0

0 0 0
0 0 0
0 0 0

0 0 0
0 0 0
0 0 0

0 0 0
0 0 0
0 0 0

0 0 0
0 0 0
0 0 0

101916 95226 95226
70361 99518 99518
70361 99518 99518

167268 175214 175214
155331 175214 175214
154813 154813 138517

38131 63194 63194
48519 48519 38445
48519 48519 23785

12405 12405 0
12139 11914 0
6365 0 0

68214 68214 49217
68214 68214 49217
46094 48203 48203

35252 4123 4123
14866 9744 9744
144 9744 9744

