5565 5486 7050 5276 5232 6056 6326 4776 4830 6237 5856 6216
5522 4692 5161 5523 5358 4451 5814 5963 5425 5817 5661 5439
4965 5115 5871 6152 4984 5667 5187 5250 6738 5610 5097 5414
5907 4920 5515 4861 5210 5849 5350 5403 5373 6279 5548 5348
4813 5228 4897 5503 5320 5543 5953 5985 5000 5735 5284 5926
5217 5306 5245 6302 5628 5007 5533 5583 5998 5612 5469 5716
5522 5140 5234 6203 5875 5627 7947 5207 5467 5149 4752 5579
6155 5359 5605 6315 6588 6734 4940 5388 5868 6175 5717 5488
5579 5588 6043 5166 6523 5734 6234 5605 5704 6592 4927 6317
5738 6377 5307 4725 6170 6366 5811 4892 6402 5598 5934 5726
5717 6023 5283 5528 5667 5479 5786 5714 4287 4794 5171 6227
5953 5420 6229 5394 4725 4706 5542 6341 5271 5825 6706 6300

1990 970 1261 3027 1204 1515 1592 1401 3055 2186 2524 2347
1632 952 2112 2005 1341 1929 1638 2245 2847 2312 2032 2572
2040 3234 1497 1066 2494 2089 2319 1042 2720 1229 1616 2074
1088 2340 1727 2013 2040 1354 2269 1758 1784 2155 989 1152
1211 1799 2160 1672 1626 3121 3449 1993 1898 1865 2754 1685
3075 1561 2955 1989 1515 2331 979 2186 1773 1320 2592 1690
1204 1195 1649 2090 990 3368 2862 1980 1310 2302 1425 2043
1244 2629 2150 2840 1715 1292 2967 2589 2079 2355 1946 2042
1059 963 2287 783 2503 1529 1397 2567 1789 2959 1401 941
1937 2485 1813 1914 2254 2535 1281 2440 1671 1483 1202 1759
1765 1737 1683 1433 1276 1094 2352 1331 1517 1217 931 1784
1645 995 2158 2272 2452 1472 1982 1706 1463 2119 2465 1887

813 739 0 0 0 0 0 0 0 0 0 0
246 881 0 0 0 0 476 244 0 0 0 0
0 0 0 0 0 8 0 0 0 0 0 0
0 0 0 0 0 0 0 0 0 0 0 0
0 0 0 0 0 0 179 19 0 157 0 0
0 0 0 0 0 0 0 0 418 223 0 0
0 0 0 0 0 0 0 0 0 0 0 0
0 350 0 0 0 0 0 0 0 0 801 0
0 0 0 47 0 0 0 394 0 0 0 0
0 0 0 0 0 868 0 0 146 0 0 0
0 0 0 0 0 0 0 0 0 0 0 112
0 0 0 0 0 0 0 0 362 0 287 791

0 0 0 0 0 0 0 0 0 0 0 0
0 0 0 0 0 0 0 0 0 0 0 0
0 0 0 0 0 0 0 0 0 0 0 0
0 0 0 0 0 0 0 0 0 0 0 0
0 0 0 0 0 0 0 0 0 0 0 0
0 0 0 0 0 0 0 0 0 0 0 0
0 0 0 0 0 0 0 0 0 0 0 0
0 0 0 0 0 0 0 0 0 0 0 0
0 0 0 0 0 0 0 0 0 0 0 0
0 0 0 0 0 0 0 0 0 0 0 0
0 0 0 0 0 0 0 0 0 0 0 0
0 0 0 0 0 0 0 0 0 0 0 0

5129 4153 3747 5065 4931 4722 4724 5641 4511 4864 5164 5021
6374 4989 4917 5035 5561 4925 5019 4727 4612 5889 4554 5456
4019 3643 6227 4753 4470 5971 4701 5199 5452 5054 4454 4490
4721 5025 5147 4427 5581 4321 5757 4943 4873 4687 5335 4594
5235 5266 4285 4684 4811 4859 4581 5069 4610 4506 4558 5232
4589 4759 5269 6709 5555 5046 5989 4505 4548 5041 4194 4812
5450 5196 5275 4413 5723 5692 5125 4720 5042 5417 5596 5774
3397 4840 6519 3991 4956 4529 4626 5123 6528 5618 4928 4880
4958 5607 5321 4666 4366 4293 5507 4149 4607 4588 5897 5315
4501 5930 5657 5168 4968 5412 3533 6055 4085 4836 4518 5509
5013 5444 4673 6003 5298 3985 4282 5122 4460 5501 4784 5195
4104 5307 4998 4966 5408 4553 5164 4182 4495 3695 4957 4391

0 0 0 0 0 0 0 0 0 0 0 0
0 0 0 0 0 0 0 0 0 0 0 0
0 0 0 0 0 0 0 0 0 0 0 0
0 0 0 0 0 0 0 0 0 0 0 0
0 0 0 0 0 0 0 0 0 0 0 0
0 0 0 0 0 0 0 0 0 0 0 0
0 0 0 0 0 0 0 0 0 0 0 0
0 0 0 0 0 0 0 0 0 0 0 0
0 0 0 0 0 0 0 0 0 0 0 0
0 0 0 0 0 0 0 0 0 0 0 0
0 0 0 0 0 0 0 0 0 0 0 0
0 0 0 0 0 0 0 0 0 0 0 0

3174 3266 3982 3001 2710 3086 3868 3989 2604 3000 2391 3081
3919 2982 4377 3559 3364 3851 3809 2693 2827 2628 2878 3307
2905 2906 3151 4178 3713 2952 4778 3139 2880 2932 2819 2533
2757 3826 3275 2641 2783 2385 3948 2544 3761 3246 2976 3007
4204 3263 4099 2283 4272 4122 3036 2855 3531 3266 2499 2863
2896 3176 3247 2090 3185 2580 4311 3332 2323 3860 3463 3593
2813 2807 2952 3281 4647 3178 2497 3162 4156 2959 2874 3032
3575 2739 2567 3181 3676 3637 3755 3200 3806 2658 2298 2490
3583 2246 3692 2942 2620 2577 3103 2258 3186 3688 3219 2649
2740 2462 3488 2861 3015 2525 3891 2589 2952 2825 3246 3604
3285 3028 3629 3455 3127 4133 3217 3292 3405 2636 4163 3546
3039 2707 2738 3412 2651 3200 2436 3103 2615 4386 3032 3983

0 0 0 0 0 0 0 0 0 0 0 0
0 0 0 0 0 0 0 0 0 0 0 0
0 0 0 0 0 0 0 0 0 0 0 0
0 0 0 0 0 0 0 0 0 0 0 0
0 0 0 0 0 0 0 0 0 0 0 0
0 0 0 0 0 0 0 0 0 0 0 0
0 0 0 0 0 0 0 0 0 0 0 0
0 0 0 0 0 0 0 0 0 0 0 0
0 0 0 0 0 0 0 0 0 0 0 0
0 0 0 0 0 0 0 0 0 0 0 0
0 0 0 0 0 0 0 0 0 0 0 0
0 0 0 0 0 0 0 0 0 0 0 0

2069 1739 1478 1399 2071 1755 1577 2041 1223 1387 1589 1200
3258 916 1651 1755 1133 3017 1821 1362 2586 1014 963 1616
1989 1988 1365 1577 2054 167 1539 2051 1307 1310 1178 2048
1650 1462 1626 1487 1519 1551 2395 1509 1495 1115 3225 1118
1828 1037 1843 1346 1354 1769 1138 2242 769 878 1200 1402
1151 1909 1871 845 2324 1699 2571 2264 2555 1793 1923 2012
2331 1839 967 2343 1585 1723 2006 1486 1578 3084 2126 1341
1158 2076 1842 2472 2383 1136 858 1406 1141 1095 1648 2309
1794 2037 1025 1829 256 2217 1665 2198 1501 1503 1558 1468
2066 1236 1997 1439 2464 1263 1524 1731 1794 1180 1370 2016
1426 2844 1647 2033 1343 2097 1059 1437 2166 1424 1561 2380
733 1794 1229 1680 2002 1168 2496 1903 2298 880 1388 2652

0 0 0 0 0 0 0 0 0 0 0 0
0 0 0 0 0 0 0 0 0 0 0 0
0 0 0 0 0 0 0 0 0 0 0 0
0 0 0 0 0 0 0 0 0 0 0 0
0 0 0 0 0 0 0 0 0 0 0 0
0 0 0 0 0 0 0 0 0 0 0 0
0 0 0 0 0 0 0 0 0 0 0 0
0 0 0 0 0 0 0 0 0 0 0 0
0 0 0 0 0 0 0 0 0 0 0 0
0 0 0 0 0 0 0 0 0 0 0 0
0 0 0 0 0 0 0 0 0 0 0 0
0 0 0 0 0 0 0 0 0 0 0 0

214 258 0 0 799 562 0 267 312 68 0 0
0 413 566 0 0 0 0 295 0 0 0 72
0 181 0 613 0 0 0 0 0 0 0 0
0 249 0 0 262 0 558 620 0 0 0 83
107 0 0 632 0 0 0 0 0 0 0 0
32 0 412 688 0 0 25 314 0 944 0 23
0 791 0 117 216 0 0 0 0 0 563 94
0 81 875 374 0 163 331 484 94 0 233 454
0 571 0 1038 0 0 0 133 919 0 0 0
420 555 658 0 83 8 244 597 0 0 0 780
0 0 0 0 241 0 272 0 0 498 0 1560
0 0 0 571 163 0 625 0 0 0 0 0

0 0 0 0 0 0 0 0 0 0 0 0
0 0 0 0 0 0 0 0 0 0 0 0
0 0 0 0 0 0 0 0 0 0 0 0
0 0 0 0 0 0 0 0 0 0 0 0
0 0 0 0 0 0 0 0 0 0 0 0
0 0 0 0 0 0 0 0 139 0 0 0
0 0 0 0 0 0 0 0 0 0 0 0
0 0 0 0 0 0 0 0 0 0 0 0
0 0 0 0 0 0 0 0 0 0 0 0
0 0 0 0 0 0 0 0 0 0 0 0
0 0 0 0 0 0 0 0 0 0 0 0
0 0 0 0 0 0 0 0 0 0 0 0

0 0 0 0 0 0 0 0 0 0 0 0
0 0 0 0 0 0 0 0 0 0 0 0
0 0 0 0 0 0 0 0 0 0 0 0
0 0 0 0 0 0 0 0 0 0 0 0
0 0 0 0 0 0 0 0 0 0 0 0
0 0 0 0 0 0 0 0 0 0 0 0
0 0 0 0 0 0 0 0 0 0 0 0
0 0 0 0 0 0 0 0 0 0 0 0
0 0 0 0 0 0 0 0 0 0 0 0
0 0 0 0 0 0 0 0 0 0 0 0
0 0 0 0 0 0 0 0 0 0 0 0
0 0 0 0 0 0 0 0 0 0 0 0

5547 3524 4014 4210 3818 4550 4341 5142 4731 4263 4863 5125
4350 4407 3961 4344 4587 4937 4163 4069 4075 4395 4089 5002
3639 4187 4457 3595 3755 4053 4340 4797 4318 4544 3937 4687
4511 4606 4179 4675 4718 5094 4005 4771 4524 4344 4352 4311
3529 3783 5664 5201 3973 4670 5712 4270 4560 3556 4057 3893
3883 5052 5021 5699 3589 4386 5131 4052 4609 4921 4019 4933
3923 4549 4093 4590 4170 4269 4154 4362 4060 4084 4510 4657
3638 4222 4556 5329 4227 4245 3899 4048 5376 5389 4063 4786
4302 4028 4538 4273 3597 4097 3957 4114 3822 4872 5662 4576
4199 5204 4402 4873 4300 4786 3404 4598 3897 4425 4099 4220
4696 4460 4839 3309 4439 4287 3743 4858 4329 4415 4194 4768
3489 4037 4516 4295 3792 4233 4685 4406 3877 3512 4037 4722

1134 1274 749 1957 1368 1739 788 801 1070 1930 2351 1011
419 811 544 879 1059 1719 296 1085 1017 1955 1337 1429
857 560 1392 801 1076 1659 490 2019 927 947 462 1183
421 984 1020 1649 887 1875 908 1787 739 1001 1067 730
926 404 896 1785 1987 446 1065 1008 1453 1056 1339 640
825 1289 1147 1429 751 1743 299 849 728 1328 816 953
785 713 804 409 1109 1507 1875 1314 457 995 822 996
23 1102 1227 859 1095 1704 1111 962 968 837 1192 1429
958 1732 1503 1629 438 907 668 1657 1359 712 841 1031
1325 653 1367 832 1580 1072 594 409 667 1371 608 999
964 1240 992 613 1363 1773 429 1389 417 1318 1195 1894
862 1683 736 715 839 1352 749 0 958 737 515 645

3732 2780 4518 2613 2370 3397 2962 3120 3036 3430 2901 3999
3573 2702 3148 3594 2991 2995 3287 3051 3499 3680 2838 3863
2429 2750 3238 3048 2766 4235 3442 3365 5425 2940 2971 3547
2813 3096 2394 3000 3156 3411 2718 2945 3180 3135 2710 3062
3136 2670 3334 3563 5004 3292 3193 3426 2547 3972 2596 2922
2645 3137 2167 3308 2677 2470 3396 3347 2819 3071 2495 3144
3625 3374 2396 4815 3695 4302 2974 3247 2832 2908 3045 3092
5021 3309 2945 2494 3131 3114 3250 2818 3032 3863 1843 3107
4024 3041 2431 4227 3686 2599 3905 2978 3147 4116 2890 2896
3029 3522 4489 2735 3677 2071 4116 3935 3345 3418 3491 3308
3107 2380 2984 2912 3396 2976 3302 3685 3821 2623 3822 3183
2743 3481 3330 3427 2252 2780 3062 2182 3337 2865 2683 3476

