9758 7979 9895 6465 8363
8507 7422 13423 7911 7081
9805 9919 7656 9384 9279
13378 7583 7410 9323 13320
10511 9517 10836 10761 8355

0 0 0 0 0
0 0 0 0 0
0 0 0 0 0
0 0 0 0 0
0 0 0 0 0

13551 14204 10575 5492 7072
13544 12415 8387 8931 10209
7135 18286 7984 10175 11086
17859 8529 4795 10486 9351
10516 10587 8040 10973 9979

51998 50128 51275 49008 46677
52311 49311 50690 55428 50725
54406 56545 57377 49709 52936
48794 52373 49185 50583 50486
54092 50234 47416 47972 48301

4614 6035 8254 3709 3243
1809 6875 3974 1602 3603
568 1750 7597 4232 4549
4625 8420 6872 1740 1150
2836 7601 3882 4210 2516

0 0 0 0 0
0 0 0 0 0
0 0 0 0 0
0 0 0 0 0
0 0 0 0 0

0 0 0 0 129
0 0 0 0 0
0 0 0 0 0
1271 0 0 0 0
0 0 0 0 0

28282 28364 27466 27105 28556
28010 32009 30101 28784 25344
33001 30239 25486 26972 27610
31186 30032 31236 29369 27569
28334 26703 27539 26593 26584

0 0 0 0 0
0 0 0 0 0
0 0 0 0 0
0 0 0 0 0
0 0 0 0 0

0 0 0 0 0
36 0 1640 0 299
0 0 2544 0 0
0 0 0 1053 0
0 0 803 0 0

0 648 1589 0 0
3714 0 5672 0 0
261 891 0 0 0
0 0 0 0 0
0 0 0 0 0

16556 12540 17046 15133 16814
15248 20485 18290 17736 15191
13656 18864 13737 12652 12654
15546 11592 13036 17727 11062
14012 12942 15319 16741 13339

896 4372 0 5311 1346
0 2782 2511 0 4669
1537 3074 6523 3054 4588
1989 0 1357 1959 1756
1206 413 0 1954 63

0 0 0 0 0
0 0 0 0 0
0 0 0 0 0
0 0 0 0 0
0 0 0 0 0

0 0 0 0 0
0 0 0 0 0
0 0 0 0 0
0 0 0 0 0
0 0 0 0 0

11425 11516 9632 11005 11559
7456 12618 9840 9270 8835
12136 11338 11575 9235 6752
11038 10801 13430 10907 12006
9766 11997 7443 12513 10294

