323 432 495 457 687 355 419 447 319 489 298 360 449 341 424 177 189 372 299 425 530 200 198 276 231 308
434 349 390 273 204 480 383 371 432 340 409 291 377 524 283 509 231 463 335 439 485 467 445 530 403 333
377 237 311 312 539 320 341 367 391 322 217 448 338 409 411 499 290 378 193 390 312 219 405 370 369 508
346 309 240 275 359 464 660 345 160 286 347 440 375 314 345 448 255 427 421 426 272 499 411 383 281 306
428 348 435 337 372 305 481 399 574 427 465 371 189 253 587 314 506 620 463 440 249 316 523 356 507 470
453 419 316 359 397 298 367 479 301 361 304 223 473 422 426 227 267 162 447 423 443 447 621 205 288 328
409 359 226 453 208 358 390 273 363 224 394 370 504 397 239 418 409 362 404 470 369 465 254 356 488 427
535 200 310 271 268 405 426 332 352 414 401 438 344 448 343 293 207 351 356 347 226 360 486 378 267 332
389 315 344 387 334 331 358 101 317 256 339 267 309 253 295 280 329 304 204 550 318 447 256 388 350 318
407 483 325 409 371 267 363 243 523 465 335 287 430 288 528 474 478 384 328 405 294 563 525 289 410 229
394 410 344 305 316 399 243 209 295 645 506 541 325 317 365 384 692 279 408 319 374 477 212 363 372 402
419 497 361 374 317 290 235 88 320 327 259 340 446 389 501 388 344 427 374 541 399 398 440 301 297 275
303 338 387 509 366 324 307 467 205 599 287 469 352 231 174 206 244 442 599 168 344 312 426 346 492 468
403 426 285 361 225 481 399 566 315 520 435 449 286 409 384 312 513 257 234 292 308 233 358 271 408 180
497 353 517 420 327 348 313 205 427 472 158 336 235 534 361 506 240 323 337 482 424 237 355 368 326 306
397 458 500 581 333 338 239 326 262 506 433 387 465 434 278 381 341 357 338 469 235 526 293 259 556 364
328 397 331 409 281 322 371 206 523 516 337 344 188 560 405 387 397 309 523 267 608 263 430 343 259 295
430 412 373 309 303 425 488 235 369 347 615 447 404 306 383 473 309 256 465 268 337 318 237 120 297 316
251 268 461 256 421 465 258 272 349 280 399 395 348 400 267 323 484 361 332 320 459 710 426 402 258 212
463 442 359 475 371 478 430 210 325 316 394 524 295 535 522 323 438 410 494 608 368 507 344 339 424 220
326 340 234 442 380 246 523 352 364 371 283 357 269 303 386 348 307 395 515 226 354 270 381 290 265 425
213 643 460 438 189 275 527 309 207 299 650 450 563 432 393 362 316 369 373 346 295 293 410 184 407 283
488 300 358 710 486 252 271 260 381 456 156 206 433 454 433 409 301 349 194 247 267 440 246 320 378 470
449 427 436 125 282 304 500 449 236 270 440 426 430 503 250 400 382 418 346 477 300 350 178 349 495 275
432 550 296 341 381 245 298 293 341 231 307 462 304 357 339 371 246 297 383 604 515 420 206 394 290 503
414 276 435 379 454 292 505 342 328 173 411 352 293 257 280 341 219 398 378 585 353 333 310 432 309 382

282 442 502 410 711 539 444 566 699 592 539 696 510 484 305 602 517 317 523 904 529 529 588 572 681 692
485 424 535 755 453 400 599 666 457 536 536 480 450 497 625 573 730 476 312 701 519 331 617 455 502 628
565 646 465 356 440 385 236 452 589 563 882 516 401 434 583 416 528 337 676 530 515 828 453 558 499 651
452 622 815 438 541 534 551 729 464 592 486 377 664 510 567 346 439 409 537 451 637 397 496 363 567 848
626 345 418 599 351 443 343 440 594 477 507 634 804 413 675 562 827 345 510 598 499 583 605 399 541 497
632 462 558 662 626 465 583 628 697 292 553 559 363 619 558 460 459 366 525 688 404 507 490 620 490 648
269 340 419 310 510 681 542 506 340 549 542 751 580 290 295 613 538 233 523 337 291 442 481 582 594 648
632 462 466 659 538 613 510 561 519 464 467 589 416 543 352 449 635 486 534 443 679 653 396 501 462 403
484 407 579 522 503 430 348 476 448 858 521 565 746 592 505 603 516 541 578 460 572 592 442 531 646 683
595 537 627 614 626 502 609 452 314 500 501 610 624 513 506 699 542 655 523 475 585 369 536 422 625 547
603 352 224 550 270 722 688 687 511 437 356 439 519 632 809 491 498 377 637 216 490 521 627 446 519 460
447 383 478 531 770 264 410 575 633 400 384 644 385 422 492 492 691 580 502 575 491 389 340 487 493 703
305 508 479 344 596 505 717 630 713 516 517 266 409 597 461 661 614 547 460 893 533 563 674 511 473 500
479 607 454 580 631 498 602 753 489 582 681 457 665 586 519 311 631 620 567 318 486 393 493 544 463 551
621 611 413 827 669 456 589 229 599 513 418 292 486 511 629 313 472 447 623 648 688 599 542 626 448 514
417 204 450 328 452 549 510 669 410 492 635 627 397 455 398 558 695 662 453 409 444 490 490 422 892 516
599 513 312 376 888 566 697 658 711 721 629 500 478 330 368 244 335 522 771 664 503 495 447 604 609 512
418 390 577 764 458 483 465 476 634 699 389 574 544 432 620 685 508 377 406 458 482 739 471 316 556 560
650 498 472 337 334 456 449 448 295 298 640 659 376 604 322 310 701 543 622 554 633 689 454 320 520 568
536 270 554 707 495 683 458 473 600 567 440 506 520 431 684 567 280 571 460 496 555 558 551 650 573 515
563 741 584 776 515 294 562 564 394 427 808 596 504 333 553 587 495 469 308 616 210 669 529 509 535 389
527 528 581 709 702 434 435 353 803 433 409 498 433 265 474 552 533 555 490 399 479 352 482 470 454 685
529 515 504 572 444 452 530 711 502 377 621 304 638 510 577 703 453 486 492 863 369 503 795 741 477 529
264 399 491 528 475 284 406 325 381 594 472 595 454 514 692 484 462 355 283 430 553 363 521 432 504 490
363 409 405 575 481 655 436 642 399 609 549 338 483 811 613 511 781 531 387 395 596 389 821 353 540 710
507 563 432 531 543 492 790 378 435 298 350 371 184 613 720 406 529 471 373 297 489 503 395 703 656 419

0 0 0 0 0 20 0 0 0 0 0 0 0 50 0 0 0 0 0 0 0 0 0 0 0 0
0 0 0 0 0 0 0 0 0 0 0 0 0 0 0 0 0 0 0 11 0 0 0 0 0 0
0 0 0 0 0 0 0 0 0 0 0 0 0 0 0 0 0 0 0 0 0 0 0 0 0 95
0 0 0 0 0 0 0 0 0 0 0 0 0 136 0 0 0 0 0 0 0 0 0 0 0 0
0 0 0 0 0 0 0 0 44 0 0 0 0 0 0 0 0 0 0 0 0 0 0 0 0 0
0 0 0 0 0 0 79 0 0 0 0 2 0 0 0 0 0 51 0 0 0 0 0 0 0 0
0 0 0 0 0 0 0 0 0 0 0 0 0 0 0 0 91 0 0 0 0 0 0 0 0 0
0 0 0 0 0 0 0 0 0 0 43 28 0 0 0 0 0 0 0 0 0 0 0 0 0 0
0 0 0 0 0 0 0 0 0 0 0 0 0 0 0 0 0 0 0 0 0 0 0 0 0 63
0 0 0 0 0 0 0 0 0 0 0 0 0 0 0 0 0 0 0 0 0 0 83 0 0 0
0 0 0 0 0 0 0 0 0 0 0 0 0 0 0 0 0 0 0 0 0 0 0 0 0 0
0 0 0 0 0 0 0 140 0 0 0 0 0 0 0 0 0 0 0 0 0 0 0 0 0 0
0 0 0 0 0 0 0 0 11 0 0 0 0 0 149 0 0 0 0 0 0 0 0 0 0 0
0 148 0 0 0 0 0 0 0 0 55 0 0 179 0 0 0 0 0 0 84 0 0 0 0 0
0 0 0 0 0 0 0 0 0 0 0 0 0 0 0 0 0 0 0 0 0 0 0 0 0 0
0 0 0 0 0 0 0 0 0 0 0 0 0 0 0 0 0 0 0 0 0 0 0 0 0 0
0 0 0 0 0 0 0 0 0 0 0 0 0 0 0 0 0 0 0 86 0 0 0 0 0 0
0 0 0 0 0 0 3 0 0 0 0 0 0 0 0 5 0 0 0 0 0 0 0 0 0 0
0 0 0 0 0 0 0 0 34 0 0 0 0 0 0 0 0 0 0 0 0 0 0 0 0 0
0 0 0 9 48 0 0 0 0 0 0 0 0 0 0 0 0 0 0 0 0 0 0 0 0 0
0 0 0 0 63 0 0 0 0 0 0 7 0 0 0 0 0 0 0 0 0 0 0 0 0 0
0 0 0 85 0 0 0 0 0 0 0 0 0 0 0 0 0 0 0 0 0 0 0 0 0 0
0 0 0 0 0 41 0 0 0 0 0 0 0 0 0 0 0 0 0 0 0 0 0 0 0 0
0 0 0 0 0 0 0 0 0 0 0 0 0 0 0 0 0 0 0 0 0 0 0 0 0 0
0 0 0 0 0 0 0 0 0 0 0 0 0 0 0 0 0 0 0 0 16 24 0 0 0 0
0 0 0 0 0 0 0 0 0 0 61 0 0 0 0 0 0 0 0 0 0 0 0 0 0 0

237 355 531 530 741 611 217 508 348 240 649 502 325 561 545 493 429 426 188 545 306 604 454 397 564 672
434 316 453 308 276 587 428 494 214 467 415 295 444 439 425 357 468 527 270 236 145 607 449 415 236 418
326 413 274 317 331 597 343 120 540 467 477 188 274 283 276 185 760 452 407 478 385 361 298 583 706 381
292 264 351 389 146 307 366 380 527 272 416 499 461 399 365 461 416 268 405 432 282 265 481 403 759 422
460 446 494 567 387 382 562 491 517 313 503 364 613 367 514 332 119 530 550 514 548 293 279 371 435 254
191 514 188 382 304 555 386 189 643 232 328 439 361 326 377 649 632 252 325 553 428 320 463 475 352 386
330 342 226 476 510 520 322 453 330 263 355 324 463 292 635 204 300 568 367 307 423 380 533 511 209 316
281 472 272 585 294 377 388 423 322 402 440 382 350 251 222 330 413 335 260 390 303 297 445 375 415 524
447 674 367 404 398 417 295 437 338 503 349 458 352 527 421 260 266 484 330 428 456 426 421 369 329 160
324 285 309 369 592 295 409 427 411 446 318 300 497 290 389 196 485 483 453 406 420 361 298 416 388 298
434 527 603 347 456 526 245 532 387 249 352 282 246 469 345 527 364 310 641 440 323 323 498 535 370 152
407 284 275 351 386 386 659 206 122 562 362 408 241 516 217 213 684 281 425 153 373 422 236 425 381 357
530 284 308 269 246 417 484 546 349 224 474 423 185 542 358 389 304 353 405 208 214 382 276 126 240 369
462 357 485 428 481 282 482 503 520 534 275 538 173 585 544 506 592 293 402 429 511 483 463 371 436 240
305 492 448 327 432 394 321 276 224 407 282 443 536 369 249 447 214 611 213 315 406 502 345 437 363 319
335 308 367 420 340 361 417 579 399 361 447 315 241 450 90 403 287 607 471 307 366 438 448 260 384 254
247 646 267 216 409 377 227 195 360 446 367 364 165 347 268 397 447 382 349 773 458 312 268 343 468 361
337 471 669 398 387 437 548 338 382 308 343 333 361 293 474 173 359 259 418 341 349 328 393 356 317 381
473 343 339 507 271 262 196 696 466 323 474 377 235 446 532 328 466 436 238 383 269 612 168 525 458 352
262 613 542 143 423 127 321 230 420 512 735 256 343 152 332 444 604 290 411 444 545 465 326 487 324 525
313 496 449 298 258 350 404 507 309 184 347 214 432 457 298 581 453 553 250 391 436 264 384 549 448 466
217 257 214 312 522 596 200 319 553 407 425 347 436 384 308 445 674 379 387 500 585 345 484 323 332 262
458 555 522 175 348 419 506 288 391 373 275 332 241 580 201 455 395 237 392 493 212 418 213 337 331 577
375 335 741 413 429 525 348 432 319 265 319 277 163 335 481 186 381 285 494 357 365 382 378 206 441 523
333 261 233 468 336 523 426 303 434 377 395 388 289 119 384 333 287 356 366 344 281 535 221 418 215 213
259 583 615 521 433 294 277 399 405 398 356 352 335 435 330 428 536 237 363 329 233 356 237 492 445 546

194 160 77 209 162 684 239 304 79 401 118 204 478 304 67 438 200 471 359 329 212 451 311 113 374 500
24 257 174 199 248 392 395 608 83 319 594 199 104 197 329 450 148 303 138 291 439 129 259 539 346 164
252 371 217 68 276 314 162 209 427 228 288 328 306 256 267 366 416 160 230 85 154 291 160 120 281 556
281 393 446 309 219 390 234 310 544 319 275 397 193 453 258 341 178 301 0 304 344 331 286 353 487 208
827 141 427 659 254 70 125 83 506 418 290 260 215 205 221 330 169 511 243 277 192 221 0 342 148 262
203 273 234 412 310 282 504 145 536 237 180 373 164 213 260 549 82 250 283 253 276 242 393 344 363 177
191 132 422 314 180 208 216 165 316 0 120 452 284 143 157 428 188 414 77 287 282 413 214 293 298 445
221 140 514 257 143 324 300 239 329 320 229 515 335 164 444 531 248 168 222 522 390 297 175 323 144 162
329 287 309 295 109 214 251 334 252 157 491 657 157 168 253 374 263 402 339 338 62 447 312 239 216 449
388 290 182 320 340 234 283 0 258 418 271 1 398 192 363 437 119 256 275 384 397 60 337 277 355 481
609 531 249 192 239 350 244 251 179 538 540 210 189 389 521 180 93 159 53 209 121 293 289 442 204 180
82 129 264 16 252 498 196 248 152 135 153 66 219 156 259 395 227 424 289 379 261 230 183 182 194 341
107 78 86 171 577 304 343 356 234 360 295 344 536 191 321 283 512 365 547 471 272 212 242 360 173 283
123 324 478 263 356 283 229 605 345 271 515 217 137 142 340 331 214 178 163 562 396 322 0 573 433 314
375 323 488 600 172 200 265 527 224 684 332 226 175 271 184 395 188 183 185 175 457 394 260 153 101 317
204 713 388 375 335 118 98 68 42 516 319 324 422 273 239 276 242 488 290 68 349 200 233 253 192 378
398 483 207 205 534 146 334 320 96 517 521 267 258 0 213 191 49 227 183 425 331 203 168 270 257 390
117 255 197 435 219 0 305 193 166 482 286 438 316 298 374 165 110 24 255 711 413 381 355 546 247 212
158 336 360 506 233 149 359 496 119 43 175 235 0 315 265 272 331 310 192 402 509 254 302 420 463 356
309 254 316 181 293 255 246 277 404 197 488 231 170 272 247 537 265 206 212 290 154 306 633 431 211 125
110 83 498 346 511 161 280 407 240 189 563 272 301 206 243 396 553 420 230 282 226 217 584 136 278 403
198 194 166 385 528 193 169 423 346 325 256 404 390 437 229 412 776 495 401 327 191 192 373 385 530 316
226 551 269 359 310 342 227 244 206 537 398 41 164 141 175 353 185 225 589 540 357 237 802 345 345 532
242 58 310 378 15 453 97 345 417 341 393 318 90 266 0 444 186 351 169 306 187 234 351 209 239 326
223 178 424 492 253 298 232 297 193 93 167 297 341 273 412 248 292 206 170 268 83 305 413 322 679 784
243 77 398 510 397 296 185 66 507 163 154 518 419 168 146 373 257 343 269 150 383 281 162 256 594 284

878 1078 1077 853 1185 1204 1050 1037 1340 785 917 774 1114 1147 926 870 1116 1106 878 1183 1024 967 888 934 982 1150
895 1005 1156 743 900 764 1240 992 972 871 677 1108 922 1002 1005 885 1016 1065 886 975 996 987 1113 842 1056 825
1022 973 1143 819 710 869 1112 1006 954 905 995 856 1139 1027 965 1070 940 915 1081 883 1106 1095 867 948 894 1181
1069 1202 902 848 829 759 950 996 910 781 910 959 968 1103 1211 982 998 1036 1028 1058 1103 1201 1262 985 1017 1019
1155 999 847 814 984 964 919 1196 1064 975 1012 1373 941 1055 1144 1016 760 1139 1104 1090 1226 715 936 921 919 772
1035 903 840 906 951 1139 928 976 881 824 954 1049 924 872 935 810 1007 1259 845 1005 941 871 702 951 873 854
738 1063 888 750 1063 956 990 873 865 915 910 1158 813 824 958 716 947 1111 1163 991 1134 834 887 933 787 1100
861 932 643 1080 1073 951 1122 1158 839 950 801 1069 950 1112 731 1104 1197 944 851 1032 1049 1005 896 670 894 1017
873 858 912 951 1076 886 934 979 891 938 891 1271 1185 1027 1082 772 720 1200 891 827 1050 897 1095 1164 911 888
1184 719 1149 1090 1101 1124 1131 1025 898 871 963 985 1084 1036 1004 718 1060 913 898 1300 1122 1218 1061 735 965 1280
1242 1215 676 1082 973 1135 817 724 929 1027 1193 785 1215 754 1006 1333 1177 1093 731 796 1067 851 1007 783 1143 1051
1021 1076 951 937 813 1041 833 1204 707 845 1103 1051 670 974 749 687 976 837 869 1017 1070 1025 904 834 885 910
1154 775 967 909 850 1101 825 595 1323 1082 1055 936 1035 1029 878 1029 889 927 809 1034 931 966 758 1005 1094 997
900 1342 879 1048 1302 912 1107 940 1127 1207 1166 897 1214 1450 821 1109 749 1300 773 796 936 810 868 722 769 986
1080 1144 1406 1242 871 946 988 1089 1158 1153 881 899 984 880 1130 867 1112 973 925 1245 961 1028 988 1046 1122 1022
807 883 1157 852 1012 1019 931 821 1236 1311 1014 1024 1347 945 1195 1036 1093 904 1046 837 1402 996 960 942 888 1194
912 959 819 908 746 745 825 820 1013 1160 877 839 864 857 1102 867 1036 920 1064 1124 1267 1196 745 780 842 992
1206 1135 995 1034 840 1465 1066 909 836 998 1091 1123 801 1151 947 1092 1034 1029 995 1210 1076 967 1053 774 685 827
1076 728 1021 1057 851 942 898 1013 783 877 1113 1012 883 789 1071 969 738 964 855 1119 985 1060 994 908 1033 1055
811 1184 1148 827 812 1080 1013 977 1274 1006 932 874 766 996 1056 730 1065 1088 925 1001 1220 983 943 849 1081 1030
695 885 965 774 1106 895 924 1064 794 912 1000 1009 1018 704 997 1276 867 915 932 1097 970 984 965 1024 1174 1028
962 916 758 1112 954 1048 1055 873 936 933 916 1015 771 837 1133 1086 1137 985 1034 1045 833 1123 797 815 1136 1034
811 1031 952 1246 950 1084 925 985 1156 896 943 701 831 871 1032 1093 877 902 803 948 844 1050 1169 782 1096 1128
1081 940 994 793 1119 862 872 858 1126 901 855 1092 861 739 983 923 891 933 992 1076 687 1164 1056 947 1080 936
643 794 1078 959 1275 993 1106 992 1172 900 680 924 814 836 1024 880 1018 1139 754 944 1080 1042 680 1259 997 974
846 1151 933 1026 1084 961 1115 818 697 833 934 741 939 1068 761 675 1023 754 528 872 804 912 902 749 919 1097

0 0 136 34 0 0 2 71 0 83 0 176 62 0 0 74 0 17 76 327 122 333 101 0 170 79
0 273 0 139 118 303 0 0 154 0 0 0 182 0 0 82 0 191 0 124 17 287 208 0 0 263
0 9 0 0 0 0 91 0 81 9 49 0 18 12 151 74 144 0 40 0 0 235 41 0 34 0
99 62 80 51 46 48 129 93 122 168 78 95 0 88 0 0 0 51 116 0 0 0 0 126 314 93
35 0 0 130 25 180 50 0 0 132 0 0 3 0 0 18 0 0 0 110 154 92 0 96 3 36
67 56 0 101 0 0 198 0 152 66 0 92 38 0 0 180 224 204 83 169 231 81 0 67 0 0
87 115 22 0 0 0 68 122 49 0 0 0 250 98 54 82 0 0 29 0 24 77 227 111 193 94
123 0 22 70 0 105 0 0 53 0 0 0 123 100 160 31 0 115 0 64 0 0 0 0 137 143
182 30 0 91 129 54 25 199 186 82 111 66 92 21 0 0 222 0 48 82 106 27 166 0 85 0
110 96 22 129 60 290 0 0 1 0 110 189 0 0 30 124 140 46 0 0 0 0 234 181 63 127
14 0 74 82 144 0 0 76 89 176 89 0 0 136 0 0 133 0 59 134 172 94 0 21 0 204
0 99 1 0 186 0 77 0 215 28 0 40 108 50 0 37 0 282 0 0 0 105 27 124 0 74
0 97 0 0 0 0 131 70 118 184 25 0 40 0 0 0 0 172 0 0 0 120 0 0 25 0
0 17 36 0 25 50 233 0 0 130 165 80 0 206 13 12 296 0 0 241 0 76 0 172 0 0
0 357 87 0 0 56 128 15 0 42 0 0 218 80 0 98 0 0 100 239 82 119 0 36 214 214
89 115 0 108 0 1 0 316 20 0 0 39 0 0 196 163 14 94 42 26 219 0 134 77 67 0
92 302 136 69 157 201 0 0 43 0 83 0 124 314 0 90 0 0 102 9 241 166 25 120 223 0
116 0 11 114 302 0 159 66 140 147 70 124 40 36 143 0 3 0 0 153 0 0 104 379 72 57
0 104 0 0 56 23 0 0 126 0 147 322 0 107 82 0 181 28 50 95 45 254 64 0 0 140
29 43 0 277 363 0 24 0 82 144 0 338 0 0 26 166 0 113 0 39 73 105 11 75 226 67
22 0 0 0 0 98 179 63 20 53 146 98 0 57 50 0 268 185 129 0 94 127 190 0 0 0
0 74 76 264 0 119 0 114 249 186 0 0 0 0 43 0 0 44 59 0 0 0 65 0 0 149
209 148 199 149 169 0 65 71 0 0 0 30 194 0 114 116 173 79 0 32 35 0 0 143 237 0
69 31 0 97 47 6 160 0 0 45 134 0 118 0 74 154 0 0 248 0 32 43 0 0 0 0
104 49 50 0 0 113 28 34 142 23 24 0 188 0 33 4 16 17 68 14 61 0 184 26 5 127
0 270 14 22 0 0 9 41 0 81 0 200 0 0 135 168 3 0 27 123 163 47 28 173 0 49

579 680 663 945 790 740 607 663 773 682 839 517 674 566 578 742 931 676 574 747 812 581 736 428 605 550
674 630 633 871 513 643 734 682 486 529 590 510 800 515 813 701 654 641 708 485 559 601 662 620 436 742
564 770 756 761 696 762 665 475 576 524 595 574 639 741 508 695 744 567 690 633 740 670 520 667 720 728
729 681 695 392 651 859 694 727 639 444 686 627 728 1110 772 879 715 673 629 704 416 842 735 719 794 725
699 832 708 1197 636 663 614 796 744 543 872 644 644 683 678 505 503 793 747 534 716 695 605 478 712 723
536 675 815 384 556 773 719 796 723 760 648 669 418 512 915 732 723 610 570 516 540 668 640 582 520 724
751 607 786 571 604 499 938 736 495 632 510 777 1021 518 764 772 673 789 745 465 699 669 507 494 657 546
762 785 697 475 541 594 506 745 557 664 507 521 460 746 893 495 734 537 791 544 572 768 873 594 638 639
636 521 710 577 693 681 662 542 899 577 558 515 514 572 585 653 747 694 580 518 582 673 746 638 631 868
853 762 595 499 462 613 635 740 627 633 730 752 1022 521 565 831 723 584 484 666 461 593 801 648 750 614
593 907 902 807 678 708 620 614 730 565 711 906 542 602 665 494 804 858 635 606 526 570 625 826 577 541
724 717 571 554 841 734 609 403 641 687 583 529 548 762 762 588 497 571 464 756 813 763 529 820 674 681
601 888 694 717 696 740 687 393 757 458 632 412 972 806 628 744 600 592 554 340 447 581 618 906 591 637
658 755 788 563 758 798 472 802 758 818 645 627 677 796 765 754 838 578 828 725 844 734 551 603 550 295
662 970 582 717 818 785 665 650 906 864 565 707 777 266 488 627 806 793 701 833 639 595 759 831 627 792
644 901 617 602 673 598 727 859 1001 699 943 850 817 814 406 738 510 617 678 572 771 695 625 638 509 682
772 738 667 797 658 933 529 460 559 743 577 608 547 788 969 922 643 815 834 635 780 638 703 471 754 704
528 611 636 608 595 645 743 837 784 565 539 459 827 597 538 670 860 734 749 685 596 827 900 565 648 775
513 934 856 744 787 809 653 872 660 519 673 689 637 777 519 424 565 562 758 757 673 719 758 646 624 450
541 714 720 756 715 602 647 803 598 634 875 667 559 740 508 774 942 646 615 731 987 555 659 783 802 599
629 672 740 831 541 741 727 710 644 674 846 711 292 675 629 679 648 632 719 708 639 870 549 767 635 736
707 441 627 512 594 611 810 1005 632 589 747 701 761 914 613 585 814 729 591 626 730 747 961 773 392 470
749 674 684 715 646 629 560 729 574 854 755 762 619 768 765 799 513 692 774 561 551 696 604 735 897 614
770 690 618 575 657 661 600 517 722 903 579 626 702 809 917 629 679 867 782 631 903 837 686 624 1078 638
766 618 526 559 726 543 611 694 536 558 784 548 653 833 576 681 699 466 618 631 696 406 519 536 468 394
617 676 750 690 583 570 571 591 522 808 536 839 809 516 706 751 455 567 684 682 534 817 693 786 823 718

0 0 0 0 0 0 0 0 0 0 0 0 0 0 0 0 0 0 0 0 0 0 0 0 0 0
0 0 0 0 0 0 0 0 0 0 0 0 0 0 0 0 0 0 0 0 0 0 0 0 0 2
0 0 0 0 0 0 0 0 0 0 0 0 0 0 0 0 0 0 0 0 0 0 0 0 0 0
0 0 0 0 0 0 0 0 0 0 0 0 0 0 0 0 0 0 0 0 0 0 0 0 0 0
0 0 0 0 0 0 61 0 0 0 0 0 0 0 63 0 0 0 0 0 0 0 0 0 0 0
0 0 0 0 0 0 0 0 0 0 0 0 0 0 0 0 159 0 0 0 0 0 0 0 58 0
0 0 0 29 0 0 0 0 0 0 0 0 0 0 0 0 0 0 0 0 0 0 0 0 0 0
0 0 0 0 0 0 0 0 0 0 0 0 0 0 0 0 0 0 15 0 0 0 0 0 0 0
0 0 0 0 0 0 0 0 0 0 0 0 0 0 0 0 0 0 0 0 0 0 0 0 0 0
0 0 0 0 0 0 0 0 0 0 0 0 0 0 0 0 0 0 0 0 0 0 0 0 0 0
0 0 0 0 0 14 0 0 0 125 0 0 0 0 0 0 0 0 0 53 0 0 0 0 0 0
0 0 0 0 0 0 0 0 0 0 0 0 0 0 0 0 0 0 0 0 0 0 0 0 0 0
0 0 0 0 0 0 0 0 0 0 0 0 0 0 0 0 0 0 0 0 0 0 0 0 15 0
0 0 0 0 0 0 0 0 0 0 117 0 0 0 0 0 0 0 0 0 0 0 0 0 0 0
0 0 0 0 0 0 0 0 0 0 0 0 0 0 0 0 47 0 0 0 0 0 0 0 0 0
0 0 0 0 0 0 0 0 0 0 0 1 0 0 0 0 0 0 0 0 0 0 0 0 0 0
0 0 3 0 0 0 0 0 0 0 0 0 0 0 0 0 0 0 0 0 0 0 0 0 0 0
0 0 0 0 0 0 0 0 0 0 0 0 0 0 0 0 0 0 0 0 0 0 0 0 0 0
0 0 0 0 0 0 0 0 0 0 0 0 0 0 0 0 0 0 0 0 0 0 0 0 0 0
0 0 0 0 0 0 0 0 0 0 5 0 0 0 0 0 0 145 0 0 0 53 0 0 0 0
0 0 0 0 0 0 0 0 0 0 0 0 0 0 0 0 0 0 0 0 0 0 0 0 0 0
0 0 0 0 0 0 0 0 0 0 0 0 0 0 0 0 77 0 0 1 0 0 0 0 0 0
0 0 0 0 0 0 0 0 0 0 0 0 0 0 0 0 0 0 0 0 0 0 0 0 0 0
0 0 0 0 0 0 52 0 0 0 0 0 7 0 0 0 0 0 0 0 0 0 0 0 19 0
0 0 0 0 0 0 0 0 0 0 0 0 0 0 0 0 0 0 0 0 0 0 0 0 0 0
0 0 0 0 0 0 0 0 0 0 0 0 0 0 0 0 0 0 0 0 0 0 0 0 0 0

0 0 0 0 0 0 0 0 0 0 0 0 0 0 0 0 111 0 0 0 0 0 0 0 0 0
0 0 0 0 0 0 0 0 0 0 0 0 0 0 0 0 0 0 0 0 0 0 0 0 0 0
0 0 0 0 0 0 0 0 0 0 0 0 0 0 0 0 0 0 0 0 0 0 0 0 0 0
0 0 0 0 0 0 0 0 0 0 0 0 78 0 0 0 0 0 0 0 0 0 0 0 0 0
35 0 0 0 0 0 0 0 0 0 0 0 0 0 0 0 0 0 0 0 0 0 0 0 0 0
0 0 0 0 0 0 0 0 0 0 0 0 0 0 0 0 0 0 0 0 0 0 0 0 0 0
0 0 0 0 0 0 0 0 0 0 0 0 0 0 0 0 0 24 39 0 0 0 0 0 0 0
0 0 0 0 0 0 0 0 0 0 0 0 0 0 0 0 0 0 0 42 0 0 71 0 0 0
0 0 0 0 0 0 0 0 0 0 0 0 0 0 0 0 0 0 0 0 0 0 0 0 0 0
206 124 0 0 0 0 0 0 0 0 0 0 0 0 0 0 0 0 0 0 0 0 0 0 0 0
0 0 0 0 0 0 0 0 0 0 0 0 0 0 0 0 0 0 0 0 0 0 0 0 0 0
0 0 0 0 0 0 0 0 0 0 0 0 0 0 0 0 0 0 0 0 0 0 0 0 0 0
0 0 0 0 0 0 0 0 0 0 0 0 23 0 0 0 0 0 0 0 0 0 0 0 0 0
0 0 0 0 0 0 0 0 0 0 0 0 0 0 0 0 0 0 0 0 0 0 0 0 20 0
0 0 0 0 0 0 0 0 21 0 0 0 0 0 32 0 0 0 0 0 0 0 0 0 0 0
0 0 0 0 0 0 0 0 0 0 0 0 0 0 0 0 0 0 0 0 0 0 0 0 0 0
0 41 0 0 0 0 0 0 0 0 0 0 0 0 0 0 0 0 0 0 0 0 0 0 0 0
0 0 0 0 0 0 0 0 0 0 0 0 0 0 0 0 0 0 0 0 0 0 0 0 0 0
0 0 0 0 0 0 207 0 0 0 0 0 0 0 0 0 0 0 0 0 0 0 0 0 0 0
0 0 0 0 0 0 0 0 0 0 0 0 0 0 0 0 0 49 0 0 0 0 0 0 0 0
0 0 0 0 0 0 0 0 0 0 0 0 0 0 0 0 0 0 0 0 0 0 0 0 0 6
0 0 0 0 0 0 0 0 0 0 0 0 0 0 0 0 0 0 0 0 0 0 31 0 0 0
0 0 0 0 0 0 0 42 0 0 0 0 0 0 0 0 0 0 0 0 0 0 0 0 34 0
0 0 0 0 0 0 0 0 0 0 0 0 0 0 0 0 0 0 0 0 0 0 0 0 0 0
0 0 0 0 0 0 0 0 0 0 0 0 0 0 0 0 0 0 0 0 0 0 0 0 0 0
0 0 0 0 0 0 0 0 0 0 0 79 0 0 0 0 0 0 0 0 0 0 0 0 0 0

0 0 0 0 0 0 13 0 0 0 0 0 0 25 0 0 0 124 0 0 44 0 0 0 0 25
0 59 0 0 0 0 0 0 0 0 0 77 0 0 0 0 0 0 0 0 0 0 0 0 0 286
0 0 0 0 0 0 0 0 0 0 0 6 0 0 0 0 0 0 0 0 0 2 0 0 0 27
0 0 33 0 1 21 78 0 0 0 0 0 0 129 0 0 0 0 126 0 0 0 2 0 0 0
0 0 0 0 0 0 0 0 0 0 0 0 0 0 0 0 0 0 0 0 140 0 0 0 0 0
0 0 0 0 0 0 0 0 0 142 0 0 0 0 0 174 0 0 0 100 0 0 0 185 0 0
0 0 0 0 61 0 0 0 0 0 0 0 39 0 0 0 0 0 0 0 0 0 0 0 0 172
0 0 0 0 0 0 0 0 0 0 0 0 0 0 85 12 0 0 0 0 0 30 0 23 0 0
0 0 0 0 0 0 0 0 0 0 0 0 0 18 0 0 0 0 0 16 30 0 122 0 0 0
1 0 0 0 66 42 0 0 0 0 0 0 0 0 0 0 3 0 33 0 0 88 0 0 0 0
0 189 77 0 0 0 0 0 13 0 0 0 0 0 112 0 0 0 0 27 83 0 11 0 0 0
13 0 0 0 0 0 0 0 0 258 50 0 0 0 0 0 0 0 0 0 42 0 0 0 0 0
0 0 0 0 0 0 84 0 0 0 0 0 63 0 0 0 0 0 0 0 0 0 12 0 0 0
0 0 57 0 0 0 0 0 66 228 129 0 0 60 0 0 59 0 71 0 0 0 0 0 0 0
29 0 0 0 0 0 132 0 0 69 0 0 0 0 0 0 0 0 0 38 0 0 0 0 0 0
0 0 48 0 0 0 0 0 140 0 0 0 0 0 0 0 0 0 0 0 0 0 0 70 0 0
0 0 0 90 0 0 0 34 0 0 0 0 0 0 0 0 0 0 0 44 5 0 0 0 92 0
0 180 0 0 0 0 0 27 0 0 0 0 38 114 0 0 0 0 0 0 105 0 0 41 0 0
0 0 0 0 0 0 0 209 0 0 14 0 0 0 0 0 0 0 0 0 0 0 7 0 0 0
0 0 0 0 0 0 0 0 0 33 0 0 12 0 0 23 74 0 0 0 0 141 178 0 0 0
0 0 0 0 0 0 0 0 0 0 0 0 0 0 0 0 77 146 98 0 91 0 0 0 95 0
0 0 0 0 0 0 27 0 0 27 0 0 0 0 0 0 0 0 0 0 0 0 145 0 0 0
0 0 66 0 0 196 0 0 0 0 0 0 0 0 0 0 0 0 0 0 0 0 0 0 92 0
0 0 0 11 30 0 0 0 56 0 0 0 0 0 0 0 0 0 0 0 45 18 0 0 0 0
0 0 0 0 0 112 19 0 0 0 0 0 0 0 42 0 0 0 0 0 0 0 0 0 0 0
0 149 207 0 0 0 0 0 0 0 0 0 0 0 0 0 0 0 0 0 0 0 0 0 234 0

0 0 0 0 0 0 0 0 0 0 0 0 0 0 0 0 0 0 0 0 0 0 0 0 0 0
0 0 0 0 0 0 0 0 0 0 0 0 0 0 0 0 0 0 0 0 0 0 0 0 0 0
0 0 0 0 0 0 0 0 0 0 0 0 0 0 0 0 0 0 0 0 0 0 0 0 0 0
0 0 0 0 0 0 0 0 0 0 0 0 0 0 0 0 0 0 0 0 0 0 0 0 0 0
0 0 0 0 0 0 0 0 0 0 0 0 0 0 0 0 0 0 0 0 0 0 0 0 0 0
0 0 0 0 0 0 0 0 0 0 0 0 0 0 0 0 0 0 0 0 0 0 0 0 0 0
0 0 0 0 0 0 0 0 0 0 0 0 0 0 0 0 0 0 0 0 0 0 0 0 0 0
0 0 0 0 0 0 0 0 0 0 0 0 0 0 0 0 0 0 0 0 0 0 0 0 0 0
0 0 0 0 0 0 0 0 0 0 0 0 0 0 0 0 0 0 0 0 0 0 0 0 0 0
0 0 0 0 0 0 0 0 0 0 0 0 0 0 0 0 0 0 0 0 0 0 0 0 0 0
0 0 0 0 0 0 0 0 0 0 0 0 0 0 0 0 0 0 0 0 0 0 0 0 0 0
0 0 0 0 0 0 0 0 0 0 0 0 0 0 0 0 0 0 0 0 0 0 0 0 0 0
0 0 0 0 0 0 0 0 0 0 0 0 0 0 0 0 0 0 0 0 0 0 0 0 0 0
0 0 0 0 0 0 0 0 0 0 0 0 0 0 0 0 0 0 0 0 0 0 0 0 0 0
0 0 0 0 0 0 0 0 0 0 0 0 0 0 0 0 0 0 0 0 0 0 0 0 0 0
0 0 0 0 0 0 0 0 0 0 0 0 0 0 0 0 0 0 0 0 0 0 0 0 0 0
0 0 0 0 0 0 0 0 0 0 0 0 0 0 0 0 0 0 0 0 0 0 0 0 0 0
0 0 0 0 0 0 0 0 0 0 0 0 0 0 0 0 0 0 0 0 0 0 0 0 0 0
0 0 0 0 0 0 0 0 0 0 0 0 0 0 0 0 0 0 0 0 0 0 0 0 0 0
0 0 0 0 0 0 0 0 0 0 0 0 0 0 0 0 0 0 0 0 0 0 0 0 0 0
0 0 0 0 0 0 0 0 0 0 0 0 0 0 0 0 0 0 0 0 0 0 0 0 0 0
0 0 0 0 0 0 0 0 0 0 0 0 0 0 0 0 0 0 0 0 0 0 0 0 0 0
0 0 0 0 0 0 0 0 0 0 0 0 0 0 0 0 0 0 0 0 0 0 0 0 0 0
0 0 0 0 0 0 0 0 0 0 0 0 0 0 0 0 0 0 0 0 0 0 0 0 0 0
0 0 0 0 0 0 0 0 0 0 0 0 0 0 0 0 0 0 0 0 0 0 0 0 0 0
0 0 0 0 0 0 0 0 0 0 0 0 0 0 0 0 0 0 0 0 0 0 0 0 0 0

0 0 0 0 0 0 0 0 0 0 0 0 0 65 0 0 0 0 0 0 0 0 0 19 0 0
0 0 0 0 0 0 0 0 0 0 0 0 0 0 0 0 0 0 0 0 0 0 0 0 0 0
0 0 0 0 0 0 0 0 0 0 0 0 0 0 0 0 0 0 0 0 0 0 0 0 14 0
0 152 0 0 0 0 0 0 0 0 0 0 0 0 0 0 0 0 0 0 0 0 0 0 0 0
0 0 0 0 0 0 0 0 0 0 0 0 0 0 0 0 0 0 0 0 0 0 0 0 0 0
0 0 0 0 0 0 0 0 0 0 0 0 0 0 0 0 0 0 0 14 0 0 0 0 0 0
0 0 0 0 0 0 0 0 0 0 0 0 0 0 0 0 0 0 0 0 0 0 0 0 0 0
0 0 0 0 0 0 0 0 0 0 0 0 0 0 0 0 0 0 0 0 0 0 0 0 0 0
0 0 0 0 0 0 0 0 0 0 0 0 0 0 0 0 0 0 0 0 0 0 0 0 0 0
0 0 0 0 0 0 0 0 0 0 0 0 0 0 0 0 0 0 0 0 0 0 0 0 0 0
0 0 0 0 0 0 0 0 0 0 0 0 0 0 0 0 0 0 0 0 0 0 0 0 0 0
0 0 0 0 0 0 0 0 0 0 0 0 0 0 0 0 0 0 0 0 0 0 0 0 0 0
0 0 0 0 0 0 0 0 0 0 0 0 0 0 0 0 0 0 0 0 0 0 0 0 0 0
0 0 0 0 0 0 0 120 0 0 116 83 0 0 0 0 0 0 0 28 0 0 0 0 0 0
0 0 0 0 0 0 0 0 0 0 0 0 0 0 0 0 0 0 0 19 0 0 0 0 0 0
0 0 0 0 0 0 0 0 0 0 0 0 0 0 0 0 0 0 0 0 0 0 0 0 0 0
0 0 0 0 0 77 0 0 0 0 0 0 0 0 0 0 0 0 0 0 90 0 0 0 0 0
0 0 0 0 0 0 0 0 0 0 0 0 0 0 0 0 0 0 0 0 0 0 0 0 0 0
0 0 0 0 0 0 0 0 0 0 0 0 0 0 0 0 0 0 0 0 0 0 0 0 0 0
0 0 0 0 0 0 0 0 0 0 0 0 0 0 0 0 0 0 0 0 0 0 0 0 0 0
0 0 0 0 0 0 0 0 0 0 0 0 0 0 0 0 0 0 0 0 0 0 0 0 0 0
0 0 0 0 0 0 0 0 0 0 0 0 0 0 0 0 0 0 0 0 0 0 0 0 0 0
0 0 0 0 0 0 0 0 0 0 0 0 0 0 0 0 0 0 0 0 0 0 0 0 49 31
0 0 0 0 0 0 0 0 0 0 0 0 0 0 0 0 101 0 0 0 0 0 0 0 0 0
0 0 0 0 0 0 0 0 0 0 0 0 0 0 0 0 0 0 0 0 0 0 0 0 0 0
0 0 0 0 0 0 0 0 0 0 0 0 0 0 0 0 0 0 0 0 0 0 0 0 0 0

0 0 15 0 0 0 0 195 0 0 0 0 0 155 41 0 0 0 62 40 60 93 0 111 0 49
0 197 69 0 0 0 0 49 0 0 0 231 0 0 115 0 0 0 0 90 124 0 0 203 0 0
0 0 0 0 0 0 0 56 0 0 0 0 74 24 0 0 51 0 187 0 0 19 92 12 0 0
0 0 36 103 0 0 0 0 188 53 0 0 0 0 79 0 0 0 0 0 215 0 30 0 80 148
0 0 0 0 78 0 0 0 0 0 154 131 0 0 0 0 0 0 86 0 22 0 0 0 0 0
0 0 0 59 0 0 0 0 156 0 43 0 0 0 0 126 0 55 0 0 0 0 0 35 36 254
0 150 0 67 317 212 0 46 0 142 0 0 235 0 0 0 64 0 0 0 0 0 0 74 0 23
65 0 0 144 0 0 0 0 0 0 0 0 0 0 0 161 6 0 0 0 0 61 0 57 155 16
0 0 0 59 29 0 57 141 0 241 42 83 57 29 0 0 0 25 0 86 0 0 0 0 0 0
0 0 133 0 0 407 91 0 75 0 0 0 190 0 0 0 17 0 0 43 0 16 0 0 0 0
0 0 13 23 0 0 0 0 0 0 85 27 92 0 113 122 0 0 48 100 440 82 52 0 0 0
0 0 0 0 210 0 0 271 0 37 36 0 0 0 0 102 0 0 0 0 0 10 0 37 46 0
0 0 0 0 0 0 15 0 0 0 168 0 0 0 0 15 0 0 0 107 0 0 0 152 0 0
0 0 51 0 115 0 0 0 203 0 0 0 102 0 0 0 0 176 289 0 43 0 0 0 3 0
18 0 0 0 0 0 99 0 0 0 139 0 88 8 0 0 111 72 0 244 0 0 0 0 0 0
0 0 0 0 0 0 12 0 401 21 0 13 0 0 0 204 0 111 0 0 0 0 0 0 0 103
0 0 9 0 0 0 0 234 112 18 0 24 0 86 0 77 41 0 83 146 110 0 27 50 132 0
0 0 0 28 0 0 0 0 25 0 0 0 36 0 0 0 0 0 0 0 115 0 0 0 93 47
0 0 18 0 0 0 15 0 0 0 0 0 0 48 64 0 0 0 121 0 0 87 0 0 136 0
0 0 29 0 0 0 0 0 0 0 0 0 0 0 0 0 5 0 158 0 0 0 0 0 0 0
0 309 0 0 0 104 0 0 0 0 0 0 0 2 7 0 17 276 0 0 0 100 0 112 81 0
4 0 45 0 0 0 8 105 0 0 0 0 0 0 149 0 0 2 0 80 0 0 0 24 0 0
0 230 10 83 0 0 87 0 0 139 34 0 0 0 0 71 0 0 324 0 0 37 0 0 16 102
13 0 0 143 103 0 0 0 0 0 0 0 0 0 0 0 0 0 0 14 0 349 0 4 72 0
0 0 0 0 0 93 64 0 31 0 0 199 0 0 139 0 0 133 0 0 0 0 0 0 0 132
0 0 0 147 0 0 0 86 0 300 0 0 0 103 0 198 10 0 0 55 57 0 0 0 245 0

417 452 391 574 669 675 297 731 497 628 436 562 664 437 270 469 628 577 337 519 383 644 653 373 711 495
554 386 415 534 502 486 457 411 684 475 446 523 449 687 343 415 476 710 543 504 343 596 573 509 558 526
417 577 445 615 647 467 454 201 891 211 599 554 598 569 600 570 600 639 556 495 506 753 633 414 559 442
555 416 558 606 602 846 506 495 562 402 644 368 666 631 343 337 501 625 493 579 613 731 510 563 548 649
511 441 435 603 454 395 680 559 561 416 488 362 540 669 669 628 356 573 512 601 377 601 520 561 517 650
329 574 440 637 554 501 608 575 518 448 526 711 700 583 393 368 409 516 465 260 449 660 512 535 314 534
514 443 399 456 452 446 513 536 539 577 525 446 610 531 457 465 674 516 559 667 587 625 390 473 549 460
480 552 662 519 423 560 556 547 472 430 801 581 639 534 490 515 614 607 478 504 428 366 713 644 461 574
449 507 662 527 419 563 476 509 520 233 570 497 438 838 374 620 605 519 513 358 397 552 661 691 529 492
506 550 400 514 523 457 437 633 618 520 582 470 489 299 703 475 549 535 764 383 501 568 589 820 392 539
708 426 472 545 515 527 466 624 691 578 503 560 456 692 531 515 586 437 501 592 459 490 480 509 576 354
346 714 662 538 576 577 708 630 524 333 509 500 522 590 368 517 530 448 449 400 496 712 398 597 474 555
299 524 618 494 505 579 532 469 634 453 512 665 728 661 531 652 472 428 550 296 492 699 540 446 508 663
579 530 571 667 388 534 544 588 595 522 465 518 193 727 385 451 548 521 374 498 521 478 185 768 754 443
468 648 653 686 468 608 715 494 380 558 399 576 602 580 618 694 623 584 463 601 616 542 623 597 456 661
281 664 330 436 510 657 516 657 454 589 487 722 524 649 517 502 553 311 407 571 426 344 549 595 696 423
436 570 430 400 659 471 527 544 472 437 486 558 566 200 543 345 721 747 710 615 549 483 517 480 414 556
397 522 463 484 564 662 541 460 649 498 581 440 530 471 371 594 576 518 609 694 637 408 623 327 658 498
228 484 546 437 537 575 559 362 574 471 426 566 313 682 519 452 641 618 591 349 353 508 673 606 602 477
464 569 519 533 552 500 746 883 571 660 438 555 520 596 565 355 420 577 528 603 641 685 531 575 371 404
560 513 733 559 845 441 511 852 484 515 574 537 507 461 632 474 610 538 510 354 548 644 542 297 515 469
608 398 496 524 553 628 486 625 644 584 604 388 596 525 579 284 709 563 462 299 794 655 460 509 690 527
639 414 490 482 697 725 628 456 508 439 433 539 518 487 657 469 569 559 610 505 409 649 363 814 579 505
353 555 562 355 569 498 469 455 483 398 399 679 511 413 549 558 612 325 677 413 695 431 666 478 519 408
454 603 604 476 557 923 539 543 286 492 590 607 734 597 462 606 315 402 488 384 563 679 473 455 360 281
547 597 615 346 627 443 515 564 611 455 482 666 467 523 853 628 317 659 590 530 401 450 240 904 612 281

0 52 0 0 48 34 0 0 0 0 56 0 90 352 0 0 0 0 0 0 151 67 24 0 68 0
118 113 0 0 0 0 93 335 101 0 0 0 0 0 0 0 0 0 0 0 0 0 0 43 61 0
0 97 210 0 0 0 0 0 0 0 0 0 0 0 0 0 306 0 0 131 0 48 0 0 0 0
147 114 0 0 0 0 238 0 0 94 0 0 0 0 246 192 0 0 6 0 59 17 0 78 0 0
53 107 155 168 107 0 7 163 0 0 270 188 0 19 0 0 0 0 14 2 3 62 0 0 0 0
211 0 0 0 0 92 107 78 73 0 0 0 0 0 157 10 152 49 0 0 0 0 0 0 37 0
0 0 0 51 0 0 0 0 20 0 50 64 220 128 0 0 0 0 186 23 0 0 0 107 131 54
0 0 147 0 0 0 0 0 0 0 0 0 64 262 0 0 87 0 0 0 1 0 0 261 0 274
0 0 0 163 0 0 0 0 0 0 43 0 0 71 10 22 0 36 0 60 0 0 0 23 0 0
232 0 0 0 0 0 28 0 0 272 0 0 162 0 0 54 25 0 0 0 0 0 0 0 0 0
0 42 0 0 111 0 28 0 0 0 73 152 0 77 0 99 0 67 0 74 27 179 0 20 0 35
63 0 115 0 0 17 0 0 0 0 57 0 0 0 8 0 0 0 0 0 0 56 0 0 173 61
203 0 0 93 44 0 144 0 0 0 0 0 0 0 0 0 0 0 0 4 0 0 0 104 0 0
0 0 235 94 105 0 0 82 208 0 286 86 68 0 0 0 0 115 0 0 33 0 51 12 27 105
0 0 0 0 9 0 107 0 0 92 0 0 0 112 0 72 0 42 0 61 2 13 0 0 84 147
0 16 0 17 14 0 0 0 0 0 0 0 0 24 56 0 122 33 0 0 0 0 0 0 0 0
230 0 0 94 60 0 4 0 0 111 4 127 0 0 47 0 0 0 56 140 261 0 0 0 76 0
0 11 0 106 0 0 399 0 0 0 0 13 0 122 227 40 93 0 31 0 0 88 0 0 0 0
0 88 25 0 0 0 27 198 0 0 119 149 0 0 0 0 46 0 0 78 0 0 258 57 0 0
0 0 0 0 0 0 0 0 0 0 21 0 0 0 0 12 108 0 0 0 0 180 313 0 0 0
0 0 0 33 62 227 79 0 0 0 0 0 267 0 0 0 0 102 0 0 0 0 0 0 193 0
0 0 0 0 120 0 45 108 116 0 0 0 123 0 0 0 0 0 0 0 0 0 0 105 0 1
0 103 110 0 0 0 34 0 0 21 0 0 0 0 0 136 0 0 109 0 81 0 297 0 59 0
0 0 0 96 0 7 81 0 0 0 0 0 159 0 0 0 39 0 0 0 0 70 0 0 0 74
0 0 0 0 0 0 250 0 0 0 0 27 0 0 0 0 0 0 0 20 0 0 0 0 0 0
41 0 283 0 0 0 0 0 0 50 0 188 26 0 111 0 0 0 0 0 47 0 0 0 0 122

