0000000000000000000000000000000000000000000000000010011000011110 0000000000000000000000000000000000000000000000000001111100101011 0000000000000000000000000000000000000000000000000010011010100111 0000000000000000000000000000000000000000000000000001100101000001 0000000000000000000000000000000000000000000000000010000010101011
0000000000000000000000000000000000000000000000000010000100111011 0000000000000000000000000000000000000000000000000001110011111110 0000000000000000000000000000000000000000000000000011010001101111 0000000000000000000000000000000000000000000000000001111011100111 0000000000000000000000000000000000000000000000000001101110101001
0000000000000000000000000000000000000000000000000010011001001101 0000000000000000000000000000000000000000000000000010011010111111 0000000000000000000000000000000000000000000000000001110111101000 0000000000000000000000000000000000000000000000000010010010101000 0000000000000000000000000000000000000000000000000010010000111111
0000000000000000000000000000000000000000000000000011010001000010 0000000000000000000000000000000000000000000000000001110110011111 0000000000000000000000000000000000000000000000000001110011110010 0000000000000000000000000000000000000000000000000010010001101011 0000000000000000000000000000000000000000000000000011010000001000
0000000000000000000000000000000000000000000000000010100100001111 0000000000000000000000000000000000000000000000000010010100101101 0000000000000000000000000000000000000000000000000010101001010100 0000000000000000000000000000000000000000000000000010101000001001 0000000000000000000000000000000000000000000000000010000010100011
0000000000000000000000000000000000000000000000000000000000000000 0000000000000000000000000000000000000000000000000000000000000000 0000000000000000000000000000000000000000000000000000000000000000 0000000000000000000000000000000000000000000000000000000000000000 0000000000000000000000000000000000000000000000000000000000000000
0000000000000000000000000000000000000000000000000000000000000000 0000000000000000000000000000000000000000000000000000000000000000 0000000000000000000000000000000000000000000000000000000000000000 0000000000000000000000000000000000000000000000000000000000000000 0000000000000000000000000000000000000000000000000000000000000000
0000000000000000000000000000000000000000000000000000000000000000 0000000000000000000000000000000000000000000000000000000000000000 0000000000000000000000000000000000000000000000000000000000000000 0000000000000000000000000000000000000000000000000000000000000000 0000000000000000000000000000000000000000000000000000000000000000
0000000000000000000000000000000000000000000000000000000000000000 0000000000000000000000000000000000000000000000000000000000000000 0000000000000000000000000000000000000000000000000000000000000000 0000000000000000000000000000000000000000000000000000000000000000 0000000000000000000000000000000000000000000000000000000000000000
0000000000000000000000000000000000000000000000000000000000000000 0000000000000000000000000000000000000000000000000000000000000000 0000000000000000000000000000000000000000000000000000000000000000 0000000000000000000000000000000000000000000000000000000000000000 0000000000000000000000000000000000000000000000000000000000000000
0000000000000000000000000000000000000000000000000011010011101111 0000000000000000000000000000000000000000000000000011011101111100 0000000000000000000000000000000000000000000000000010100101001111 0000000000000000000000000000000000000000000000000001010101110100 0000000000000000000000000000000000000000000000000001101110100000
0000000000000000000000000000000000000000000000000011010011101000 0000000000000000000000000000000000000000000000000011000001111111 0000000000000000000000000000000000000000000000000010000011000011 0000000000000000000000000000000000000000000000000010001011100011 0000000000000000000000000000000000000000000000000010011111100001
0000000000000000000000000000000000000000000000000001101111011111 0000000000000000000000000000000000000000000000000100011101101110 0000000000000000000000000000000000000000000000000001111100110000 0000000000000000000000000000000000000000000000000010011110111111 0000000000000000000000000000000000000000000000000010101101001110
0000000000000000000000000000000000000000000000000100010111000011 0000000000000000000000000000000000000000000000000010000101010001 0000000000000000000000000000000000000000000000000001001010111011 0000000000000000000000000000000000000000000000000010100011110110 0000000000000000000000000000000000000000000000000010010010000111
0000000000000000000000000000000000000000000000000010100100010100 0000000000000000000000000000000000000000000000000010100101011011 0000000000000000000000000000000000000000000000000001111101101000 0000000000000000000000000000000000000000000000000010101011011101 0000000000000000000000000000000000000000000000000010011011111011
0000000000000000000000000000000000000000000000001100101100011110 0000000000000000000000000000000000000000000000001100001111010000 0000000000000000000000000000000000000000000000001100100001001011 0000000000000000000000000000000000000000000000001011111101110000 0000000000000000000000000000000000000000000000001011011001010101
0000000000000000000000000000000000000000000000001100110001010111 0000000000000000000000000000000000000000000000001100000010011111 0000000000000000000000000000000000000000000000001100011000000010 0000000000000000000000000000000000000000000000001101100010000100 0000000000000000000000000000000000000000000000001100011000100101
0000000000000000000000000000000000000000000000001101010010000110 0000000000000000000000000000000000000000000000001101110011100001 0000000000000000000000000000000000000000000000001110000000100001 0000000000000000000000000000000000000000000000001100001000101101 0000000000000000000000000000000000000000000000001100111011001000
0000000000000000000000000000000000000000000000001011111010011010 0000000000000000000000000000000000000000000000001100110010010101 0000000000000000000000000000000000000000000000001100000000100001 0000000000000000000000000000000000000000000000001100010110010111 0000000000000000000000000000000000000000000000001100010100110110
0000000000000000000000000000000000000000000000001101001101001100 0000000000000000000000000000000000000000000000001100010000111010 0000000000000000000000000000000000000000000000001011100100111000 0000000000000000000000000000000000000000000000001011101101100100 0000000000000000000000000000000000000000000000001011110010101101
0000000000000000000000000000000000000000000000000001001000000110 0000000000000000000000000000000000000000000000000001011110010011 0000000000000000000000000000000000000000000000000010000000111110 0000000000000000000000000000000000000000000000000000111001111101 0000000000000000000000000000000000000000000000000000110010101011
0000000000000000000000000000000000000000000000000000011100010001 0000000000000000000000000000000000000000000000000001101011011011 0000000000000000000000000000000000000000000000000000111110000110 0000000000000000000000000000000000000000000000000000011001000010 0000000000000000000000000000000000000000000000000000111000010011
0000000000000000000000000000000000000000000000000000001000111000 0000000000000000000000000000000000000000000000000000011011010110 0000000000000000000000000000000000000000000000000001110110101101 0000000000000000000000000000000000000000000000000001000010001000 0000000000000000000000000000000000000000000000000001000111000101
0000000000000000000000000000000000000000000000000001001000010001 0000000000000000000000000000000000000000000000000010000011100100 0000000000000000000000000000000000000000000000000001101011011000 0000000000000000000000000000000000000000000000000000011011001100 0000000000000000000000000000000000000000000000000000010001111110
0000000000000000000000000000000000000000000000000000101100010100 0000000000000000000000000000000000000000000000000001110110110001 0000000000000000000000000000000000000000000000000000111100101010 0000000000000000000000000000000000000000000000000001000001110010 0000000000000000000000000000000000000000000000000000100111010100
0000000000000000000000000000000000000000000000000000000000000000 0000000000000000000000000000000000000000000000000000000000000000 0000000000000000000000000000000000000000000000000000000000000000 0000000000000000000000000000000000000000000000000000000000000000 0000000000000000000000000000000000000000000000000000000000000000
0000000000000000000000000000000000000000000000000000000000000000 0000000000000000000000000000000000000000000000000000000000000000 0000000000000000000000000000000000000000000000000000000000000000 0000000000000000000000000000000000000000000000000000000000000000 0000000000000000000000000000000000000000000000000000000000000000
0000000000000000000000000000000000000000000000000000000000000000 0000000000000000000000000000000000000000000000000000000000000000 0000000000000000000000000000000000000000000000000000000000000000 0000000000000000000000000000000000000000000000000000000000000000 0000000000000000000000000000000000000000000000000000000000000000
0000000000000000000000000000000000000000000000000000000000000000 0000000000000000000000000000000000000000000000000000000000000000 0000000000000000000000000000000000000000000000000000000000000000 0000000000000000000000000000000000000000000000000000000000000000 0000000000000000000000000000000000000000000000000000000000000000
0000000000000000000000000000000000000000000000000000000000000000 0000000000000000000000000000000000000000000000000000000000000000 0000000000000000000000000000000000000000000000000000000000000000 0000000000000000000000000000000000000000000000000000000000000000 0000000000000000000000000000000000000000000000000000000000000000
0000000000000000000000000000000000000000000000000000000000000000 0000000000000000000000000000000000000000000000000000000000000000 0000000000000000000000000000000000000000000000000000000000000000 0000000000000000000000000000000000000000000000000000000000000000 0000000000000000000000000000000000000000000000000000000010000001
0000000000000000000000000000000000000000000000000000000000000000 0000000000000000000000000000000000000000000000000000000000000000 0000000000000000000000000000000000000000000000000000000000000000 0000000000000000000000000000000000000000000000000000000000000000 0000000000000000000000000000000000000000000000000000000000000000
0000000000000000000000000000000000000000000000000000000000000000 0000000000000000000000000000000000000000000000000000000000000000 0000000000000000000000000000000000000000000000000000000000000000 0000000000000000000000000000000000000000000000000000000000000000 0000000000000000000000000000000000000000000000000000000000000000
0000000000000000000000000000000000000000000000000000010011110111 0000000000000000000000000000000000000000000000000000000000000000 0000000000000000000000000000000000000000000000000000000000000000 0000000000000000000000000000000000000000000000000000000000000000 0000000000000000000000000000000000000000000000000000000000000000
0000000000000000000000000000000000000000000000000000000000000000 0000000000000000000000000000000000000000000000000000000000000000 0000000000000000000000000000000000000000000000000000000000000000 0000000000000000000000000000000000000000000000000000000000000000 0000000000000000000000000000000000000000000000000000000000000000
0000000000000000000000000000000000000000000000000110111001111010 0000000000000000000000000000000000000000000000000110111011001100 0000000000000000000000000000000000000000000000000110101101001010 0000000000000000000000000000000000000000000000000110100111100001 0000000000000000000000000000000000000000000000000110111110001100
0000000000000000000000000000000000000000000000000110110101101010 0000000000000000000000000000000000000000000000000111110100001001 0000000000000000000000000000000000000000000000000111010110010101 0000000000000000000000000000000000000000000000000111000001110000 0000000000000000000000000000000000000000000000000110001100000000
0000000000000000000000000000000000000000000000001000000011101001 0000000000000000000000000000000000000000000000000111011000011111 0000000000000000000000000000000000000000000000000110001110001110 0000000000000000000000000000000000000000000000000110100101011100 0000000000000000000000000000000000000000000000000110101111011010
0000000000000000000000000000000000000000000000000111100111010010 0000000000000000000000000000000000000000000000000111010101010000 0000000000000000000000000000000000000000000000000111101000000100 0000000000000000000000000000000000000000000000000111001010111001 0000000000000000000000000000000000000000000000000110101110110001
0000000000000000000000000000000000000000000000000110111010101110 0000000000000000000000000000000000000000000000000110100001001111 0000000000000000000000000000000000000000000000000110101110010011 0000000000000000000000000000000000000000000000000110011111100001 0000000000000000000000000000000000000000000000000110011111011000
0000000000000000000000000000000000000000000000000000000000000000 0000000000000000000000000000000000000000000000000000000000000000 0000000000000000000000000000000000000000000000000000000000000000 0000000000000000000000000000000000000000000000000000000000000000 0000000000000000000000000000000000000000000000000000000000000000
0000000000000000000000000000000000000000000000000000000000000000 0000000000000000000000000000000000000000000000000000000000000000 0000000000000000000000000000000000000000000000000000000000000000 0000000000000000000000000000000000000000000000000000000000000000 0000000000000000000000000000000000000000000000000000000000000000
0000000000000000000000000000000000000000000000000000000000000000 0000000000000000000000000000000000000000000000000000000000000000 0000000000000000000000000000000000000000000000000000000000000000 0000000000000000000000000000000000000000000000000000000000000000 0000000000000000000000000000000000000000000000000000000000000000
0000000000000000000000000000000000000000000000000000000000000000 0000000000000000000000000000000000000000000000000000000000000000 0000000000000000000000000000000000000000000000000000000000000000 0000000000000000000000000000000000000000000000000000000000000000 0000000000000000000000000000000000000000000000000000000000000000
0000000000000000000000000000000000000000000000000000000000000000 0000000000000000000000000000000000000000000000000000000000000000 0000000000000000000000000000000000000000000000000000000000000000 0000000000000000000000000000000000000000000000000000000000000000 0000000000000000000000000000000000000000000000000000000000000000
0000000000000000000000000000000000000000000000000000000000000000 0000000000000000000000000000000000000000000000000000000000000000 0000000000000000000000000000000000000000000000000000000000000000 0000000000000000000000000000000000000000000000000000000000000000 0000000000000000000000000000000000000000000000000000000000000000
0000000000000000000000000000000000000000000000000000000000100100 0000000000000000000000000000000000000000000000000000000000000000 0000000000000000000000000000000000000000000000000000011001101000 0000000000000000000000000000000000000000000000000000000000000000 0000000000000000000000000000000000000000000000000000000100101011
0000000000000000000000000000000000000000000000000000000000000000 0000000000000000000000000000000000000000000000000000000000000000 0000000000000000000000000000000000000000000000000000100111110000 0000000000000000000000000000000000000000000000000000000000000000 0000000000000000000000000000000000000000000000000000000000000000
0000000000000000000000000000000000000000000000000000000000000000 0000000000000000000000000000000000000000000000000000000000000000 0000000000000000000000000000000000000000000000000000000000000000 0000000000000000000000000000000000000000000000000000010000011101 0000000000000000000000000000000000000000000000000000000000000000
0000000000000000000000000000000000000000000000000000000000000000 0000000000000000000000000000000000000000000000000000000000000000 0000000000000000000000000000000000000000000000000000001100100011 0000000000000000000000000000000000000000000000000000000000000000 0000000000000000000000000000000000000000000000000000000000000000
0000000000000000000000000000000000000000000000000000000000000000 0000000000000000000000000000000000000000000000000000001010001000 0000000000000000000000000000000000000000000000000000011000110101 0000000000000000000000000000000000000000000000000000000000000000 0000000000000000000000000000000000000000000000000000000000000000
0000000000000000000000000000000000000000000000000000111010000010 0000000000000000000000000000000000000000000000000000000000000000 0000000000000000000000000000000000000000000000000001011000101000 0000000000000000000000000000000000000000000000000000000000000000 0000000000000000000000000000000000000000000000000000000000000000
0000000000000000000000000000000000000000000000000000000100000101 0000000000000000000000000000000000000000000000000000001101111011 0000000000000000000000000000000000000000000000000000000000000000 0000000000000000000000000000000000000000000000000000000000000000 0000000000000000000000000000000000000000000000000000000000000000
0000000000000000000000000000000000000000000000000000000000000000 0000000000000000000000000000000000000000000000000000000000000000 0000000000000000000000000000000000000000000000000000000000000000 0000000000000000000000000000000000000000000000000000000000000000 0000000000000000000000000000000000000000000000000000000000000000
0000000000000000000000000000000000000000000000000000000000000000 0000000000000000000000000000000000000000000000000000000000000000 0000000000000000000000000000000000000000000000000000000000000000 0000000000000000000000000000000000000000000000000000000000000000 0000000000000000000000000000000000000000000000000000000000000000
0000000000000000000000000000000000000000000000000100000010101100 0000000000000000000000000000000000000000000000000011000011111100 0000000000000000000000000000000000000000000000000100001010010110 0000000000000000000000000000000000000000000000000011101100011101 0000000000000000000000000000000000000000000000000100000110101110
0000000000000000000000000000000000000000000000000011101110010000 0000000000000000000000000000000000000000000000000101000000000101 0000000000000000000000000000000000000000000000000100011101110010 0000000000000000000000000000000000000000000000000100010101001000 0000000000000000000000000000000000000000000000000011101101010111
0000000000000000000000000000000000000000000000000011010101011000 0000000000000000000000000000000000000000000000000100100110110000 0000000000000000000000000000000000000000000000000011010110101001 0000000000000000000000000000000000000000000000000011000101101100 0000000000000000000000000000000000000000000000000011000101101110
0000000000000000000000000000000000000000000000000011110010111010 0000000000000000000000000000000000000000000000000010110101001000 0000000000000000000000000000000000000000000000000011001011101100 0000000000000000000000000000000000000000000000000100010100111111 0000000000000000000000000000000000000000000000000010101100110110
0000000000000000000000000000000000000000000000000011011010111100 0000000000000000000000000000000000000000000000000011001010001110 0000000000000000000000000000000000000000000000000011101111010111 0000000000000000000000000000000000000000000000000100000101100101 0000000000000000000000000000000000000000000000000011010000011011
0000000000000000000000000000000000000000000000000000001110000000 0000000000000000000000000000000000000000000000000001000100010100 0000000000000000000000000000000000000000000000000000000000000000 0000000000000000000000000000000000000000000000000001010010111111 0000000000000000000000000000000000000000000000000000010101000010
0000000000000000000000000000000000000000000000000000000000000000 0000000000000000000000000000000000000000000000000000101011011110 0000000000000000000000000000000000000000000000000000100111001111 0000000000000000000000000000000000000000000000000000000000000000 0000000000000000000000000000000000000000000000000001001000111101
0000000000000000000000000000000000000000000000000000011000000001 0000000000000000000000000000000000000000000000000000110000000010 0000000000000000000000000000000000000000000000000001100101111011 0000000000000000000000000000000000000000000000000000101111101110 0000000000000000000000000000000000000000000000000001000111101100
0000000000000000000000000000000000000000000000000000011111000101 0000000000000000000000000000000000000000000000000000000000000000 0000000000000000000000000000000000000000000000000000010101001101 0000000000000000000000000000000000000000000000000000011110100111 0000000000000000000000000000000000000000000000000000011011011100
0000000000000000000000000000000000000000000000000000010010110110 0000000000000000000000000000000000000000000000000000000110011101 0000000000000000000000000000000000000000000000000000000000000000 0000000000000000000000000000000000000000000000000000011110100010 0000000000000000000000000000000000000000000000000000000000111111
0000000000000000000000000000000000000000000000000000000000000000 0000000000000000000000000000000000000000000000000000000000000000 0000000000000000000000000000000000000000000000000000000000000000 0000000000000000000000000000000000000000000000000000000000000000 0000000000000000000000000000000000000000000000000000000000000000
0000000000000000000000000000000000000000000000000000000000000000 0000000000000000000000000000000000000000000000000000000000000000 0000000000000000000000000000000000000000000000000000000000000000 0000000000000000000000000000000000000000000000000000000000000000 0000000000000000000000000000000000000000000000000000000000000000
0000000000000000000000000000000000000000000000000000000000000000 0000000000000000000000000000000000000000000000000000000000000000 0000000000000000000000000000000000000000000000000000000000000000 0000000000000000000000000000000000000000000000000000000000000000 0000000000000000000000000000000000000000000000000000000000000000
0000000000000000000000000000000000000000000000000000000000000000 0000000000000000000000000000000000000000000000000000000000000000 0000000000000000000000000000000000000000000000000000000000000000 0000000000000000000000000000000000000000000000000000000000000000 0000000000000000000000000000000000000000000000000000000000000000
0000000000000000000000000000000000000000000000000000000000000000 0000000000000000000000000000000000000000000000000000000000000000 0000000000000000000000000000000000000000000000000000000000000000 0000000000000000000000000000000000000000000000000000000000000000 0000000000000000000000000000000000000000000000000000000000000000
0000000000000000000000000000000000000000000000000000000000000000 0000000000000000000000000000000000000000000000000000000000000000 0000000000000000000000000000000000000000000000000000000000000000 0000000000000000000000000000000000000000000000000000000000000000 0000000000000000000000000000000000000000000000000000000000000000
0000000000000000000000000000000000000000000000000000000000000000 0000000000000000000000000000000000000000000000000000000000000000 0000000000000000000000000000000000000000000000000000000000000000 0000000000000000000000000000000000000000000000000000000000000000 0000000000000000000000000000000000000000000000000000000000000000
0000000000000000000000000000000000000000000000000000000000000000 0000000000000000000000000000000000000000000000000000000000000000 0000000000000000000000000000000000000000000000000000000000000000 0000000000000000000000000000000000000000000000000000000000000000 0000000000000000000000000000000000000000000000000000000000000000
0000000000000000000000000000000000000000000000000000000000000000 0000000000000000000000000000000000000000000000000000000000000000 0000000000000000000000000000000000000000000000000000000000000000 0000000000000000000000000000000000000000000000000000000000000000 0000000000000000000000000000000000000000000000000000000000000000
0000000000000000000000000000000000000000000000000000000000000000 0000000000000000000000000000000000000000000000000000000000000000 0000000000000000000000000000000000000000000000000000000000000000 0000000000000000000000000000000000000000000000000000000000000000 0000000000000000000000000000000000000000000000000000000000000000
0000000000000000000000000000000000000000000000000010110010100001 0000000000000000000000000000000000000000000000000010110011111100 0000000000000000000000000000000000000000000000000010010110100000 0000000000000000000000000000000000000000000000000010101011111101 0000000000000000000000000000000000000000000000000010110100100111
0000000000000000000000000000000000000000000000000001110100100000 0000000000000000000000000000000000000000000000000011000101001010 0000000000000000000000000000000000000000000000000010011001110000 0000000000000000000000000000000000000000000000000010010000110110 0000000000000000000000000000000000000000000000000010001010000011
0000000000000000000000000000000000000000000000000010111101101000 0000000000000000000000000000000000000000000000000010110001001010 0000000000000000000000000000000000000000000000000010110100110111 0000000000000000000000000000000000000000000000000010010000010011 0000000000000000000000000000000000000000000000000001101001100000
0000000000000000000000000000000000000000000000000010101100011110 0000000000000000000000000000000000000000000000000010101000110001 0000000000000000000000000000000000000000000000000011010001110110 0000000000000000000000000000000000000000000000000010101010011011 0000000000000000000000000000000000000000000000000010111011100110
0000000000000000000000000000000000000000000000000010011000100110 0000000000000000000000000000000000000000000000000010111011011101 0000000000000000000000000000000000000000000000000001110100010011 0000000000000000000000000000000000000000000000000011000011100001 0000000000000000000000000000000000000000000000000010100000110110
