0 0 0
0 0 0
0 0 0

116069 67004 83489
76069 86555 80481
69345 88503 68908

47227 58985 66933
83391 39852 81494
44557 42221 61953

133862 139693 141989
158433 152372 140490
143393 134536 120291

0 0 0
0 0 0
0 0 0

0 0 0
0 0 0
0 0 0

0 0 0
0 0 0
0 0 0

0 0 0
0 0 0
0 0 0

0 0 0
0 0 0
0 0 0

0 0 0
0 0 0
0 0 0

101916 56107 95226
56612 42879 64985
57673 70361 99518

167268 120049 154772
155331 133848 175214
144246 154813 138517

21859 38131 63194
34839 24575 38445
37093 48519 23785

0 12405 0
12139 11914 0
6365 0 0

33287 67020 35688
50080 68214 49217
46094 36823 48203

35252 0 4123
14866 0 0
0 144 9744

