9758 3728 6281 5743 9895 7364 2593 6465 2529 5221
3627 5198 6355 7979 5788 2850 5520 5412 8363 2977
8151 8507 7060 0 13423 0 7911 6750 4520 7081
5898 7502 7422 3262 2669 8087 2883 3117 3891 4706
9219 0 9919 5590 7656 5023 9384 7374 5903 6134
9805 0 8412 0 5045 6414 6846 7227 9279 5295
2678 6896 6188 7583 7410 4959 3339 0 13320 8230
13378 2694 7367 0 5183 0 9323 0 3825 5580
2973 3253 3849 5853 2488 10836 3435 9585 8355 6628
9919 10511 3566 9517 5725 0 10761 376 3912 4421

0 0 0 0 0 0 0 0 0 0
0 0 0 0 0 0 0 0 0 0
0 0 0 0 0 0 0 0 0 0
0 0 0 0 0 0 0 0 0 0
0 0 0 0 0 0 0 0 0 0
0 0 0 0 0 0 0 0 0 0
0 0 0 0 0 0 0 0 0 0
0 0 0 0 0 0 0 0 0 0
0 0 0 0 0 0 0 0 0 0
0 0 0 0 0 0 0 0 0 0

13551 1503 2874 14204 3645 9131 5492 2755 5813 6455
8594 11085 4069 5819 7725 10575 87 4386 7072 5707
3734 13544 6032 1103 7425 8226 8880 6970 4324 6672
1843 10587 6520 12415 2562 8387 8931 6999 2636 10209
5852 7019 10338 5902 3576 7984 2496 10175 11086 1888
7135 2208 18286 8681 5552 7547 3245 8497 6434 9583
1690 17859 7527 4389 4495 2155 10452 6245 5303 9351
3170 11218 8529 4464 3791 4795 4716 10486 4658 6458
7545 10516 10117 5200 8040 4772 6643 9039 3449 7303
6627 5847 7866 10587 8009 4241 10973 287 6878 9979

46849 42147 47178 47121 48029 46511 45872 49008 39575 46521
51998 46350 50128 44144 50461 51275 47105 46642 44564 46677
45344 52311 45216 47587 45056 49278 44032 48680 44507 44297
49624 50024 45217 49311 50690 47505 55428 47749 50725 49603
44421 39646 46304 47833 47810 45317 49709 43425 44348 47900
42251 54406 56545 46980 57377 49692 44146 46580 52936 47432
46619 44417 48907 44514 39240 43135 50583 45984 50486 48472
40925 48794 47303 52373 45981 49185 43190 45113 45561 42965
54092 52843 43618 47583 45555 46484 44642 47972 39620 48240
46056 42234 50234 47048 47416 44570 42471 47216 44193 48301

0 4614 6035 0 382 8254 0 1845 3243 0
29 3444 0 0 760 1153 3709 480 2204 375
0 0 0 4030 1311 1426 1506 1602 3546 3603
1809 0 6875 0 3974 0 0 0 0 0
568 0 0 1750 4347 7597 2458 4232 0 2728
0 0 0 0 2954 562 0 0 4549 557
2561 4625 0 8420 846 0 1740 0 0 1150
3628 0 0 1397 6872 1214 370 0 0 0
2836 0 2187 7601 3882 0 4210 1914 0 0
0 0 2526 559 0 326 2289 0 2516 1939

0 0 0 0 0 0 0 0 0 0
0 0 0 0 0 0 0 0 0 0
0 0 0 0 0 0 0 0 0 0
0 0 0 0 0 0 0 0 0 0
0 0 0 0 0 0 0 0 0 0
0 0 0 0 0 0 0 0 0 0
0 0 0 0 0 0 0 0 0 0
0 0 0 0 0 0 0 0 0 0
0 0 0 0 0 0 0 0 0 0
0 0 0 0 0 0 0 0 0 0

0 0 0 0 0 0 0 0 0 0
0 0 0 0 0 0 0 0 129 0
0 0 0 0 0 0 0 0 0 0
0 0 0 0 0 0 0 0 0 0
0 0 0 0 0 0 0 0 0 0
0 0 0 0 0 0 0 0 0 0
1271 0 0 0 0 0 0 0 0 0
0 0 0 0 0 0 0 0 0 0
0 0 0 0 0 0 0 0 0 0
0 0 0 0 0 0 0 0 0 0

25962 24375 23225 26152 20906 24746 25584 26206 28556 23552
22690 28282 24891 28364 26023 27466 19911 27105 26187 22514
20799 27144 26173 26991 26487 30101 28071 22919 20983 23298
23667 28010 26999 32009 24389 24090 26556 28784 25344 25033
25817 33001 26722 30239 20989 23416 22037 23517 27610 23742
26953 19620 24406 30084 19318 25486 26972 24134 21772 25719
24794 24305 21354 26314 31236 20501 22220 27100 24905 21546
25676 31186 18127 30032 17385 26809 19966 29369 27569 24754
25911 25568 26703 20679 20818 26734 17727 23194 24132 26236
21860 28334 26088 21957 18171 27539 26593 24695 26584 23329

0 0 0 0 0 0 0 0 0 0
0 0 0 0 0 0 0 0 0 0
0 0 0 0 0 0 0 0 0 0
0 0 0 0 0 0 0 0 0 0
0 0 0 0 0 0 0 0 0 0
0 0 0 0 0 0 0 0 0 0
0 0 0 0 0 0 0 0 0 0
0 0 0 0 0 0 0 0 0 0
0 0 0 0 0 0 0 0 0 0
0 0 0 0 0 0 0 0 0 0

0 0 0 0 0 0 0 0 0 0
0 0 0 0 0 0 0 0 0 0
36 0 0 0 1640 0 0 0 0 0
0 0 0 0 0 0 0 0 0 299
0 0 0 0 2544 0 0 0 0 0
0 0 0 0 0 0 0 0 0 0
0 0 0 0 0 0 0 0 0 0
0 0 0 0 0 0 1053 0 0 0
0 0 0 0 803 0 0 0 0 0
0 0 0 0 0 0 0 0 0 0

0 0 0 0 1589 0 0 0 0 0
0 0 0 648 0 0 0 0 0 0
0 3714 0 0 0 0 0 0 0 0
1325 1222 0 0 5672 0 0 0 0 0
0 261 0 0 0 0 0 0 0 0
0 0 891 0 0 0 0 0 0 0
0 0 0 0 0 0 0 0 0 0
0 0 0 0 0 0 0 0 0 0
0 0 0 0 0 0 0 0 0 0
0 0 0 0 0 0 0 0 0 0

3041 14133 12540 8943 14332 13082 13734 5356 14052 16814
5764 16556 10357 10963 17046 15228 11255 15133 13559 10230
13928 13564 11905 16755 18290 6739 17736 9011 9249 7110
15248 9725 7998 20485 12109 14572 14933 10643 12339 15191
13656 12275 6869 18864 6192 12450 7628 12652 7928 9246
6682 13190 12695 10784 13737 13351 9004 11054 12654 11063
11594 15546 2581 11592 5862 11945 11315 15129 10496 11062
6146 11596 9355 8633 13036 9591 6278 17727 6261 6631
14012 11027 12942 9286 9659 15319 7966 14454 11774 13339
8933 7470 8684 10512 9411 10020 16741 5292 9358 9250

0 0 3808 4372 0 0 5311 0 448 0
896 0 0 0 0 0 0 0 1346 0
0 0 2782 0 0 2511 0 0 4669 0
0 0 0 0 0 431 0 0 0 0
0 480 3074 0 6523 0 0 3054 0 62
1537 0 0 0 0 0 260 0 4588 0
146 0 0 0 1081 0 655 0 0 0
1989 0 0 0 1357 0 1959 0 1069 1756
1206 0 413 0 0 0 626 0 0 63
0 0 0 0 0 0 1954 0 0 0

0 0 0 0 0 0 0 0 0 0
0 0 0 0 0 0 0 0 0 0
0 0 0 0 0 0 0 0 0 0
0 0 0 0 0 0 0 0 0 0
0 0 0 0 0 0 0 0 0 0
0 0 0 0 0 0 0 0 0 0
0 0 0 0 0 0 0 0 0 0
0 0 0 0 0 0 0 0 0 0
0 0 0 0 0 0 0 0 0 0
0 0 0 0 0 0 0 0 0 0

0 0 0 0 0 0 0 0 0 0
0 0 0 0 0 0 0 0 0 0
0 0 0 0 0 0 0 0 0 0
0 0 0 0 0 0 0 0 0 0
0 0 0 0 0 0 0 0 0 0
0 0 0 0 0 0 0 0 0 0
0 0 0 0 0 0 0 0 0 0
0 0 0 0 0 0 0 0 0 0
0 0 0 0 0 0 0 0 0 0
0 0 0 0 0 0 0 0 0 0

11425 2784 0 11516 4559 3847 7171 1820 9908 11559
5847 3138 10477 3922 7661 9632 2248 11005 8051 10346
2767 7456 12618 3029 4414 5435 9270 6088 6568 4539
808 5396 1245 0 9840 3395 4860 7855 6458 8835
5938 0 9490 11338 0 3858 9235 1614 4455 2520
12136 2082 7122 9832 10737 11575 3439 6383 1473 6752
7523 11038 6989 2517 7974 5812 10907 7006 8574 12006
9399 4022 10801 8939 13430 7879 9875 5561 7822 7298
9766 9020 9874 3891 7443 3835 10451 12513 10294 5425
4479 7176 5308 11997 5180 2562 5538 7261 1758 1490

