0000000000000000000000000000000000000000000000000000000000000000 0000000000000000000000000000000000000000000000000000000000000000 0000000000000000000000000000000000000000000000000000000000000000
0000000000000000000000000000000000000000000000000000000000000000 0000000000000000000000000000000000000000000000000000000000000000 0000000000000000000000000000000000000000000000000000000000000000
0000000000000000000000000000000000000000000000000000000000000000 0000000000000000000000000000000000000000000000000000000000000000 0000000000000000000000000000000000000000000000000000000000000000
0000000000000000000000000000000000000000000000011100010101100101 0000000000000000000000000000000000000000000000010101001000011011 0000000000000000000000000000000000000000000000010100011000100001
0000000000000000000000000000000000000000000000010101100110110111 0000000000000000000000000000000000000000000000010101100110110111 0000000000000000000000000000000000000000000000010011101001100001
0000000000000000000000000000000000000000000000010101100110110111 0000000000000000000000000000000000000000000000010101100110110111 0000000000000000000000000000000000000000000000010000110100101100
0000000000000000000000000000000000000000000000010100010110111111 0000000000000000000000000000000000000000000000010011111001010110 0000000000000000000000000000000000000000000000010011111001010110
0000000000000000000000000000000000000000000000010100010110111111 0000000000000000000000000000000000000000000000010011111001010110 0000000000000000000000000000000000000000000000010011111001010110
0000000000000000000000000000000000000000000000001010111000001101 0000000000000000000000000000000000000000000000001111001000000001 0000000000000000000000000000000000000000000000001111001000000001
0000000000000000000000000000000000000000000000100110101011100001 0000000000000000000000000000000000000000000000100101001100110100 0000000000000000000000000000000000000000000000100010101010100101
0000000000000000000000000000000000000000000000100110101011100001 0000000000000000000000000000000000000000000000100101001100110100 0000000000000000000000000000000000000000000000100010010011001010
0000000000000000000000000000000000000000000000100011000000100001 0000000000000000000000000000000000000000000000100000110110001000 0000000000000000000000000000000000000000000000011101010111100011
0000000000000000000000000000000000000000000000000000000000000000 0000000000000000000000000000000000000000000000000000000000000000 0000000000000000000000000000000000000000000000000000000000000000
0000000000000000000000000000000000000000000000000000000000000000 0000000000000000000000000000000000000000000000000000000000000000 0000000000000000000000000000000000000000000000000000000000000000
0000000000000000000000000000000000000000000000000000000000000000 0000000000000000000000000000000000000000000000000000000000000000 0000000000000000000000000000000000000000000000000000000000000000
0000000000000000000000000000000000000000000000000000000000000000 0000000000000000000000000000000000000000000000000000000000000000 0000000000000000000000000000000000000000000000000000000000000000
0000000000000000000000000000000000000000000000000000000000000000 0000000000000000000000000000000000000000000000000000000000000000 0000000000000000000000000000000000000000000000000000000000000000
0000000000000000000000000000000000000000000000000000000000000000 0000000000000000000000000000000000000000000000000000000000000000 0000000000000000000000000000000000000000000000000000000000000000
0000000000000000000000000000000000000000000000000000000000000000 0000000000000000000000000000000000000000000000000000000000000000 0000000000000000000000000000000000000000000000000000000000000000
0000000000000000000000000000000000000000000000000000000000000000 0000000000000000000000000000000000000000000000000000000000000000 0000000000000000000000000000000000000000000000000000000000000000
0000000000000000000000000000000000000000000000000000000000000000 0000000000000000000000000000000000000000000000000000000000000000 0000000000000000000000000000000000000000000000000000000000000000
0000000000000000000000000000000000000000000000000000000000000000 0000000000000000000000000000000000000000000000000000000000000000 0000000000000000000000000000000000000000000000000000000000000000
0000000000000000000000000000000000000000000000000000000000000000 0000000000000000000000000000000000000000000000000000000000000000 0000000000000000000000000000000000000000000000000000000000000000
0000000000000000000000000000000000000000000000000000000000000000 0000000000000000000000000000000000000000000000000000000000000000 0000000000000000000000000000000000000000000000000000000000000000
0000000000000000000000000000000000000000000000000000000000000000 0000000000000000000000000000000000000000000000000000000000000000 0000000000000000000000000000000000000000000000000000000000000000
0000000000000000000000000000000000000000000000000000000000000000 0000000000000000000000000000000000000000000000000000000000000000 0000000000000000000000000000000000000000000000000000000000000000
0000000000000000000000000000000000000000000000000000000000000000 0000000000000000000000000000000000000000000000000000000000000000 0000000000000000000000000000000000000000000000000000000000000000
0000000000000000000000000000000000000000000000000000000000000000 0000000000000000000000000000000000000000000000000000000000000000 0000000000000000000000000000000000000000000000000000000000000000
0000000000000000000000000000000000000000000000000000000000000000 0000000000000000000000000000000000000000000000000000000000000000 0000000000000000000000000000000000000000000000000000000000000000
0000000000000000000000000000000000000000000000000000000000000000 0000000000000000000000000000000000000000000000000000000000000000 0000000000000000000000000000000000000000000000000000000000000000
0000000000000000000000000000000000000000000000011000111000011100 0000000000000000000000000000000000000000000000010111001111111010 0000000000000000000000000000000000000000000000010111001111111010
0000000000000000000000000000000000000000000000010001001011011001 0000000000000000000000000000000000000000000000011000010010111110 0000000000000000000000000000000000000000000000011000010010111110
0000000000000000000000000000000000000000000000010001001011011001 0000000000000000000000000000000000000000000000011000010010111110 0000000000000000000000000000000000000000000000011000010010111110
0000000000000000000000000000000000000000000000101000110101100100 0000000000000000000000000000000000000000000000101010110001101110 0000000000000000000000000000000000000000000000101010110001101110
0000000000000000000000000000000000000000000000100101111011000011 0000000000000000000000000000000000000000000000101010110001101110 0000000000000000000000000000000000000000000000101010110001101110
0000000000000000000000000000000000000000000000100101110010111101 0000000000000000000000000000000000000000000000100101110010111101 0000000000000000000000000000000000000000000000100001110100010101
0000000000000000000000000000000000000000000000001001010011110011 0000000000000000000000000000000000000000000000001111011011011010 0000000000000000000000000000000000000000000000001111011011011010
0000000000000000000000000000000000000000000000001011110110000111 0000000000000000000000000000000000000000000000001011110110000111 0000000000000000000000000000000000000000000000001001011000101101
0000000000000000000000000000000000000000000000001011110110000111 0000000000000000000000000000000000000000000000001011110110000111 0000000000000000000000000000000000000000000000000101110011101001
0000000000000000000000000000000000000000000000000011000001110101 0000000000000000000000000000000000000000000000000011000001110101 0000000000000000000000000000000000000000000000000000000000000000
0000000000000000000000000000000000000000000000000010111101101011 0000000000000000000000000000000000000000000000000010111010001010 0000000000000000000000000000000000000000000000000000000000000000
0000000000000000000000000000000000000000000000000001100011011101 0000000000000000000000000000000000000000000000000000000000000000 0000000000000000000000000000000000000000000000000000000000000000
0000000000000000000000000000000000000000000000010000101001110110 0000000000000000000000000000000000000000000000010000101001110110 0000000000000000000000000000000000000000000000001100000001000001
0000000000000000000000000000000000000000000000010000101001110110 0000000000000000000000000000000000000000000000010000101001110110 0000000000000000000000000000000000000000000000001100000001000001
0000000000000000000000000000000000000000000000001011010000001110 0000000000000000000000000000000000000000000000001011110001001011 0000000000000000000000000000000000000000000000001011110001001011
0000000000000000000000000000000000000000000000001000100110110100 0000000000000000000000000000000000000000000000000001000000011011 0000000000000000000000000000000000000000000000000001000000011011
0000000000000000000000000000000000000000000000000011101000010010 0000000000000000000000000000000000000000000000000010011000010000 0000000000000000000000000000000000000000000000000010011000010000
0000000000000000000000000000000000000000000000000000000010010000 0000000000000000000000000000000000000000000000000010011000010000 0000000000000000000000000000000000000000000000000010011000010000
