0000000000000000000000000000000000000000000000000000000000000000 0000000000000000000000000000000000000000000000000000000000000000 0000000000000000000000000000000000000000000000000000000000000000
0000000000000000000000000000000000000000000000000000000000000000 0000000000000000000000000000000000000000000000000000000000000000 0000000000000000000000000000000000000000000000000000000000000000
0000000000000000000000000000000000000000000000000000000000000000 0000000000000000000000000000000000000000000000000000000000000000 0000000000000000000000000000000000000000000000000000000000000000
0000000000000000000000000000000000000000000000000011101110010000 0000000000000000000000000000000000000000000000000010110111100100 0000000000000000000000000000000000000000000000000011000101111010
0000000000000000000000000000000000000000000000000011011001000111 0000000000000000000000000000000000000000000000000010101001010101 0000000000000000000000000000000000000000000000000011001111101000
0000000000000000000000000000000000000000000000000100010100110110 0000000000000000000000000000000000000000000000000001101111010001 0000000000000000000000000000000000000000000000000010110011011010
0000000000000000000000000000000000000000000000000000000000000000 0000000000000000000000000000000000000000000000000000000000000000 0000000000000000000000000000000000000000000000000000000000000000
0000000000000000000000000000000000000000000000000000000000000000 0000000000000000000000000000000000000000000000000000000000000000 0000000000000000000000000000000000000000000000000000000000000000
0000000000000000000000000000000000000000000000000000000000000000 0000000000000000000000000000000000000000000000000000000000000000 0000000000000000000000000000000000000000000000000000000000000000
0000000000000000000000000000000000000000000000000000000000000000 0000000000000000000000000000000000000000000000000000000000000000 0000000000000000000000000000000000000000000000000000000000000000
0000000000000000000000000000000000000000000000000000000000000000 0000000000000000000000000000000000000000000000000000000000000000 0000000000000000000000000000000000000000000000000000000000000000
0000000000000000000000000000000000000000000000000000000000000000 0000000000000000000000000000000000000000000000000000000000000000 0000000000000000000000000000000000000000000000000000000000000000
0000000000000000000000000000000000000000000000000000000000000000 0000000000000000000000000000000000000000000000000000000000000000 0000000000000000000000000000000000000000000000000000000000000000
0000000000000000000000000000000000000000000000000000000000000000 0000000000000000000000000000000000000000000000000000000000000000 0000000000000000000000000000000000000000000000000000000000000000
0000000000000000000000000000000000000000000000000000000000000000 0000000000000000000000000000000000000000000000000000000000000000 0000000000000000000000000000000000000000000000000000000000000000
0000000000000000000000000000000000000000000000000100110010010100 0000000000000000000000000000000000000000000000000101111011111000 0000000000000000000000000000000000000000000000000101111110100001
0000000000000000000000000000000000000000000000000111011110110001 0000000000000000000000000000000000000000000000000110100110101110 0000000000000000000000000000000000000000000000000110001111011011
0000000000000000000000000000000000000000000000000111000100000111 0000000000000000000000000000000000000000000000000110101010111000 0000000000000000000000000000000000000000000000000101110000110101
0000000000000000000000000000000000000000000000001011000101000010 0000000000000000000000000000000000000000000000001010111001001001 0000000000000000000000000000000000000000000000001001110100010100
0000000000000000000000000000000000000000000000001010011110100011 0000000000000000000000000000000000000000000000001010001011000100 0000000000000000000000000000000000000000000000001001100111000001
0000000000000000000000000000000000000000000000001010111101110110 0000000000000000000000000000000000000000000000001001101001101001 0000000000000000000000000000000000000000000000001010000011111110
0000000000000000000000000000000000000000000000001001100010100000 0000000000000000000000000000000000000000000000001010000111000001 0000000000000000000000000000000000000000000000001001000000001111
0000000000000000000000000000000000000000000000001000101011111011 0000000000000000000000000000000000000000000000001000111011101001 0000000000000000000000000000000000000000000000001000111100100001
0000000000000000000000000000000000000000000000001001100100101111 0000000000000000000000000000000000000000000000001000010111000110 0000000000000000000000000000000000000000000000001000011100110010
0000000000000000000000000000000000000000000000000000000000000000 0000000000000000000000000000000000000000000000000000000000000000 0000000000000000000000000000000000000000000000000000000000000000
0000000000000000000000000000000000000000000000000000000000000000 0000000000000000000000000000000000000000000000000000000000000000 0000000000000000000000000000000000000000000000000000000000000000
0000000000000000000000000000000000000000000000000000000000000000 0000000000000000000000000000000000000000000000000000000000000000 0000000000000000000000000000000000000000000000000000000000000000
0000000000000000000000000000000000000000000000000000000000000000 0000000000000000000000000000000000000000000000000000000000000000 0000000000000000000000000000000000000000000000000000000100111000
0000000000000000000000000000000000000000000000000000101000101110 0000000000000000000000000000000000000000000000000000000011101000 0000000000000000000000000000000000000000000000000000000000000000
0000000000000000000000000000000000000000000000000000000000000000 0000000000000000000000000000000000000000000000000000011000000011 0000000000000000000000000000000000000000000000000000000000000000
0000000000000000000000000000000000000000000000000000000000000000 0000000000000000000000000000000000000000000000000000000000000000 0000000000000000000000000000000000000000000000000000000000000000
0000000000000000000000000000000000000000000000000000000000000000 0000000000000000000000000000000000000000000000000000000000000000 0000000000000000000000000000000000000000000000000000000000000000
0000000000000000000000000000000000000000000000000000000000000000 0000000000000000000000000000000000000000000000000000000000000000 0000000000000000000000000000000000000000000000000000000000000000
0000000000000000000000000000000000000000000000000000000000000000 0000000000000000000000000000000000000000000000000000000000000000 0000000000000000000000000000000000000000000000000000000000000000
0000000000000000000000000000000000000000000000000000000000000000 0000000000000000000000000000000000000000000000000000000000000000 0000000000000000000000000000000000000000000000000000000000000000
0000000000000000000000000000000000000000000000000000000000000000 0000000000000000000000000000000000000000000000000000000000000000 0000000000000000000000000000000000000000000000000000000000000000
0000000000000000000000000000000000000000000000000101000110001100 0000000000000000000000000000000000000000000000000101100110011100 0000000000000000000000000000000000000000000000000100100101001111
0000000000000000000000000000000000000000000000000101101101000001 0000000000000000000000000000000000000000000000000101100100001111 0000000000000000000000000000000000000000000000000110001101011010
0000000000000000000000000000000000000000000000000101100001011110 0000000000000000000000000000000000000000000000000101001011000100 0000000000000000000000000000000000000000000000000101001111000000
0000000000000000000000000000000000000000000000000001010010101000 0000000000000000000000000000000000000000000000000000111000100101 0000000000000000000000000000000000000000000000000001000100011000
0000000000000000000000000000000000000000000000000000110011100011 0000000000000000000000000000000000000000000000000001111001011110 0000000000000000000000000000000000000000000000000000100110010100
0000000000000000000000000000000000000000000000000000100111100101 0000000000000000000000000000000000000000000000000001010011100011 0000000000000000000000000000000000000000000000000000011000011110
0000000000000000000000000000000000000000000000000000000000000000 0000000000000000000000000000000000000000000000000000000000000000 0000000000000000000000000000000000000000000000000000000000000000
0000000000000000000000000000000000000000000000000000000000000000 0000000000000000000000000000000000000000000000000000000000000000 0000000000000000000000000000000000000000000000000000000000000000
0000000000000000000000000000000000000000000000000000000000000000 0000000000000000000000000000000000000000000000000000000000000000 0000000000000000000000000000000000000000000000000000000000000000
0000000000000000000000000000000000000000000000001001100100111000 0000000000000000000000000000000000000000000000001001010010111111 0000000000000000000000000000000000000000000000001000101100111110
0000000000000000000000000000000000000000000000001001010010011011 0000000000000000000000000000000000000000000000001000011001011100 0000000000000000000000000000000000000000000000001001000001110100
0000000000000000000000000000000000000000000000001001101001101010 0000000000000000000000000000000000000000000000001001001101111101 0000000000000000000000000000000000000000000000001000101001000100
