0000000000000000000000000000000000000000000000000001000000111000 0000000000000000000000000000000000000000000000000001000001110101 0000000000000000000000000000000000000000000000000001000011000010 0000000000000000000000000000000000000000000000000001000001110110 0000000000000000000000000000000000000000000000000001001000111011
0000000000000000000000000000000000000000000000000001001010110001 0000000000000000000000000000000000000000000000000001000101110010 0000000000000000000000000000000000000000000000000001000011010001 0000000000000000000000000000000000000000000000000001010001110111 0000000000000000000000000000000000000000000000000000111001111010
0000000000000000000000000000000000000000000000000001000010010111 0000000000000000000000000000000000000000000000000000111111010111 0000000000000000000000000000000000000000000000000001000100101111 0000000000000000000000000000000000000000000000000000111001000111 0000000000000000000000000000000000000000000000000001000011000000
0000000000000000000000000000000000000000000000000001001100101110 0000000000000000000000000000000000000000000000000001001000011101 0000000000000000000000000000000000000000000000000000111111000110 0000000000000000000000000000000000000000000000000001000011001011 0000000000000000000000000000000000000000000000000000111111000101
0000000000000000000000000000000000000000000000000000111010000110 0000000000000000000000000000000000000000000000000001000011101111 0000000000000000000000000000000000000000000000000001000101100011 0000000000000000000000000000000000000000000000000001000011010111 0000000000000000000000000000000000000000000000000001001110100100
0000000000000000000000000000000000000000000000000000000000000000 0000000000000000000000000000000000000000000000000000000000000000 0000000000000000000000000000000000000000000000000000000000000000 0000000000000000000000000000000000000000000000000000000000000000 0000000000000000000000000000000000000000000000000000000000000000
0000000000000000000000000000000000000000000000000000000000000000 0000000000000000000000000000000000000000000000000000000000000000 0000000000000000000000000000000000000000000000000000000000000000 0000000000000000000000000000000000000000000000000000000000000000 0000000000000000000000000000000000000000000000000000000000000000
0000000000000000000000000000000000000000000000000000000000000000 0000000000000000000000000000000000000000000000000000000000000000 0000000000000000000000000000000000000000000000000000000000000000 0000000000000000000000000000000000000000000000000000000000000000 0000000000000000000000000000000000000000000000000000000000000000
0000000000000000000000000000000000000000000000000000000000000000 0000000000000000000000000000000000000000000000000000000000000000 0000000000000000000000000000000000000000000000000000000000000000 0000000000000000000000000000000000000000000000000000000000000000 0000000000000000000000000000000000000000000000000000000000000000
0000000000000000000000000000000000000000000000000000000000000000 0000000000000000000000000000000000000000000000000000000000000000 0000000000000000000000000000000000000000000000000000000000000000 0000000000000000000000000000000000000000000000000000000000000000 0000000000000000000000000000000000000000000000000000000000000000
0000000000000000000000000000000000000000000000000000000000000000 0000000000000000000000000000000000000000000000000000000000000000 0000000000000000000000000000000000000000000000000000000000000000 0000000000000000000000000000000000000000000000000000000000000000 0000000000000000000000000000000000000000000000000000000000000000
0000000000000000000000000000000000000000000000000000000000000000 0000000000000000000000000000000000000000000000000000000000000000 0000000000000000000000000000000000000000000000000000000000000000 0000000000000000000000000000000000000000000000000000000000000000 0000000000000000000000000000000000000000000000000000000000000000
0000000000000000000000000000000000000000000000000000000000000000 0000000000000000000000000000000000000000000000000000000000000000 0000000000000000000000000000000000000000000000000000000000000000 0000000000000000000000000000000000000000000000000000000000000000 0000000000000000000000000000000000000000000000000000000000000000
0000000000000000000000000000000000000000000000000000000000000000 0000000000000000000000000000000000000000000000000000000000000000 0000000000000000000000000000000000000000000000000000000000000000 0000000000000000000000000000000000000000000000000000000000000000 0000000000000000000000000000000000000000000000000000000000000000
0000000000000000000000000000000000000000000000000000000000000000 0000000000000000000000000000000000000000000000000000000000000000 0000000000000000000000000000000000000000000000000000000000000000 0000000000000000000000000000000000000000000000000000000000000000 0000000000000000000000000000000000000000000000000000000000000000
0000000000000000000000000000000000000000000000000000000000000000 0000000000000000000000000000000000000000000000000000000000000000 0000000000000000000000000000000000000000000000000000000000000000 0000000000000000000000000000000000000000000000000000000000000000 0000000000000000000000000000000000000000000000000000000000000000
0000000000000000000000000000000000000000000000000000000000000000 0000000000000000000000000000000000000000000000000000000000000000 0000000000000000000000000000000000000000000000000000000000000000 0000000000000000000000000000000000000000000000000000000000000000 0000000000000000000000000000000000000000000000000000000000000000
0000000000000000000000000000000000000000000000000000000000000000 0000000000000000000000000000000000000000000000000000000000000000 0000000000000000000000000000000000000000000000000000000000000000 0000000000000000000000000000000000000000000000000000000000000000 0000000000000000000000000000000000000000000000000000000000000000
0000000000000000000000000000000000000000000000000000000000000000 0000000000000000000000000000000000000000000000000000000000000000 0000000000000000000000000000000000000000000000000000000000000000 0000000000000000000000000000000000000000000000000000000000000000 0000000000000000000000000000000000000000000000000000000000000000
0000000000000000000000000000000000000000000000000000000000000000 0000000000000000000000000000000000000000000000000000000000000000 0000000000000000000000000000000000000000000000000000000000000000 0000000000000000000000000000000000000000000000000000000000000000 0000000000000000000000000000000000000000000000000000000000000000
0000000000000000000000000000000000000000000000000001000111110010 0000000000000000000000000000000000000000000000000001000100110011 0000000000000000000000000000000000000000000000000001000000010100 0000000000000000000000000000000000000000000000000000111000101000 0000000000000000000000000000000000000000000000000000111010000011
0000000000000000000000000000000000000000000000000000111100111110 0000000000000000000000000000000000000000000000000001000001010001 0000000000000000000000000000000000000000000000000000111011111011 0000000000000000000000000000000000000000000000000001000000011101 0000000000000000000000000000000000000000000000000001000100100011
0000000000000000000000000000000000000000000000000000111001111000 0000000000000000000000000000000000000000000000000000110110110100 0000000000000000000000000000000000000000000000000000111011111111 0000000000000000000000000000000000000000000000000001001001010100 0000000000000000000000000000000000000000000000000000111101010000
0000000000000000000000000000000000000000000000000000111111011001 0000000000000000000000000000000000000000000000000001001111000101 0000000000000000000000000000000000000000000000000001000011011101 0000000000000000000000000000000000000000000000000000111101000010 0000000000000000000000000000000000000000000000000001000000110001
0000000000000000000000000000000000000000000000000001000011000011 0000000000000000000000000000000000000000000000000001001000111010 0000000000000000000000000000000000000000000000000001000011101011 0000000000000000000000000000000000000000000000000000111100111101 0000000000000000000000000000000000000000000000000001000001000010
0000000000000000000000000000000000000000000000000000111001011110 0000000000000000000000000000000000000000000000000000110010000101 0000000000000000000000000000000000000000000000000000100101011001 0000000000000000000000000000000000000000000000000000101000100101 0000000000000000000000000000000000000000000000000000101101000011
0000000000000000000000000000000000000000000000000000110100011100 0000000000000000000000000000000000000000000000000000111000000000 0000000000000000000000000000000000000000000000000000110101001000 0000000000000000000000000000000000000000000000000000101111111011 0000000000000000000000000000000000000000000000000000110101001101
0000000000000000000000000000000000000000000000000000101110101110 0000000000000000000000000000000000000000000000000000101101111101 0000000000000000000000000000000000000000000000000000110101101101 0000000000000000000000000000000000000000000000000000110111011001 0000000000000000000000000000000000000000000000000000101111100101
0000000000000000000000000000000000000000000000000000110111001101 0000000000000000000000000000000000000000000000000000110011010110 0000000000000000000000000000000000000000000000000000101010110111 0000000000000000000000000000000000000000000000000000110001011110 0000000000000000000000000000000000000000000000000000110001001110
0000000000000000000000000000000000000000000000000000111001011011 0000000000000000000000000000000000000000000000000000110100010010 0000000000000000000000000000000000000000000000000000101101100001 0000000000000000000000000000000000000000000000000000111011100111 0000000000000000000000000000000000000000000000000000101111101101
0000000000000000000000000000000000000000000000000001100000010001 0000000000000000000000000000000000000000000000000001100111000110 0000000000000000000000000000000000000000000000000001100100011100 0000000000000000000000000000000000000000000000000001100010101000 0000000000000000000000000000000000000000000000000001011110010011
0000000000000000000000000000000000000000000000000001100011001001 0000000000000000000000000000000000000000000000000001100000011111 0000000000000000000000000000000000000000000000000001101000100100 0000000000000000000000000000000000000000000000000001100100110010 0000000000000000000000000000000000000000000000000001100000100101
0000000000000000000000000000000000000000000000000001100111010011 0000000000000000000000000000000000000000000000000001100000111101 0000000000000000000000000000000000000000000000000001100100101010 0000000000000000000000000000000000000000000000000001100100110001 0000000000000000000000000000000000000000000000000001100100010011
0000000000000000000000000000000000000000000000000001101100100000 0000000000000000000000000000000000000000000000000001100101100100 0000000000000000000000000000000000000000000000000001100100011111 0000000000000000000000000000000000000000000000000001100011001110 0000000000000000000000000000000000000000000000000001110000010010
0000000000000000000000000000000000000000000000000001100110000001 0000000000000000000000000000000000000000000000000001100111011001 0000000000000000000000000000000000000000000000000001011100010000 0000000000000000000000000000000000000000000000000001100000100111 0000000000000000000000000000000000000000000000000001100000100111
0000000000000000000000000000000000000000000000000000010110011110 0000000000000000000000000000000000000000000000000000000110100011 0000000000000000000000000000000000000000000000000000001011000101 0000000000000000000000000000000000000000000000000000001100110100 0000000000000000000000000000000000000000000000000000001011100001
0000000000000000000000000000000000000000000000000000010111101000 0000000000000000000000000000000000000000000000000000010010001100 0000000000000000000000000000000000000000000000000000000111100100 0000000000000000000000000000000000000000000000000000010001001101 0000000000000000000000000000000000000000000000000000001111111110
0000000000000000000000000000000000000000000000000000010000100100 0000000000000000000000000000000000000000000000000000010110111010 0000000000000000000000000000000000000000000000000000010010101101 0000000000000000000000000000000000000000000000000000001111000010 0000000000000000000000000000000000000000000000000000001100010101
0000000000000000000000000000000000000000000000000000011000100011 0000000000000000000000000000000000000000000000000000000111001111 0000000000000000000000000000000000000000000000000000010000101000 0000000000000000000000000000000000000000000000000000001101000010 0000000000000000000000000000000000000000000000000000001100101011
0000000000000000000000000000000000000000000000000000010010111110 0000000000000000000000000000000000000000000000000000010000100100 0000000000000000000000000000000000000000000000000000011000011100 0000000000000000000000000000000000000000000000000000001110101100 0000000000000000000000000000000000000000000000000000010011001011
0000000000000000000000000000000000000000000000000000000000000000 0000000000000000000000000000000000000000000000000000000000000000 0000000000000000000000000000000000000000000000000000000000000000 0000000000000000000000000000000000000000000000000000000000000000 0000000000000000000000000000000000000000000000000000000000000000
0000000000000000000000000000000000000000000000000000000000000000 0000000000000000000000000000000000000000000000000000000000000000 0000000000000000000000000000000000000000000000000000000000000000 0000000000000000000000000000000000000000000000000000000000000000 0000000000000000000000000000000000000000000000000000000000000000
0000000000000000000000000000000000000000000000000000000000000000 0000000000000000000000000000000000000000000000000000000000000000 0000000000000000000000000000000000000000000000000000000000000000 0000000000000000000000000000000000000000000000000000000000000000 0000000000000000000000000000000000000000000000000000000000000000
0000000000000000000000000000000000000000000000000000000000000000 0000000000000000000000000000000000000000000000000000000000000000 0000000000000000000000000000000000000000000000000000000000000000 0000000000000000000000000000000000000000000000000000000000000000 0000000000000000000000000000000000000000000000000000000000000000
0000000000000000000000000000000000000000000000000000000000000000 0000000000000000000000000000000000000000000000000000000000000000 0000000000000000000000000000000000000000000000000000000000000000 0000000000000000000000000000000000000000000000000000000000000000 0000000000000000000000000000000000000000000000000000000000000000
0000000000000000000000000000000000000000000000000001011110010011 0000000000000000000000000000000000000000000000000001011101000001 0000000000000000000000000000000000000000000000000001010011011010 0000000000000000000000000000000000000000000000000001010010111101 0000000000000000000000000000000000000000000000000001011111010100
0000000000000000000000000000000000000000000000000001010010000011 0000000000000000000000000000000000000000000000000001010100011111 0000000000000000000000000000000000000000000000000001011000000100 0000000000000000000000000000000000000000000000000001100100101110 0000000000000000000000000000000000000000000000000001011011001010
0000000000000000000000000000000000000000000000000001100010110101 0000000000000000000000000000000000000000000000000001011010100010 0000000000000000000000000000000000000000000000000001011011010001 0000000000000000000000000000000000000000000000000001010111111011 0000000000000000000000000000000000000000000000000001010111100110
0000000000000000000000000000000000000000000000000001011101101010 0000000000000000000000000000000000000000000000000001011100000011 0000000000000000000000000000000000000000000000000001011010011100 0000000000000000000000000000000000000000000000000001010111110010 0000000000000000000000000000000000000000000000000001010001001111
0000000000000000000000000000000000000000000000000001011101110011 0000000000000000000000000000000000000000000000000001011001001111 0000000000000000000000000000000000000000000000000001010001101010 0000000000000000000000000000000000000000000000000001001101011001 0000000000000000000000000000000000000000000000000001011010100010
0000000000000000000000000000000000000000000000000000000000000000 0000000000000000000000000000000000000000000000000000000000000000 0000000000000000000000000000000000000000000000000000000000000000 0000000000000000000000000000000000000000000000000000000000000000 0000000000000000000000000000000000000000000000000000000000000000
0000000000000000000000000000000000000000000000000000000000000000 0000000000000000000000000000000000000000000000000000000000000000 0000000000000000000000000000000000000000000000000000000000000000 0000000000000000000000000000000000000000000000000000000000000000 0000000000000000000000000000000000000000000000000000000000000000
0000000000000000000000000000000000000000000000000000000000000000 0000000000000000000000000000000000000000000000000000000000000000 0000000000000000000000000000000000000000000000000000000000000000 0000000000000000000000000000000000000000000000000000000000000000 0000000000000000000000000000000000000000000000000000000000000000
0000000000000000000000000000000000000000000000000000000000000000 0000000000000000000000000000000000000000000000000000000000000000 0000000000000000000000000000000000000000000000000000000000000000 0000000000000000000000000000000000000000000000000000000000000000 0000000000000000000000000000000000000000000000000000000000000000
0000000000000000000000000000000000000000000000000000000000000000 0000000000000000000000000000000000000000000000000000000000000000 0000000000000000000000000000000000000000000000000000000000000000 0000000000000000000000000000000000000000000000000000000000000000 0000000000000000000000000000000000000000000000000000000000000000
0000000000000000000000000000000000000000000000000000101001010001 0000000000000000000000000000000000000000000000000000110000110010 0000000000000000000000000000000000000000000000000000101100100001 0000000000000000000000000000000000000000000000000000100111111001 0000000000000000000000000000000000000000000000000000101110001100
0000000000000000000000000000000000000000000000000000110100011011 0000000000000000000000000000000000000000000000000000101101011110 0000000000000000000000000000000000000000000000000000100110101110 0000000000000000000000000000000000000000000000000000101111011001 0000000000000000000000000000000000000000000000000000101001100000
0000000000000000000000000000000000000000000000000000110110100000 0000000000000000000000000000000000000000000000000000110001000010 0000000000000000000000000000000000000000000000000000111001000001 0000000000000000000000000000000000000000000000000000101101101110 0000000000000000000000000000000000000000000000000000111010101110
0000000000000000000000000000000000000000000000000000101110010111 0000000000000000000000000000000000000000000000000000110110110011 0000000000000000000000000000000000000000000000000000101000010110 0000000000000000000000000000000000000000000000000000101101101010 0000000000000000000000000000000000000000000000000000101110011101
0000000000000000000000000000000000000000000000000000101111000001 0000000000000000000000000000000000000000000000000000110000011000 0000000000000000000000000000000000000000000000000000101000000001 0000000000000000000000000000000000000000000000000000100110111011 0000000000000000000000000000000000000000000000000000101111100101
0000000000000000000000000000000000000000000000000000000000000000 0000000000000000000000000000000000000000000000000000000000000000 0000000000000000000000000000000000000000000000000000000000000000 0000000000000000000000000000000000000000000000000000000000000000 0000000000000000000000000000000000000000000000000000000000000000
0000000000000000000000000000000000000000000000000000000000000000 0000000000000000000000000000000000000000000000000000000000000000 0000000000000000000000000000000000000000000000000000000000000000 0000000000000000000000000000000000000000000000000000000000000000 0000000000000000000000000000000000000000000000000000000000000000
0000000000000000000000000000000000000000000000000000000000000000 0000000000000000000000000000000000000000000000000000000000000000 0000000000000000000000000000000000000000000000000000000000000000 0000000000000000000000000000000000000000000000000000000000000000 0000000000000000000000000000000000000000000000000000000000000000
0000000000000000000000000000000000000000000000000000000000000000 0000000000000000000000000000000000000000000000000000000000000000 0000000000000000000000000000000000000000000000000000000000000000 0000000000000000000000000000000000000000000000000000000000000000 0000000000000000000000000000000000000000000000000000000000000000
0000000000000000000000000000000000000000000000000000000000000000 0000000000000000000000000000000000000000000000000000000000000000 0000000000000000000000000000000000000000000000000000000000000000 0000000000000000000000000000000000000000000000000000000000000000 0000000000000000000000000000000000000000000000000000000000000000
0000000000000000000000000000000000000000000000000000000000000000 0000000000000000000000000000000000000000000000000000000000000000 0000000000000000000000000000000000000000000000000000000000000000 0000000000000000000000000000000000000000000000000000000000000000 0000000000000000000000000000000000000000000000000000000000000000
0000000000000000000000000000000000000000000000000000000000000000 0000000000000000000000000000000000000000000000000000000000000000 0000000000000000000000000000000000000000000000000000000000000000 0000000000000000000000000000000000000000000000000000000000000000 0000000000000000000000000000000000000000000000000000000000000000
0000000000000000000000000000000000000000000000000000000000000000 0000000000000000000000000000000000000000000000000000000000000000 0000000000000000000000000000000000000000000000000000000000000000 0000000000000000000000000000000000000000000000000000000000000000 0000000000000000000000000000000000000000000000000000000000000000
0000000000000000000000000000000000000000000000000000000000000000 0000000000000000000000000000000000000000000000000000000000000000 0000000000000000000000000000000000000000000000000000000000000000 0000000000000000000000000000000000000000000000000000000000000000 0000000000000000000000000000000000000000000000000000000000000000
0000000000000000000000000000000000000000000000000000000000000000 0000000000000000000000000000000000000000000000000000000000000000 0000000000000000000000000000000000000000000000000000000000000000 0000000000000000000000000000000000000000000000000000000000000000 0000000000000000000000000000000000000000000000000000000000000000
0000000000000000000000000000000000000000000000000000000000000000 0000000000000000000000000000000000000000000000000000000000000000 0000000000000000000000000000000000000000000000000000000000000000 0000000000000000000000000000000000000000000000000000000000000000 0000000000000000000000000000000000000000000000000000000000000000
0000000000000000000000000000000000000000000000000000000000000000 0000000000000000000000000000000000000000000000000000000000000000 0000000000000000000000000000000000000000000000000000000000000000 0000000000000000000000000000000000000000000000000000000000000000 0000000000000000000000000000000000000000000000000000000000000000
0000000000000000000000000000000000000000000000000000000000000000 0000000000000000000000000000000000000000000000000000000000000000 0000000000000000000000000000000000000000000000000000000000000000 0000000000000000000000000000000000000000000000000000000000000000 0000000000000000000000000000000000000000000000000000000000000000
0000000000000000000000000000000000000000000000000000000000000000 0000000000000000000000000000000000000000000000000000000000000000 0000000000000000000000000000000000000000000000000000000000000000 0000000000000000000000000000000000000000000000000000000000000000 0000000000000000000000000000000000000000000000000000000000000000
0000000000000000000000000000000000000000000000000000000000000000 0000000000000000000000000000000000000000000000000000000000000000 0000000000000000000000000000000000000000000000000000000000000000 0000000000000000000000000000000000000000000000000000000000000000 0000000000000000000000000000000000000000000000000000000000000000
0000000000000000000000000000000000000000000000000000011100110001 0000000000000000000000000000000000000000000000000000100000111101 0000000000000000000000000000000000000000000000000000101001001101 0000000000000000000000000000000000000000000000000000100000100100 0000000000000000000000000000000000000000000000000000100010000100
0000000000000000000000000000000000000000000000000000110100011000 0000000000000000000000000000000000000000000000000000100100101110 0000000000000000000000000000000000000000000000000000100100100101 0000000000000000000000000000000000000000000000000000011010011111 0000000000000000000000000000000000000000000000000000100001011011
0000000000000000000000000000000000000000000000000000011001010000 0000000000000000000000000000000000000000000000000000011111010001 0000000000000000000000000000000000000000000000000000101000111100 0000000000000000000000000000000000000000000000000000011110011110 0000000000000000000000000000000000000000000000000000100111111001
0000000000000000000000000000000000000000000000000000110011111000 0000000000000000000000000000000000000000000000000000100010111111 0000000000000000000000000000000000000000000000000000100011001000 0000000000000000000000000000000000000000000000000000011110011010 0000000000000000000000000000000000000000000000000000100011010100
0000000000000000000000000000000000000000000000000000101001000000 0000000000000000000000000000000000000000000000000000100010110101 0000000000000000000000000000000000000000000000000000011101100111 0000000000000000000000000000000000000000000000000000101011011110 0000000000000000000000000000000000000000000000000000100011000011
