0 0 0 0 0 0 0 0 0 0 0 0
0 0 0 0 0 0 0 0 0 0 0 0
0 0 0 0 0 0 0 0 0 0 0 0
0 0 0 0 0 0 0 0 0 0 0 0
0 0 0 0 0 0 0 0 0 0 0 0
0 0 0 0 0 0 0 0 0 0 0 0
0 0 0 0 0 0 0 0 0 0 0 0
0 0 0 0 0 0 0 0 0 0 0 0
0 0 0 0 0 0 0 0 0 0 0 0
0 0 0 0 0 0 0 0 0 0 0 0
0 0 0 0 0 0 0 0 0 0 0 0
0 0 0 0 0 0 0 0 0 0 0 0

0 0 0 0 0 0 0 0 0 0 0 0
0 0 0 0 0 0 0 0 0 0 0 0
0 0 0 0 0 0 0 0 0 0 0 0
0 0 0 0 0 0 0 0 0 0 0 0
0 0 0 0 0 0 0 0 0 0 0 0
0 0 0 0 0 0 0 0 0 0 0 0
0 0 0 0 0 0 0 0 0 0 0 0
0 0 0 0 0 0 0 0 0 0 0 0
0 0 0 0 0 0 0 0 0 0 0 0
0 0 0 0 0 0 0 0 0 0 0 0
0 0 0 0 0 0 0 0 0 0 0 0
0 0 0 0 0 0 0 0 0 0 0 0

1704 1939 1815 1768 1910 2029 2141 1778 1718 1936 1980 1716
1883 1983 2038 1886 1817 1838 1843 1783 1750 1889 1978 1894
2080 2133 1892 2072 1967 1996 1757 1920 1902 1897 1823 1864
1967 1890 1950 2015 2106 1929 2007 1989 1835 1850 1981 1938
2098 1790 2005 1904 1896 2127 1841 1756 1894 1905 2041 2111
2139 2080 1935 1758 2025 1928 1933 1971 2116 2088 1949 1927
1922 1936 1786 1698 1906 1865 1896 1847 1945 1872 1806 1864
1963 1841 1804 1960 1630 1779 1825 1815 1840 1891 2014 1937
1827 1926 2040 2068 1956 1850 1832 1874 1879 1770 1811 1922
1847 2023 2066 1913 2122 1876 1822 1763 1872 1971 1923 2124
1800 1866 2006 1935 1909 1792 1808 2019 1808 1867 1985 2060
2084 1883 1882 2126 1859 1796 1910 1695 1960 1924 2015 2103

250 440 374 498 327 460 350 273 419 340 392 384
244 531 216 459 344 356 414 593 377 380 500 298
506 400 314 416 370 453 489 374 429 406 374 589
370 532 216 500 465 504 237 463 480 330 293 372
433 525 302 459 150 280 470 387 263 324 404 318
534 549 503 244 411 526 468 491 388 462 519 381
505 391 296 428 480 303 275 370 549 306 290 210
336 203 410 399 487 345 529 298 303 337 371 377
389 303 540 446 553 364 281 503 388 345 547 329
354 365 419 550 202 289 378 432 360 251 466 310
369 214 449 369 567 428 395 464 431 340 249 447
194 459 450 537 267 332 528 448 360 367 438 317

93 0 24 33 156 0 35 0 0 0 0 0
0 183 74 61 95 35 0 148 4 12 0 0
106 0 36 104 31 0 259 49 0 147 18 69
0 142 114 0 173 130 29 0 16 0 60 67
93 0 0 89 0 123 130 26 31 9 135 6
41 98 106 0 0 6 0 26 142 25 0 0
120 2 0 0 40 110 4 0 0 109 44 0
46 0 168 73 52 0 153 0 0 0 65 0
0 126 229 60 54 52 0 0 138 33 64 0
0 69 75 0 0 23 42 52 48 0 153 0
50 57 0 194 0 0 105 50 143 57 6 3
175 0 0 14 0 182 139 109 102 0 0 0

281 318 443 367 413 146 197 178 185 376 335 271
125 450 261 319 205 369 280 163 456 315 300 167
377 161 305 264 187 346 204 263 397 371 115 391
439 238 270 301 307 235 173 287 273 301 184 183
264 310 175 267 222 352 334 523 253 341 269 306
315 421 424 251 294 472 176 274 228 171 442 198
498 252 376 297 92 154 280 321 196 313 374 401
223 216 323 240 124 272 194 201 168 238 92 271
431 514 328 216 268 202 350 343 289 247 430 213
294 490 355 287 400 252 181 261 474 112 382 190
231 232 206 332 330 139 178 345 342 162 207 417
134 298 150 441 254 255 192 250 383 281 264 321

396 522 445 524 631 557 488 286 428 474 383 393
411 321 589 431 413 309 624 384 448 566 590 625
636 436 462 651 487 411 439 599 516 470 402 755
377 714 654 538 431 579 540 313 401 497 459 390
571 879 543 516 467 665 469 616 483 397 549 418
662 383 366 689 346 675 366 576 275 517 482 710
556 457 533 646 381 466 307 327 607 379 592 472
229 766 202 428 783 531 394 454 514 550 404 335
402 462 650 525 661 400 520 483 606 334 277 443
417 480 550 585 738 531 456 417 675 513 315 468
695 619 342 448 596 506 470 542 522 451 498 620
414 376 624 658 453 466 458 605 430 716 288 494

0 0 0 0 0 0 0 0 0 0 0 0
0 0 0 0 0 0 0 0 0 0 0 0
0 0 0 0 0 0 0 0 0 0 0 0
0 0 0 0 0 0 0 0 0 0 0 0
0 0 0 0 0 0 0 0 0 0 0 0
0 0 0 0 0 0 0 0 0 0 0 0
0 0 0 0 0 0 0 0 0 0 0 0
0 0 0 0 0 0 0 0 0 0 0 0
0 0 0 0 0 0 0 0 0 0 0 0
0 0 0 0 0 0 0 0 0 0 0 0
0 0 0 0 0 0 0 0 0 0 0 0
0 0 0 0 0 0 0 0 0 0 0 0

136 180 244 0 0 0 0 14 0 0 0 0
0 0 0 0 0 0 24 0 0 0 0 0
0 0 47 0 0 0 7 0 0 0 0 83
0 177 0 0 98 0 44 0 0 0 0 0
0 0 0 11 0 0 0 0 0 0 54 48
0 0 0 0 131 90 0 0 0 0 2 0
310 27 0 0 1 52 0 13 0 0 0 0
0 0 0 0 56 0 0 0 0 74 0 0
0 0 0 0 0 0 237 0 0 0 0 94
0 0 0 0 0 67 0 0 2 0 13 0
0 0 56 0 0 16 0 0 0 86 0 65
0 0 0 0 0 72 0 41 0 0 0 0

0 0 0 0 0 0 0 0 0 0 0 0
0 0 0 0 0 0 0 0 0 0 0 0
0 0 0 0 0 0 0 0 0 0 0 0
0 0 0 0 0 0 0 0 0 0 0 0
0 0 0 0 0 0 0 0 0 0 0 0
0 0 0 0 0 0 0 0 0 0 0 0
0 0 0 0 0 0 0 0 0 0 0 0
0 0 0 0 0 0 0 0 0 0 0 0
0 0 0 0 0 0 0 0 0 0 0 0
0 0 0 0 0 0 0 0 0 0 0 0
0 0 0 0 0 0 0 0 0 0 0 0
0 0 0 0 0 0 0 0 0 0 0 0

540 521 644 513 682 478 450 548 566 552 466 440
530 505 451 530 464 664 708 700 598 667 579 647
695 785 622 591 684 658 435 688 539 663 664 660
679 787 437 564 560 610 566 566 654 511 525 551
596 621 797 627 673 521 685 627 435 668 611 551
545 525 474 528 670 645 606 598 565 527 540 434
619 958 486 438 411 538 461 476 474 626 694 663
743 579 497 493 495 615 435 735 479 405 537 761
509 688 566 662 429 422 608 518 599 505 567 564
352 877 501 726 817 631 466 671 476 543 567 431
601 564 510 355 689 585 573 713 508 486 650 564
473 689 571 698 686 419 568 570 495 710 618 854

0 0 0 0 0 0 0 0 0 0 0 0
0 0 0 0 0 0 0 0 0 0 0 0
0 0 0 0 0 0 0 0 0 0 0 0
0 0 0 0 0 0 0 0 0 0 0 0
0 0 0 0 0 0 0 0 0 0 0 0
0 0 0 0 0 0 0 0 0 0 0 0
0 0 0 0 0 0 0 0 0 0 0 0
0 0 0 0 0 0 0 0 0 0 0 0
0 0 0 0 0 0 0 0 0 0 0 0
0 0 0 0 0 0 0 0 0 0 0 0
0 0 0 0 0 0 0 0 0 0 0 0
0 0 0 0 0 0 0 0 0 0 0 0

0 0 0 0 0 0 0 0 0 0 0 0
0 0 0 0 0 0 0 0 0 0 0 0
0 0 0 0 0 0 0 0 0 0 0 0
0 0 0 0 0 0 0 0 0 0 0 0
0 0 0 0 0 0 0 0 0 0 0 0
0 0 0 0 0 0 0 0 0 0 0 0
0 0 0 0 0 0 0 0 0 0 0 0
0 0 0 0 0 0 0 0 0 0 0 0
0 0 0 0 0 0 0 0 0 0 0 0
0 0 0 0 0 0 0 0 0 0 0 0
0 0 0 0 0 0 0 0 0 0 0 0
0 0 0 0 0 0 0 0 0 0 0 0

0 0 0 0 0 0 0 0 0 0 0 0
0 0 0 0 0 0 0 0 0 0 0 0
0 0 0 0 0 0 0 0 0 0 0 0
0 0 0 0 0 0 0 0 0 0 0 0
0 0 0 0 0 0 0 0 0 0 0 0
0 0 0 0 0 0 0 0 0 0 0 0
0 0 0 0 0 0 0 0 0 0 0 0
0 0 0 0 0 0 0 0 0 0 0 0
0 0 0 0 0 0 0 0 0 0 0 0
0 0 0 0 0 0 0 0 0 0 0 0
0 0 0 0 0 0 0 0 0 0 0 0
0 0 0 0 0 0 0 0 0 0 0 0

852 744 644 705 629 525 620 766 757 716 605 800
702 732 742 726 714 744 741 719 681 737 581 910
650 562 684 575 667 711 709 622 600 667 991 663
773 766 913 794 727 902 743 808 860 779 764 833
914 689 534 825 561 613 599 828 778 830 756 888
791 773 785 663 631 842 757 712 881 775 689 620
716 736 629 685 684 630 818 801 735 684 779 622
819 671 625 762 486 594 647 658 575 771 598 862
691 724 804 922 829 746 748 629 775 742 819 745
683 751 661 759 696 699 768 628 760 666 691 763
779 892 741 948 662 851 743 983 634 695 844 873
811 744 664 775 678 680 714 624 596 721 694 843

0 0 0 0 0 0 0 0 0 0 0 0
0 0 0 0 0 0 0 0 0 0 0 0
0 0 93 0 0 0 0 0 0 0 0 37
0 0 9 0 0 0 0 0 0 0 0 0
0 0 0 0 0 0 0 167 0 0 0 0
32 0 0 0 0 0 0 0 0 0 0 0
51 0 0 0 0 0 0 0 0 0 0 0
0 0 0 0 0 0 0 0 0 0 0 0
0 0 0 0 0 0 0 0 0 0 0 0
0 0 0 65 15 0 0 0 225 0 0 0
0 0 0 0 0 0 0 0 0 0 0 0
0 0 0 0 0 0 0 0 0 0 6 0

