4152 4213 4290 4214 4667
4785 4466 4305 5239 3706
4247 4055 4399 3655 4288
4910 4637 4038 4299 4037
3718 4335 4451 4311 5028

0 0 0 0 0
0 0 0 0 0
0 0 0 0 0
0 0 0 0 0
0 0 0 0 0

0 0 0 0 0
0 0 0 0 0
0 0 0 0 0
0 0 0 0 0
0 0 0 0 0

0 0 0 0 0
0 0 0 0 0
0 0 0 0 0
0 0 0 0 0
0 0 0 0 0

4594 4403 4116 3624 3715
3902 4177 3835 4125 4387
3704 3508 3839 4692 3920
4057 5061 4317 3906 4145
4291 4666 4331 3901 4162

3678 3205 2393 2597 2883
3356 3584 3400 3067 3405
2990 2941 3437 3545 3045
3533 3286 2743 3166 3150
3675 3346 2913 3815 3053

6161 6598 6428 6312 6035
6345 6175 6692 6450 6181
6611 6205 6442 6449 6419
6944 6500 6431 6350 7186
6529 6617 5904 6183 6183

1438 419 709 820 737
1512 1164 484 1101 1022
1060 1466 1197 962 789
1571 463 1064 834 811
1214 1060 1564 940 1227

0 0 0 0 0
0 0 0 0 0
0 0 0 0 0
0 0 0 0 0
0 0 0 0 0

6035 5953 5338 5309 6100
5251 5407 5636 6446 5834
6325 5794 5841 5627 5606
5994 5891 5788 5618 5199
6003 5711 5226 4953 5794

0 0 0 0 0
0 0 0 0 0
0 0 0 0 0
0 0 0 0 0
0 0 0 0 0

2641 3122 2849 2553 2956
3355 2910 2478 3033 2656
3488 3138 3649 2926 3758
2967 3507 2582 2922 2973
3009 3096 2561 2491 3045

0 0 0 0 0
0 0 0 0 0
0 0 0 0 0
0 0 0 0 0
0 0 0 0 0

0 0 0 0 0
0 0 0 0 0
0 0 0 0 0
0 0 0 0 0
0 0 0 0 0

0 0 0 0 0
0 0 0 0 0
0 0 0 0 0
0 0 0 0 0
0 0 0 0 0

1841 2109 2637 2084 2180
3352 2350 2341 1695 2139
1616 2001 2620 1950 2553
3320 2239 2248 1946 2260
2624 2229 1895 2782 2243

