0 0 0 0 0 0 0 0 0 0 0 0 0 0 0 0 0 0 0 0 0 0 0 0
0 0 0 0 0 0 0 0 0 0 0 0 0 0 0 0 0 0 0 0 0 0 0 0
0 0 0 0 0 0 0 0 0 0 0 0 0 0 0 0 0 0 0 0 0 0 0 0
0 0 0 0 0 0 0 0 0 0 0 0 0 0 0 0 0 0 0 0 0 0 0 0
0 0 0 0 0 0 0 0 0 0 0 0 0 0 0 0 0 0 0 0 0 0 0 0
0 0 0 0 0 0 0 0 0 0 0 0 0 0 0 0 0 0 0 0 0 0 0 0
0 0 0 0 0 0 0 0 0 0 0 0 0 0 0 0 0 0 0 0 0 0 0 0
0 0 0 0 0 0 0 0 0 0 0 0 0 0 0 0 0 0 0 0 0 0 0 0
0 0 0 0 0 0 0 0 0 0 0 0 0 0 0 0 0 0 0 0 0 0 0 0
0 0 0 0 0 0 0 0 0 0 0 0 0 0 0 0 0 0 0 0 0 0 0 0
0 0 0 0 0 0 0 0 0 0 0 0 0 0 0 0 0 0 0 0 0 0 0 0
0 0 0 0 0 0 0 0 0 0 0 0 0 0 0 0 0 0 0 0 0 0 0 0
0 0 0 0 0 0 0 0 0 0 0 0 0 0 0 0 0 0 0 0 0 0 0 0
0 0 0 0 0 0 0 0 0 0 0 0 0 0 0 0 0 0 0 0 0 0 0 0
0 0 0 0 0 0 0 0 0 0 0 0 0 0 0 0 0 0 0 0 0 0 0 0
0 0 0 0 0 0 0 0 0 0 0 0 0 0 0 0 0 0 0 0 0 0 0 0
0 0 0 0 0 0 0 0 0 0 0 0 0 0 0 0 0 0 0 0 0 0 0 0
0 0 0 0 0 0 0 0 0 0 0 0 0 0 0 0 0 0 0 0 0 0 0 0
0 0 0 0 0 0 0 0 0 0 0 0 0 0 0 0 0 0 0 0 0 0 0 0
0 0 0 0 0 0 0 0 0 0 0 0 0 0 0 0 0 0 0 0 0 0 0 0
0 0 0 0 0 0 0 0 0 0 0 0 0 0 0 0 0 0 0 0 0 0 0 0
0 0 0 0 0 0 0 0 0 0 0 0 0 0 0 0 0 0 0 0 0 0 0 0
0 0 0 0 0 0 0 0 0 0 0 0 0 0 0 0 0 0 0 0 0 0 0 0
0 0 0 0 0 0 0 0 0 0 0 0 0 0 0 0 0 0 0 0 0 0 0 0

0 0 0 0 0 0 0 0 0 0 0 0 0 0 0 0 0 0 0 0 0 0 0 0
0 0 0 0 0 0 0 0 0 0 0 0 0 0 0 0 0 0 0 0 0 0 0 0
0 0 0 0 0 0 0 0 0 0 0 0 0 0 0 0 0 0 0 0 0 0 0 0
0 0 0 0 0 0 0 0 0 0 0 0 0 0 0 0 0 0 0 0 0 0 0 0
0 0 0 0 0 0 0 0 0 0 0 0 0 0 0 0 0 0 0 0 0 0 0 0
0 0 0 0 0 0 0 0 0 0 0 0 0 0 0 0 0 0 0 0 0 0 0 0
0 0 0 0 0 0 0 0 0 0 0 0 0 0 0 0 0 0 0 0 0 0 0 0
0 0 0 0 0 0 0 0 0 0 0 0 0 0 0 0 0 0 0 0 0 0 0 0
0 0 0 0 0 0 0 0 0 0 0 0 0 0 0 0 0 0 0 0 0 0 0 0
0 0 0 0 0 0 0 0 0 0 0 0 0 0 0 0 0 0 0 0 0 0 0 0
0 0 0 0 0 0 0 0 0 0 0 0 0 0 0 0 0 0 0 0 0 0 0 0
0 0 0 0 0 0 0 0 0 0 0 0 0 0 0 0 0 0 0 0 0 0 0 0
0 0 0 0 0 0 0 0 0 0 0 0 0 0 0 0 0 0 0 0 0 0 0 0
0 0 0 0 0 0 0 0 0 0 0 0 0 0 0 0 0 0 0 0 0 0 0 0
0 0 0 0 0 0 0 0 0 0 0 0 0 0 0 0 0 0 0 0 0 0 0 0
0 0 0 0 0 0 0 0 0 0 0 0 0 0 0 0 0 0 0 0 0 0 0 0
0 0 0 0 0 0 0 0 0 0 0 0 0 0 0 0 0 0 0 0 0 0 0 0
0 0 0 0 0 0 0 0 0 0 0 0 0 0 0 0 0 0 0 0 0 0 0 0
0 0 0 0 0 0 0 0 0 0 0 0 0 0 0 0 0 0 0 0 0 0 0 0
0 0 0 0 0 0 0 0 0 0 0 0 0 0 0 0 0 0 0 0 0 0 0 0
0 0 0 0 0 0 0 0 0 0 0 0 0 0 0 0 0 0 0 0 0 0 0 0
0 0 0 0 0 0 0 0 0 0 0 0 0 0 0 0 0 0 0 0 0 0 0 0
0 0 0 0 0 0 0 0 0 0 0 0 0 0 0 0 0 0 0 0 0 0 0 0
0 0 0 0 0 0 0 0 0 0 0 0 0 0 0 0 0 0 0 0 0 0 0 0

1612 1704 1465 1848 1789 1719 1695 1713 1785 1910 1639 1766 1581 2141 1778 1594 1604 1718 1936 1856 1929 1668 1686 1626
1676 1553 1939 1714 1815 1630 1492 1768 1580 1713 2029 1969 1769 1865 1552 1709 1600 1635 1687 1688 1946 1980 1716 1657
1607 1771 1770 1743 1555 1578 1823 1475 1638 1576 1787 1810 1612 1726 1783 1515 1743 1556 1855 1755 1767 1782 1894 1843
1664 1883 1983 1739 2038 1665 1886 1772 1817 1750 1838 1531 1597 1843 1529 1547 1711 1750 1889 1498 1978 1701 1599 1829
1640 1914 1986 1825 1892 1822 2054 1660 1685 1879 1878 1834 1575 1609 1520 1920 1893 1845 1897 1723 1605 1683 1794 1805
2080 2068 1705 2133 1735 1665 1656 2072 1784 1967 1963 1996 1757 1665 1552 1847 1773 1902 1604 1794 1823 1733 1864 1634
1815 1896 1852 1689 1742 1950 1716 2015 1737 1906 1750 1728 1857 1689 1960 1989 1794 1755 1698 1850 1798 1981 1858 1849
1967 1929 1890 1866 1777 1632 1711 1962 1726 2106 1929 1896 1992 2007 1797 1862 1805 1835 1741 1692 1716 1980 1787 1938
2098 1892 1790 1647 1868 2005 1800 1904 1695 1896 1638 2084 1465 1841 1756 1644 1570 1641 1782 1905 1611 2004 1886 2061
1955 1879 1745 1626 1641 1897 1863 1650 1789 1819 2127 1782 1618 1781 1429 1442 1576 1894 1831 1861 1917 2041 1868 2111
1778 2139 1763 1740 1935 1577 1441 1699 1877 2025 1866 1704 1776 1848 1805 1971 1694 1597 1811 1811 1746 1855 1927 1806
1992 1740 2080 1917 1600 1625 1696 1758 1463 1888 1863 1928 1933 1871 1741 1952 1924 2116 1847 2088 1949 1570 1724 1878
1857 1810 1936 1775 1786 1729 1698 1695 1906 1756 1444 1865 1896 1835 1847 1535 1945 1672 1824 1833 1806 1679 1864 1600
1869 1922 1809 1568 1580 1497 1560 1535 1302 1582 1646 1775 1783 1646 1722 1739 1662 1620 1872 1599 1706 1698 1665 1770
1888 1752 1841 1669 1804 1736 1572 1695 1615 1578 1463 1575 1695 1626 1513 1812 1840 1539 1660 1597 1799 1956 1880 1937
1963 1959 1757 1806 1674 1776 1960 1800 1608 1630 1599 1779 1825 1659 1766 1815 1631 1534 1612 1891 1860 2014 1753 1893
1823 1467 1818 1629 1805 1758 1908 2068 1886 1629 1507 1614 1570 1832 1874 1809 1615 1671 1607 1765 1701 1773 1802 1718
1685 1827 1769 1926 2040 1785 1698 2023 1956 1953 1850 1712 1704 1537 1821 1695 1683 1879 1770 1749 1811 1766 1922 1635
1604 1607 2023 1970 1608 1729 1913 1830 1828 2122 1708 1876 1641 1595 1603 1380 1628 1535 1651 1971 1704 1853 1805 2124
1847 1605 1850 1715 2066 1886 1388 1891 1610 1734 1594 1745 1822 1599 1763 1462 1781 1872 1688 1619 1591 1923 1962 2034
1800 1666 1749 1866 1680 1904 1651 1797 1661 1644 1635 1792 1729 1734 2019 1837 1766 1717 1552 1643 1985 1818 1942 1986
1680 1494 1743 1769 1623 2006 1760 1935 1888 1909 1541 1534 1808 1702 1804 1739 1785 1808 1867 1701 1830 1761 2060 1807
1537 1744 1883 1863 1882 1740 2126 1908 1859 1644 1796 1662 1504 1629 1605 1544 1739 1960 1711 1924 2015 1912 2103 1812
2084 1721 1799 1874 1712 1873 1711 1895 1792 1707 1708 1594 1910 1531 1695 1513 1576 1856 1834 1777 1832 1999 1973 1672

40 134 385 310 216 374 498 387 214 327 172 0 342 292 100 32 81 419 60 340 392 330 379 310
160 250 151 440 167 238 356 14 88 278 0 460 350 223 178 273 264 136 265 339 169 308 384 360
164 77 233 531 0 216 356 459 264 189 6 335 109 30 593 382 0 377 326 380 180 436 225 172
117 244 0 438 65 80 129 163 344 96 356 143 414 308 237 214 209 191 185 324 500 233 298 236
93 46 152 223 94 196 201 215 0 169 453 416 211 398 66 179 179 356 284 198 374 188 589 241
105 506 400 204 36 314 73 416 370 42 178 199 489 190 251 374 429 229 76 406 68 187 399 242
86 251 532 108 216 216 302 166 449 465 96 255 237 0 463 458 353 480 330 0 293 0 282 190
370 341 417 280 207 157 500 271 186 208 504 239 198 49 402 309 93 372 187 282 261 85 372 327
433 327 464 0 38 263 36 459 150 36 280 234 192 402 387 238 141 0 245 324 203 404 318 256
406 319 525 155 302 271 406 293 60 80 177 48 470 391 347 123 263 143 255 69 233 260 0 280
534 216 112 549 503 372 244 46 411 184 394 99 0 468 491 194 117 203 355 188 377 519 381 349
213 109 260 420 85 476 220 227 120 80 526 74 220 260 76 100 388 327 273 462 288 191 157 158
364 505 275 391 205 237 343 228 480 35 84 303 205 256 256 120 502 71 287 228 290 285 90 193
186 311 384 310 296 252 428 194 116 446 185 100 275 194 345 370 33 549 264 306 181 232 117 210
5 236 203 165 247 314 96 217 291 77 28 155 411 447 0 191 36 303 337 84 315 371 333 134
336 323 4 72 115 410 399 172 487 456 109 345 320 529 27 298 96 165 0 50 264 193 377 271
312 352 303 221 489 368 167 446 350 110 282 364 192 281 199 503 388 76 345 284 143 155 254 167
56 389 106 230 540 359 94 167 147 553 279 266 198 141 246 373 13 89 259 47 547 86 329 0
354 299 170 301 253 207 522 207 101 202 289 167 378 239 432 174 328 0 251 232 52 466 91 90
295 99 279 365 419 343 245 550 163 0 161 214 323 183 0 136 360 209 206 124 109 64 310 152
369 171 24 199 175 203 142 167 204 240 305 85 51 197 47 231 431 18 298 289 93 40 362 447
367 243 214 96 336 449 369 0 411 567 232 428 117 395 214 464 22 314 340 247 249 0 380 272
160 194 459 30 450 396 137 516 267 244 332 236 272 528 424 448 141 258 142 367 269 47 317 108
160 86 257 381 262 53 206 537 236 198 37 221 174 342 96 318 194 360 306 106 30 438 308 111

0 0 0 0 0 0 33 0 0 156 0 0 0 35 0 0 0 0 0 0 0 0 0 0
0 93 0 0 24 0 0 0 0 0 0 0 0 0 0 0 0 0 0 0 0 0 0 0
0 0 133 183 0 74 61 0 0 43 35 0 0 0 148 0 0 4 10 0 0 0 0 0
0 0 0 0 0 0 0 20 95 0 0 0 0 0 0 0 0 0 0 12 0 0 0 0
0 0 0 0 0 0 0 0 0 31 0 0 122 259 0 0 0 0 147 0 0 18 0 0
106 0 0 0 36 0 0 104 0 0 0 0 0 147 0 49 0 0 0 0 0 0 69 0
0 0 0 0 0 0 0 0 63 173 0 130 0 0 0 0 0 16 0 0 60 0 0 0
0 0 0 142 7 114 0 0 0 0 0 0 29 0 0 0 0 10 0 0 0 7 67 0
0 0 0 0 0 0 0 0 0 0 75 0 0 0 0 0 0 0 0 0 0 135 6 0
93 0 0 0 0 0 0 89 0 0 0 123 9 130 0 26 0 31 0 9 0 0 0 0
0 41 0 0 0 106 0 0 0 0 0 0 0 0 0 15 142 0 0 0 0 0 0 0
0 0 98 84 0 0 0 0 0 0 6 0 0 0 26 0 0 0 25 0 0 0 0 0
120 0 0 2 0 0 0 0 0 0 0 110 4 2 0 0 0 0 0 65 0 44 0 0
0 0 0 0 0 0 0 0 40 0 0 10 0 0 0 0 0 0 0 109 0 0 0 0
0 0 0 0 168 96 22 0 0 0 0 0 13 0 0 0 0 0 0 0 65 0 0 0
0 46 0 0 0 0 73 0 52 0 0 0 0 153 0 0 0 0 0 0 0 0 0 0
0 0 101 0 0 0 0 60 54 0 0 52 0 0 0 0 0 0 33 0 0 64 0 0
0 0 34 126 229 0 0 0 0 0 0 0 0 0 0 0 50 138 0 0 0 0 0 0
0 0 0 0 19 0 0 0 0 0 0 0 0 40 0 1 0 0 0 0 0 153 0 0
0 0 69 0 0 75 0 0 0 0 0 23 42 0 52 0 48 0 0 0 45 0 0 0
50 0 0 0 0 0 194 124 0 0 0 0 105 0 0 0 0 0 0 57 0 6 0 3
0 0 57 0 0 0 0 0 0 0 0 0 0 0 0 50 143 22 0 0 0 0 0 0
0 175 0 0 0 0 0 0 0 0 182 0 37 139 0 0 102 0 0 0 0 0 0 0
62 0 0 0 0 0 0 14 0 0 0 0 0 0 46 109 0 0 0 0 0 0 0 0

281 0 189 230 356 290 170 367 0 307 75 0 0 197 178 144 185 142 376 229 110 335 229 219
0 191 261 318 0 443 84 0 413 239 146 12 26 152 0 0 0 159 285 71 125 0 271 143
83 0 244 257 261 195 269 319 205 29 261 257 140 111 0 163 236 456 14 123 75 0 109 131
125 121 450 0 68 0 227 106 180 0 130 369 280 0 26 87 48 231 164 315 71 300 167 0
172 0 161 149 22 142 240 162 6 187 88 346 204 0 263 19 397 42 56 7 0 115 247 125
103 377 62 0 305 0 120 264 92 0 230 341 174 140 171 185 49 227 371 38 92 39 238 391
141 193 238 185 0 270 0 94 28 62 0 235 44 173 116 287 46 199 207 0 184 87 0 178
439 269 21 238 0 164 6 301 307 165 119 71 0 159 29 0 273 217 301 126 154 138 118 183
124 215 139 8 152 39 0 235 49 222 352 208 0 189 523 277 195 253 0 0 176 0 189 56
124 264 310 229 175 139 0 267 188 0 0 192 334 289 138 361 0 71 341 240 269 0 0 306
108 315 421 135 0 383 211 201 294 68 28 51 102 0 45 274 192 228 39 140 161 442 187 198
192 0 222 0 424 33 17 251 242 96 228 472 0 176 140 23 144 132 171 144 105 62 0 0
147 222 0 105 235 184 41 271 81 0 0 0 151 0 0 233 0 115 158 313 222 374 258 153
137 498 172 252 141 376 239 297 11 92 146 154 84 280 179 321 196 0 172 83 183 61 12 401
143 16 216 80 323 116 146 57 0 11 0 136 173 28 54 134 13 116 55 98 20 92 29 0
223 60 85 0 64 79 144 240 124 124 272 88 155 194 201 43 168 0 0 238 0 1 271 103
431 28 304 514 0 66 216 106 268 212 4 78 280 0 179 343 255 116 192 0 47 430 213 199
50 0 160 199 175 328 29 103 169 217 202 143 0 350 52 157 289 142 0 247 0 200 8 55
294 159 42 0 355 47 0 0 118 150 2 252 81 79 250 158 91 42 82 0 382 8 190 160
133 0 323 490 32 160 287 241 400 397 119 0 181 172 55 261 157 474 60 112 90 92 0 19
230 231 34 152 206 154 332 295 103 330 120 118 178 68 296 113 22 0 0 159 65 61 417 339
45 109 130 232 0 101 0 51 0 252 139 0 169 46 345 0 342 47 90 162 2 207 235 36
89 134 0 158 13 101 441 0 0 214 0 255 0 129 89 71 159 383 37 281 0 57 73 313
0 127 47 298 150 52 161 115 254 75 21 0 192 81 250 232 0 0 266 62 85 264 321 201

396 13 0 522 222 221 524 342 427 461 345 557 389 325 248 275 137 330 363 378 321 262 167 341
390 230 139 177 445 310 368 308 515 631 298 35 161 488 249 286 183 428 96 474 383 186 393 220
123 267 0 321 589 121 27 431 353 362 209 309 624 356 52 384 448 204 399 566 294 355 369 421
411 328 120 203 253 0 341 238 413 252 58 288 463 312 297 161 131 327 0 181 590 244 625 319
460 636 244 370 462 453 277 651 487 0 279 321 106 293 599 499 358 500 470 207 402 205 267 755
328 41 347 436 300 303 317 593 315 320 411 369 439 349 215 208 333 516 406 413 142 156 37 615
372 107 185 714 654 335 538 328 182 386 152 257 502 345 313 67 343 319 265 497 198 402 196 371
377 213 368 202 336 0 272 354 431 320 85 579 540 0 127 196 266 401 329 383 459 292 329 390
257 27 833 494 416 142 217 68 467 373 237 190 469 279 392 616 268 401 167 153 549 293 0 73
571 416 879 377 362 543 390 516 398 175 665 291 322 207 297 609 483 419 397 350 330 180 160 418
457 163 383 296 310 78 689 326 275 67 464 675 290 48 292 474 36 275 517 231 153 415 77 710
662 506 0 134 65 366 56 166 346 309 449 616 366 122 411 576 130 159 65 156 267 482 128 593
556 347 368 457 499 265 370 289 381 293 202 299 52 220 286 12 476 607 364 379 403 592 422 472
241 411 410 401 418 533 646 376 161 224 466 357 255 307 296 327 155 272 333 325 417 394 175 0
211 0 586 47 87 130 379 428 375 410 413 148 33 394 454 441 44 122 336 27 404 188 277 253
229 196 766 538 202 198 134 0 272 783 510 531 361 339 189 321 514 336 550 211 58 17 292 335
402 271 462 212 422 372 406 0 203 661 295 366 189 520 0 42 606 321 334 304 92 261 365 443
375 258 428 0 55 650 525 100 0 239 175 400 171 250 483 438 375 252 278 26 277 0 235 31
319 417 474 66 480 550 419 543 382 397 304 531 238 401 234 417 165 76 347 513 270 212 468 290
226 344 220 480 510 43 585 316 603 738 117 53 360 456 194 21 675 293 363 470 315 144 342 120
375 485 240 519 333 342 66 77 104 596 270 472 19 267 542 223 248 501 90 451 498 79 393 620
447 695 619 235 248 261 448 379 0 256 299 506 470 334 504 423 225 522 32 333 391 135 183 54
255 365 165 376 204 273 471 658 410 383 464 220 36 458 292 605 363 143 329 716 259 18 367 366
414 41 98 131 592 624 175 67 453 291 245 466 93 160 414 258 386 430 8 494 73 288 481 494

0 0 0 0 0 0 0 0 0 0 0 0 0 0 0 0 0 0 0 0 0 0 0 0
0 0 0 0 0 0 0 0 0 0 0 0 0 0 0 0 0 0 0 0 0 0 0 0
0 0 0 0 0 0 0 0 0 0 0 0 0 0 0 0 0 0 0 0 0 0 0 0
0 0 0 0 0 0 0 0 0 0 0 0 0 0 0 0 0 0 0 0 0 0 0 0
0 0 0 0 0 0 0 0 0 0 0 0 0 0 0 0 0 0 0 0 0 0 0 0
0 0 0 0 0 0 0 0 0 0 0 0 0 0 0 0 0 0 0 0 0 0 0 0
0 0 0 0 0 0 0 0 0 0 0 0 0 0 0 0 0 0 0 0 0 0 0 0
0 0 0 0 0 0 0 0 0 0 0 0 0 0 0 0 0 0 0 0 0 0 0 0
0 0 0 0 0 0 0 0 0 0 0 0 0 0 0 0 0 0 0 0 0 0 0 0
0 0 0 0 0 0 0 0 0 0 0 0 0 0 0 0 0 0 0 0 0 0 0 0
0 0 0 0 0 0 0 0 0 0 0 0 0 0 0 0 0 0 0 0 0 0 0 0
0 0 0 0 0 0 0 0 0 0 0 0 0 0 0 0 0 0 0 0 0 0 0 0
0 0 0 0 0 0 0 0 0 0 0 0 0 0 0 0 0 0 0 0 0 0 0 0
0 0 0 0 0 0 0 0 0 0 0 0 0 0 0 0 0 0 0 0 0 0 0 0
0 0 0 0 0 0 0 0 0 0 0 0 0 0 0 0 0 0 0 0 0 0 0 0
0 0 0 0 0 0 0 0 0 0 0 0 0 0 0 0 0 0 0 0 0 0 0 0
0 0 0 0 0 0 0 0 0 0 0 0 0 0 0 0 0 0 0 0 0 0 0 0
0 0 0 0 0 0 0 0 0 0 0 0 0 0 0 0 0 0 0 0 0 0 0 0
0 0 0 0 0 0 0 0 0 0 0 0 0 0 0 0 0 0 0 0 0 0 0 0
0 0 0 0 0 0 0 0 0 0 0 0 0 0 0 0 0 0 0 0 0 0 0 0
0 0 0 0 0 0 0 0 0 0 0 0 0 0 0 0 0 0 0 0 0 0 0 0
0 0 0 0 0 0 0 0 0 0 0 0 0 0 0 0 0 0 0 0 0 0 0 0
0 0 0 0 0 0 0 0 0 0 0 0 0 0 0 0 0 0 0 0 0 0 0 0
0 0 0 0 0 0 0 0 0 0 0 0 0 0 0 0 0 0 0 0 0 0 0 0

136 0 0 0 244 0 0 0 0 0 0 0 0 0 0 0 0 0 0 0 0 0 0 0
0 0 0 180 0 0 0 0 0 0 0 0 0 0 10 14 0 0 0 0 0 0 0 0
0 0 0 0 0 0 0 0 0 0 0 0 24 0 0 0 0 0 0 0 0 0 0 0
0 0 0 0 0 0 0 0 0 0 0 0 0 0 0 0 0 0 0 0 0 0 0 0
0 0 0 0 0 47 0 0 0 0 0 0 7 0 0 0 0 0 0 0 0 0 0 0
0 0 0 0 0 0 0 0 0 0 0 0 0 0 0 0 0 0 0 0 0 0 0 83
0 0 177 0 0 0 0 0 0 0 0 0 44 0 0 0 0 0 0 0 0 0 0 0
0 0 0 0 0 0 0 0 98 0 0 0 0 0 0 0 0 0 0 0 0 0 0 0
0 0 0 0 0 0 11 0 0 0 0 0 0 0 0 0 0 0 0 0 0 0 48 0
0 0 0 0 0 0 0 0 0 0 0 0 0 0 0 0 0 0 0 0 54 0 0 0
0 0 0 0 0 0 0 0 0 0 0 0 0 0 0 0 0 0 0 0 0 0 0 0
0 0 0 0 0 0 0 0 131 0 0 90 0 0 0 0 0 0 0 0 0 2 0 0
310 0 0 0 0 0 0 0 0 0 52 0 0 0 13 0 0 0 0 0 0 0 0 0
0 0 27 0 0 0 0 0 1 0 0 0 0 0 0 0 0 0 0 0 0 0 0 0
0 0 0 0 0 0 0 0 0 0 0 0 0 0 0 0 0 0 0 74 0 0 0 0
0 0 0 0 0 0 0 0 0 56 0 0 0 0 0 0 0 0 0 0 0 0 0 0
0 0 0 0 0 0 0 0 0 0 0 0 0 0 0 0 0 0 0 0 0 0 94 0
0 0 0 0 0 0 0 0 0 0 0 0 0 237 0 0 0 0 0 0 0 0 0 0
0 0 0 0 0 0 0 0 0 0 0 0 0 0 0 0 0 0 0 0 13 0 0 0
0 0 0 0 0 0 0 0 0 0 0 67 0 0 0 0 2 0 0 0 0 0 0 0
0 0 0 0 0 0 0 0 0 0 0 0 0 0 0 0 0 0 0 14 0 0 0 0
0 0 0 0 56 0 0 0 0 0 0 16 0 0 0 0 0 0 0 86 0 0 65 0
0 0 0 0 0 0 0 0 0 0 0 0 0 0 0 41 0 0 0 0 0 0 0 0
0 0 0 0 0 0 0 0 0 0 72 0 0 0 0 0 0 0 0 0 0 0 0 0

0 0 0 0 0 0 0 0 0 0 0 0 0 0 0 0 0 0 0 0 0 0 0 0
0 0 0 0 0 0 0 0 0 0 0 0 0 0 0 0 0 0 0 0 0 0 0 0
0 0 0 0 0 0 0 0 0 0 0 0 0 0 0 0 0 0 0 0 0 0 0 0
0 0 0 0 0 0 0 0 0 0 0 0 0 0 0 0 0 0 0 0 0 0 0 0
0 0 0 0 0 0 0 0 0 0 0 0 0 0 0 0 0 0 0 0 0 0 0 0
0 0 0 0 0 0 0 0 0 0 0 0 0 0 0 0 0 0 0 0 0 0 0 0
0 0 0 0 0 0 0 0 0 0 0 0 0 0 0 0 0 0 0 0 0 0 0 0
0 0 0 0 0 0 0 0 0 0 0 0 0 0 0 0 0 0 0 0 0 0 0 0
0 0 0 0 0 0 0 0 0 0 0 0 0 0 0 0 0 0 0 0 0 0 0 0
0 0 0 0 0 0 0 0 0 0 0 0 0 0 0 0 0 0 0 0 0 0 0 0
0 0 0 0 0 0 0 0 0 0 0 0 0 0 0 0 0 0 0 0 0 0 0 0
0 0 0 0 0 0 0 0 0 0 0 0 0 0 0 0 0 0 0 0 0 0 0 0
0 0 0 0 0 0 0 0 0 0 0 0 0 0 0 0 0 0 0 0 0 0 0 0
0 0 0 0 0 0 0 0 0 0 0 0 0 0 0 0 0 0 0 0 0 0 0 0
0 0 0 0 0 0 0 0 0 0 0 0 0 0 0 0 0 0 0 0 0 0 0 0
0 0 0 0 0 0 0 0 0 0 0 0 0 0 0 0 0 0 0 0 0 0 0 0
0 0 0 0 0 0 0 0 0 0 0 0 0 0 0 0 0 0 0 0 0 0 0 0
0 0 0 0 0 0 0 0 0 0 0 0 0 0 0 0 0 0 0 0 0 0 0 0
0 0 0 0 0 0 0 0 0 0 0 0 0 0 0 0 0 0 0 0 0 0 0 0
0 0 0 0 0 0 0 0 0 0 0 0 0 0 0 0 0 0 0 0 0 0 0 0
0 0 0 0 0 0 0 0 0 0 0 0 0 0 0 0 0 0 0 0 0 0 0 0
0 0 0 0 0 0 0 0 0 0 0 0 0 0 0 0 0 0 0 0 0 0 0 0
0 0 0 0 0 0 0 0 0 0 0 0 0 0 0 0 0 0 0 0 0 0 0 0
0 0 0 0 0 0 0 0 0 0 0 0 0 0 0 0 0 0 0 0 0 0 0 0

183 540 396 473 503 644 344 286 350 682 360 317 355 450 548 453 452 470 514 552 288 329 393 385
175 247 521 520 259 350 513 488 506 372 435 478 283 339 384 388 288 566 332 532 466 442 440 433
209 400 316 207 203 209 530 300 276 464 540 664 708 281 700 170 598 394 566 433 406 311 205 154
530 335 505 432 313 451 340 447 303 222 335 421 339 248 318 242 143 199 667 273 362 579 647 539
238 695 785 393 622 449 499 265 303 161 372 333 374 387 383 688 539 509 663 315 197 406 367 660
371 525 362 375 314 414 324 591 684 602 463 658 435 58 306 439 293 426 550 422 664 222 327 578
679 571 615 787 437 426 533 470 443 288 497 439 566 419 491 531 522 654 208 468 525 325 551 453
213 388 421 103 212 284 131 564 560 509 610 240 389 424 562 566 471 323 336 511 412 344 206 74
352 497 621 471 533 334 404 597 463 416 443 328 685 622 449 627 248 331 482 515 258 240 222 551
596 387 368 609 482 797 627 222 673 401 521 510 111 321 305 439 237 435 570 668 611 607 301 549
530 545 440 259 451 312 336 410 446 562 363 232 230 282 397 183 439 374 337 522 334 386 396 369
437 454 128 525 474 325 252 528 670 638 453 645 492 606 535 598 565 321 475 527 540 443 434 338
391 619 958 562 268 444 438 343 94 276 274 303 444 335 395 476 459 474 626 613 694 510 663 324
569 543 642 419 430 486 302 379 373 411 427 538 461 416 365 285 230 270 312 220 236 331 216 188
468 185 232 242 497 482 370 398 388 265 163 265 280 272 139 546 446 250 405 371 537 523 761 388
743 513 433 579 121 332 406 493 495 488 545 615 435 329 608 735 479 199 309 385 231 329 389 498
468 399 688 383 422 384 623 662 250 378 96 422 248 463 325 387 378 351 217 389 567 558 564 509
335 509 379 435 566 227 240 284 429 408 395 299 608 603 518 402 599 529 247 505 507 251 321 189
352 267 316 877 223 331 467 726 653 817 384 631 466 234 211 240 476 347 363 371 567 404 260 431
320 201 453 646 469 501 612 462 370 554 528 327 434 395 671 284 384 450 496 543 297 303 413 347
390 601 564 289 461 510 355 240 271 689 392 496 502 525 523 598 209 254 486 288 607 650 564 433
312 38 290 302 377 413 322 222 259 276 585 436 573 315 322 713 508 430 335 194 332 469 561 277
183 472 486 534 478 385 554 698 686 406 265 0 379 402 269 570 479 478 710 224 443 581 844 440
473 291 318 689 571 533 431 361 454 415 419 289 568 525 392 425 118 495 497 530 606 618 854 404

0 0 0 0 0 0 0 0 0 0 0 0 0 0 0 0 0 0 0 0 0 0 0 0
0 0 0 0 0 0 0 0 0 0 0 0 0 0 0 0 0 0 0 0 0 0 0 0
0 0 0 0 0 0 0 0 0 0 0 0 0 0 0 0 0 0 0 0 0 0 0 0
0 0 0 0 0 0 0 0 0 0 0 0 0 0 0 0 0 0 0 0 0 0 0 0
0 0 0 0 0 0 0 0 0 0 0 0 0 0 0 0 0 0 0 0 0 0 0 0
0 0 0 0 0 0 0 0 0 0 0 0 0 0 0 0 0 0 0 0 0 0 0 0
0 0 0 0 0 0 0 0 0 0 0 0 0 0 0 0 0 0 0 0 0 0 0 0
0 0 0 0 0 0 0 0 0 0 0 0 0 0 0 0 0 0 0 0 0 0 0 0
0 0 0 0 0 0 0 0 0 0 0 0 0 0 0 0 0 0 0 0 0 0 0 0
0 0 0 0 0 0 0 0 0 0 0 0 0 0 0 0 0 0 0 0 0 0 0 0
0 0 0 0 0 0 0 0 0 0 0 0 0 0 0 0 0 0 0 0 0 0 0 0
0 0 0 0 0 0 0 0 0 0 0 0 0 0 0 0 0 0 0 0 0 0 0 0
0 0 0 0 0 0 0 0 0 0 0 0 0 0 0 0 0 0 0 0 0 0 0 0
0 0 0 0 0 0 0 0 0 0 0 0 0 0 0 0 0 0 0 0 0 0 0 0
0 0 0 0 0 0 0 0 0 0 0 0 0 0 0 0 0 0 0 0 0 0 0 0
0 0 0 0 0 0 0 0 0 0 0 0 0 0 0 0 0 0 0 0 0 0 0 0
0 0 0 0 0 0 0 0 0 0 0 0 0 0 0 0 0 0 0 0 0 0 0 0
0 0 0 0 0 0 0 0 0 0 0 0 0 0 0 0 0 0 0 0 0 0 0 0
0 0 0 0 0 0 0 0 0 0 0 0 0 0 0 0 0 0 0 0 0 0 0 0
0 0 0 0 0 0 0 0 0 0 0 0 0 0 0 0 0 0 0 0 0 0 0 0
0 0 0 0 0 0 0 0 0 0 0 0 0 0 0 0 0 0 0 0 0 0 0 0
0 0 0 0 0 0 0 0 0 0 0 0 0 0 0 0 0 0 0 0 0 0 0 0
0 0 0 0 0 0 0 0 0 0 0 0 0 0 0 0 0 0 0 0 0 0 0 0
0 0 0 0 0 0 0 0 0 0 0 0 0 0 0 0 0 0 0 0 0 0 0 0

0 0 0 0 0 0 0 0 0 0 0 0 0 0 0 0 0 0 0 0 0 0 0 0
0 0 0 0 0 0 0 0 0 0 0 0 0 0 0 0 0 0 0 0 0 0 0 0
0 0 0 0 0 0 0 0 0 0 0 0 0 0 0 0 0 0 0 0 0 0 0 0
0 0 0 0 0 0 0 0 0 0 0 0 0 0 0 0 0 0 0 0 0 0 0 0
0 0 0 0 0 0 0 0 0 0 0 0 0 0 0 0 0 0 0 0 0 0 0 0
0 0 0 0 0 0 0 0 0 0 0 0 0 0 0 0 0 0 0 0 0 0 0 0
0 0 0 0 0 0 0 0 0 0 0 0 0 0 0 0 0 0 0 0 0 0 0 0
0 0 0 0 0 0 0 0 0 0 0 0 0 0 0 0 0 0 0 0 0 0 0 0
0 0 0 0 0 0 0 0 0 0 0 0 0 0 0 0 0 0 0 0 0 0 0 0
0 0 0 0 0 0 0 0 0 0 0 0 0 0 0 0 0 0 0 0 0 0 0 0
0 0 0 0 0 0 0 0 0 0 0 0 0 0 0 0 0 0 0 0 0 0 0 0
0 0 0 0 0 0 0 0 0 0 0 0 0 0 0 0 0 0 0 0 0 0 0 0
0 0 0 0 0 0 0 0 0 0 0 0 0 0 0 0 0 0 0 0 0 0 0 0
0 0 0 0 0 0 0 0 0 0 0 0 0 0 0 0 0 0 0 0 0 0 0 0
0 0 0 0 0 0 0 0 0 0 0 0 0 0 0 0 0 0 0 0 0 0 0 0
0 0 0 0 0 0 0 0 0 0 0 0 0 0 0 0 0 0 0 0 0 0 0 0
0 0 0 0 0 0 0 0 0 0 0 0 0 0 0 0 0 0 0 0 0 0 0 0
0 0 0 0 0 0 0 0 0 0 0 0 0 0 0 0 0 0 0 0 0 0 0 0
0 0 0 0 0 0 0 0 0 0 0 0 0 0 0 0 0 0 0 0 0 0 0 0
0 0 0 0 0 0 0 0 0 0 0 0 0 0 0 0 0 0 0 0 0 0 0 0
0 0 0 0 0 0 0 0 0 0 0 0 0 0 0 0 0 0 0 0 0 0 0 0
0 0 0 0 0 0 0 0 0 0 0 0 0 0 0 0 0 0 0 0 0 0 0 0
0 0 0 0 0 0 0 0 0 0 0 0 0 0 0 0 0 0 0 0 0 0 0 0
0 0 0 0 0 0 0 0 0 0 0 0 0 0 0 0 0 0 0 0 0 0 0 0

0 0 0 0 0 0 0 0 0 0 0 0 0 0 0 0 0 0 0 0 0 0 0 0
0 0 0 0 0 0 0 0 0 0 0 0 0 0 0 0 0 0 0 0 0 0 0 0
0 0 0 0 0 0 0 0 0 0 0 0 0 0 0 0 0 0 0 0 0 0 0 0
0 0 0 0 0 0 0 0 0 0 0 0 0 0 0 0 0 0 0 0 0 0 0 0
0 0 0 0 0 0 0 0 0 0 0 0 0 0 0 0 0 0 0 0 0 0 0 0
0 0 0 0 0 0 0 0 0 0 0 0 0 0 0 0 0 0 0 0 0 0 0 0
0 0 0 0 0 0 0 0 0 0 0 0 0 0 0 0 0 0 0 0 0 0 0 0
0 0 0 0 0 0 0 0 0 0 0 0 0 0 0 0 0 0 0 0 0 0 0 0
0 0 0 0 0 0 0 0 0 0 0 0 0 0 0 0 0 0 0 0 0 0 0 0
0 0 0 0 0 0 0 0 0 0 0 0 0 0 0 0 0 0 0 0 0 0 0 0
0 0 0 0 0 0 0 0 0 0 0 0 0 0 0 0 0 0 0 0 0 0 0 0
0 0 0 0 0 0 0 0 0 0 0 0 0 0 0 0 0 0 0 0 0 0 0 0
0 0 0 0 0 0 0 0 0 0 0 0 0 0 0 0 0 0 0 0 0 0 0 0
0 0 0 0 0 0 0 0 0 0 0 0 0 0 0 0 0 0 0 0 0 0 0 0
0 0 0 0 0 0 0 0 0 0 0 0 0 0 0 0 0 0 0 0 0 0 0 0
0 0 0 0 0 0 0 0 0 0 0 0 0 0 0 0 0 0 0 0 0 0 0 0
0 0 0 0 0 0 0 0 0 0 0 0 0 0 0 0 0 0 0 0 0 0 0 0
0 0 0 0 0 0 0 0 0 0 0 0 0 0 0 0 0 0 0 0 0 0 0 0
0 0 0 0 0 0 0 0 0 0 0 0 0 0 0 0 0 0 0 0 0 0 0 0
0 0 0 0 0 0 0 0 0 0 0 0 0 0 0 0 0 0 0 0 0 0 0 0
0 0 0 0 0 0 0 0 0 0 0 0 0 0 0 0 0 0 0 0 0 0 0 0
0 0 0 0 0 0 0 0 0 0 0 0 0 0 0 0 0 0 0 0 0 0 0 0
0 0 0 0 0 0 0 0 0 0 0 0 0 0 0 0 0 0 0 0 0 0 0 0
0 0 0 0 0 0 0 0 0 0 0 0 0 0 0 0 0 0 0 0 0 0 0 0

365 732 582 523 397 644 705 446 613 628 506 486 273 405 503 494 480 581 667 716 577 481 800 244
533 852 289 744 614 579 579 685 575 629 525 494 620 511 513 766 757 422 684 474 605 593 607 795
420 620 732 650 348 664 726 485 522 453 660 547 741 488 569 496 681 679 737 458 581 564 820 910
528 702 414 566 566 742 552 532 647 714 744 425 477 325 470 719 666 468 688 495 494 506 605 712
553 575 553 491 465 572 376 350 443 468 711 426 709 628 281 582 212 531 667 165 706 603 490 460
650 649 404 562 530 684 423 575 667 570 505 266 578 598 472 622 504 600 384 374 991 669 541 663
701 773 566 583 540 422 362 775 697 493 902 606 598 458 744 648 505 615 628 779 764 510 833 513
678 502 766 388 404 913 691 794 636 727 629 468 743 552 581 808 860 647 378 570 383 563 575 663
578 484 472 591 534 464 534 462 387 470 517 423 570 599 402 498 778 379 830 587 444 537 677 779
914 648 386 689 428 217 825 526 561 542 431 613 543 384 828 438 417 257 632 570 425 756 888 497
791 760 717 773 565 659 585 472 631 603 629 842 757 654 593 424 881 478 660 691 689 439 580 620
578 608 642 554 458 785 663 610 598 525 459 594 579 564 712 576 662 701 775 447 478 444 581 473
395 571 603 736 629 518 685 624 684 565 630 574 818 804 683 801 563 735 684 401 590 639 595 311
716 628 466 652 598 381 478 336 440 558 560 445 553 374 663 778 439 546 551 519 504 779 504 622
819 618 492 671 535 625 680 597 468 310 127 534 647 580 427 658 387 487 678 771 486 591 678 862
707 449 465 622 604 398 467 762 351 486 342 594 536 555 446 528 558 575 422 730 524 598 784 607
499 583 493 724 425 704 632 922 438 829 532 746 687 748 629 317 504 425 461 282 678 510 569 537
691 625 668 614 804 534 553 686 449 725 575 581 573 346 604 379 775 491 724 742 819 686 566 745
683 628 403 751 407 436 496 759 612 600 610 211 768 589 508 628 760 210 666 523 437 467 639 496
637 536 592 643 557 661 363 679 260 696 699 505 458 467 560 518 505 323 492 358 691 275 763 753
339 400 892 351 666 625 814 948 641 179 851 301 715 743 597 523 438 423 514 274 578 349 806 532
779 355 782 577 741 397 647 631 662 426 668 278 356 634 138 983 634 256 695 527 844 427 873 449
602 528 744 528 607 664 570 480 678 492 680 656 551 714 533 411 400 383 721 412 497 646 843 298
532 811 717 584 601 380 546 775 498 347 411 497 548 604 507 624 518 596 676 336 694 282 534 642

0 0 0 0 0 0 0 0 0 0 0 0 0 0 0 0 0 0 0 0 0 0 0 0
0 0 0 0 0 0 0 0 0 0 0 0 0 0 0 0 0 0 0 0 0 0 0 0
0 0 0 0 0 0 0 0 0 0 0 0 0 0 0 0 0 0 0 0 0 0 0 0
0 0 0 0 0 0 0 0 0 0 0 0 0 0 0 0 0 0 0 0 0 0 0 0
0 0 0 0 93 0 0 0 0 0 0 0 0 0 0 0 0 0 0 0 0 0 0 37
0 0 0 0 0 0 0 0 0 0 0 0 0 0 0 0 0 0 0 0 0 0 0 0
0 0 0 0 9 0 0 0 0 0 0 0 0 0 0 0 0 0 0 0 0 0 0 0
0 0 0 0 0 0 0 0 0 0 0 0 0 0 0 0 0 0 0 0 0 0 0 0
0 0 0 0 0 0 0 0 0 0 0 0 0 0 167 0 0 0 0 0 0 0 0 0
0 0 0 0 0 0 0 0 0 0 0 0 0 0 0 0 0 0 0 0 0 0 0 0
0 0 0 0 0 0 0 0 0 0 0 0 0 0 0 0 0 0 0 0 0 0 0 0
32 0 0 0 0 0 0 0 0 0 0 0 0 0 0 0 0 0 0 0 0 0 0 0
0 51 0 0 0 0 0 0 0 0 0 0 0 0 0 0 0 0 0 0 0 0 0 0
0 0 0 0 0 0 0 0 0 0 0 0 0 0 0 0 0 0 0 0 0 0 0 0
0 0 0 0 0 0 0 0 0 0 0 0 0 0 0 0 0 0 0 0 0 0 0 0
0 0 0 0 0 0 0 0 0 0 0 0 0 0 0 0 0 0 0 0 0 0 0 0
0 0 0 0 0 0 0 0 0 0 0 0 0 0 0 0 0 0 0 0 0 0 0 0
0 0 0 0 0 0 0 0 0 0 0 0 0 0 0 0 0 0 0 0 0 0 0 0
0 0 0 0 0 0 0 65 15 0 0 0 0 0 0 0 0 0 0 0 0 0 0 0
0 0 0 0 0 0 0 17 0 0 0 0 0 0 0 0 0 225 0 0 0 0 0 0
0 0 0 0 0 0 0 0 0 0 0 0 0 0 0 0 0 0 0 0 0 0 0 0
0 0 0 0 0 0 0 0 0 0 0 0 0 0 0 0 0 0 0 0 0 0 0 0
0 0 0 0 0 0 0 0 0 0 0 0 0 0 0 0 0 0 0 0 0 0 0 0
0 0 0 0 0 0 0 0 0 0 0 0 0 0 0 0 0 0 0 0 0 6 0 0

