3878 3202 3684 3545 3577 4290 4214 3637 4667 3942
3687 4152 4213 4111 2871 3690 3973 3147 3253 4201
4590 4785 3581 4150 4305 3531 4201 5239 3566 3706
3369 3302 4423 4466 3976 4027 3772 4471 2980 3439
3437 3642 3540 4055 2953 4399 3383 3178 3334 3225
4247 4168 2956 2752 3542 3699 3655 3463 3634 4288
4161 4633 3340 3260 3904 3740 2759 4299 4037 3616
3914 4910 2736 4637 4038 3382 3242 4125 3934 3979
3628 3094 3332 3872 4451 3847 3368 3600 4615 3854
3066 3718 4335 3473 3815 3170 3519 4311 4413 5028

0 0 0 0 0 0 0 0 0 0
0 0 0 0 0 0 0 0 0 0
0 0 0 0 0 0 0 0 0 0
0 0 0 0 0 0 0 0 0 0
0 0 0 0 0 0 0 0 0 0
0 0 0 0 0 0 0 0 0 0
0 0 0 0 0 0 0 0 0 0
0 0 0 0 0 0 0 0 0 0
0 0 0 0 0 0 0 0 0 0
0 0 0 0 0 0 0 0 0 0

0 0 0 0 0 0 0 0 0 0
0 0 0 0 0 0 0 0 0 0
0 0 0 0 0 0 0 0 0 0
0 0 0 0 0 0 0 0 0 0
0 0 0 0 0 0 0 0 0 0
0 0 0 0 0 0 0 0 0 0
0 0 0 0 0 0 0 0 0 0
0 0 0 0 0 0 0 0 0 0
0 0 0 0 0 0 0 0 0 0
0 0 0 0 0 0 0 0 0 0

0 0 0 0 0 0 0 0 0 0
0 0 0 0 0 0 0 0 0 0
0 0 0 0 0 0 0 0 0 0
0 0 0 0 0 0 0 0 0 0
0 0 0 0 0 0 0 0 0 0
0 0 0 0 0 0 0 0 0 0
0 0 0 0 0 0 0 0 0 0
0 0 0 0 0 0 0 0 0 0
0 0 0 0 0 0 0 0 0 0
0 0 0 0 0 0 0 0 0 0

4257 4594 3816 4403 4116 2942 3597 3479 3464 3676
3996 4022 3604 3382 3984 3926 3571 3624 3715 3634
2143 3902 4177 3720 3834 3260 3499 3095 3358 4387
2806 3421 3175 3632 3835 3181 4045 4125 3671 3245
3618 3704 3320 3386 3839 3742 3422 3084 3280 2932
2850 2863 2815 3508 3306 3478 2566 4692 3920 3894
2379 4054 5061 2992 3128 3580 3772 2341 2903 3262
3472 4057 4862 3334 4317 3576 3584 3906 3515 4145
4291 4013 4666 2667 2169 4331 3901 3140 3396 4162
2909 4117 4113 2208 3589 3368 3313 3802 3120 4117

3678 2692 3205 2979 2013 1544 1573 2449 2599 2168
1980 1851 2480 1908 2393 2245 2092 2597 2883 2299
2237 3356 3584 2167 3113 3400 2882 3067 2467 3405
2032 3262 2621 2597 2299 2409 2872 1828 1934 2681
2990 2585 2174 2258 3010 2170 2918 3545 3045 2442
833 2271 2037 2941 2961 3437 1167 2442 2088 2608
2968 3533 1815 1578 1086 1972 2344 2128 2595 3150
2726 3312 3286 2977 2743 1759 2334 3166 2196 2479
2359 3099 2157 2549 2374 2913 2971 1977 2902 2206
2217 3675 3346 2410 2723 2898 2350 3815 3053 2813

6161 6065 6133 5784 4833 5511 5270 5515 6035 5109
6065 6086 5976 6598 6428 6033 5891 6312 5929 5688
5364 5420 6175 5831 5165 5676 6228 5807 5743 6181
6097 6345 5321 5389 6692 5993 5831 6450 6133 6146
6611 4742 5701 6205 5840 5809 6449 6218 6419 5957
5162 5081 5844 5100 6442 5013 5981 5036 6083 5150
5962 6447 5497 5476 6431 5814 5583 6350 6325 7186
6944 5379 5576 6500 4857 5580 4985 6344 5713 5971
6529 5559 5069 5352 5904 5678 5843 5285 6183 6157
5672 6229 6617 6609 4938 4959 5784 6183 5597 5913

589 1438 0 0 92 709 402 65 724 737
222 0 0 419 0 0 820 0 520 647
362 310 153 1028 26 484 0 0 815 1022
286 1512 355 1164 0 478 1101 995 803 879
239 787 0 329 1197 843 459 763 688 789
1060 0 1466 893 143 338 962 729 507 167
704 0 463 0 1064 385 295 49 462 397
1571 157 0 317 0 573 312 834 0 811
924 165 874 1060 469 744 863 750 1227 1
1214 415 0 724 1564 722 940 0 785 383

0 0 0 0 0 0 0 0 0 0
0 0 0 0 0 0 0 0 0 0
0 0 0 0 0 0 0 0 0 0
0 0 0 0 0 0 0 0 0 0
0 0 0 0 0 0 0 0 0 0
0 0 0 0 0 0 0 0 0 0
0 0 0 0 0 0 0 0 0 0
0 0 0 0 0 0 0 0 0 0
0 0 0 0 0 0 0 0 0 0
0 0 0 0 0 0 0 0 0 0

4185 4733 5098 4495 5338 5336 4671 4942 6100 4087
6035 5514 5056 5953 5256 5101 5065 5309 4845 4976
5251 5035 4913 4855 5636 4542 3613 5158 4508 5834
4488 4999 4730 5407 5261 5252 6446 4606 5752 4448
4397 4728 5794 5138 5841 4397 4546 5627 4956 5025
6325 4389 4839 4626 4175 4456 4491 5387 5606 5520
4362 4585 5036 5891 4031 4623 5618 4772 4426 4211
5994 4945 4898 3759 5419 5788 4207 4485 5199 4671
6003 5292 5635 5711 4937 5014 4953 4849 5794 4467
4504 4694 4985 4153 5226 4916 4562 4534 5519 4902

0 0 0 0 0 0 0 0 0 0
0 0 0 0 0 0 0 0 0 0
0 0 0 0 0 0 0 0 0 0
0 0 0 0 0 0 0 0 0 0
0 0 0 0 0 0 0 0 0 0
0 0 0 0 0 0 0 0 0 0
0 0 0 0 0 0 0 0 0 0
0 0 0 0 0 0 0 0 0 0
0 0 0 0 0 0 0 0 0 0
0 0 0 0 0 0 0 0 0 0

2566 2426 2172 2735 2667 2442 2553 2347 2566 2956
2403 2641 3122 2031 2849 2745 1983 2189 2651 2809
2024 2109 2910 2827 2308 2478 3033 2699 2137 2554
3355 1746 2890 1531 2355 1859 1560 2811 2656 2531
2630 2582 2090 3138 2944 3649 2476 2754 3758 3034
1848 3488 1818 2178 984 2266 2468 2926 2388 2794
1499 1714 2741 3230 2135 2442 2059 2229 2570 2973
1266 2967 3507 2703 2582 2578 2922 2402 2754 2310
2442 3009 3036 1958 2374 2396 1875 2273 2215 2685
2547 1539 3096 2803 2561 2332 2491 2486 2454 3045

0 0 0 0 0 0 0 0 0 0
0 0 0 0 0 0 0 0 0 0
0 0 0 0 0 0 0 0 0 0
0 0 0 0 0 0 0 0 0 0
0 0 0 0 0 0 0 0 0 0
0 0 0 0 0 0 0 0 0 0
0 0 0 0 0 0 0 0 0 0
0 0 0 0 0 0 0 0 0 0
0 0 0 0 0 0 0 0 0 0
0 0 0 0 0 0 0 0 0 0

0 0 0 0 0 0 0 0 0 0
0 0 0 0 0 0 0 0 0 0
0 0 0 0 0 0 0 0 0 0
0 0 0 0 0 0 0 0 0 0
0 0 0 0 0 0 0 0 0 0
0 0 0 0 0 0 0 0 0 0
0 0 0 0 0 0 0 0 0 0
0 0 0 0 0 0 0 0 0 0
0 0 0 0 0 0 0 0 0 0
0 0 0 0 0 0 0 0 0 0

0 0 0 0 0 0 0 0 0 0
0 0 0 0 0 0 0 0 0 0
0 0 0 0 0 0 0 0 0 0
0 0 0 0 0 0 0 0 0 0
0 0 0 0 0 0 0 0 0 0
0 0 0 0 0 0 0 0 0 0
0 0 0 0 0 0 0 0 0 0
0 0 0 0 0 0 0 0 0 0
0 0 0 0 0 0 0 0 0 0
0 0 0 0 0 0 0 0 0 0

1624 1841 2109 1577 2637 1380 1611 1450 1342 1096
1581 1560 1919 1899 1483 1317 2084 1007 1505 2180
2145 2246 2350 1801 2341 2271 1309 1695 2139 1831
3352 882 1729 1911 1376 809 1644 1577 1828 1858
1530 770 1972 2001 2620 2481 1222 1074 2553 1919
1616 1427 1672 543 1616 1426 1950 1135 933 1752
3320 196 1104 2239 1641 1255 1422 1860 1842 2024
2386 1315 1543 1948 941 2248 1946 1328 2260 1940
2150 1624 1649 410 1677 1176 2782 1126 910 1980
2624 534 2229 1781 1827 1895 2110 832 1971 2243

