21 6 16 61 0 33 12 27 49 66 28 57 70 20 16 50 40 14 64 17 35 70 9 22 17 12
30 39 64 0 26 40 41 2 36 47 36 45 48 38 57 24 26 43 20 39 13 42 39 39 53 22
46 40 39 69 27 0 38 4 14 3 0 51 53 27 79 78 15 0 15 48 37 34 13 12 0 20
85 71 8 47 80 25 90 20 31 33 41 56 35 16 20 54 0 47 7 59 26 35 40 32 57 57
39 48 42 78 83 28 57 27 40 31 50 52 0 6 37 5 80 13 71 58 42 27 21 5 34 33
35 26 41 38 0 38 37 55 36 112 75 64 30 33 36 0 66 0 0 60 26 0 29 0 0 53
44 60 30 31 110 53 96 19 41 1 25 30 31 0 44 63 40 48 50 0 58 55 10 61 34 58
15 0 68 5 0 58 56 8 7 33 33 115 27 65 33 21 9 36 46 5 51 86 27 50 2 39
33 19 25 77 58 65 85 21 53 19 48 14 14 51 52 19 0 0 0 60 23 54 61 41 42 54
35 79 31 4 38 51 60 56 21 2 60 78 90 0 8 0 20 57 61 47 15 20 38 46 52 0
26 38 16 31 47 0 44 8 26 51 51 26 31 30 77 56 4 74 26 49 68 37 0 0 33 15
27 48 48 13 6 59 0 20 40 30 77 52 0 80 38 42 44 120 0 44 28 22 19 23 39 49
1 0 48 59 86 0 33 35 37 29 0 54 38 24 23 6 60 40 19 61 62 18 12 28 42 27
67 43 25 70 5 26 24 23 5 53 33 23 16 77 48 22 21 0 1 7 20 39 25 39 19 26
21 3 43 0 27 9 14 12 22 54 23 0 29 70 0 0 43 64 50 14 61 23 73 42 89 71
45 38 68 46 73 73 24 38 28 20 68 68 63 64 14 0 90 62 8 48 25 20 40 20 11 47
67 53 56 13 55 27 51 44 60 37 24 30 18 0 18 70 34 0 48 14 84 13 27 15 46 0
15 53 28 42 20 10 0 19 54 18 35 12 26 33 30 57 31 34 44 48 51 30 22 0 25 34
51 58 0 16 95 37 6 31 80 68 49 37 5 93 14 0 16 41 18 33 7 24 49 25 69 86
4 6 41 56 72 0 69 8 16 0 34 0 25 19 34 48 0 16 57 90 31 33 12 60 89 18
40 3 22 60 14 65 17 14 18 26 35 96 3 44 33 90 81 75 34 36 24 34 53 75 21 0
0 49 24 12 0 67 27 36 71 63 0 63 40 36 51 16 72 36 21 68 15 78 78 0 39 11
32 29 14 52 73 56 0 22 124 116 20 69 0 14 60 0 1 38 45 78 31 57 46 65 39 11
12 54 52 15 32 29 32 27 0 24 0 16 59 52 61 19 0 70 32 16 12 69 20 77 22 3
15 54 17 65 0 31 23 48 43 33 81 57 99 6 9 3 4 9 58 32 96 0 33 49 31 30
67 62 24 2 55 45 33 0 7 2 2 0 15 46 27 82 99 80 0 45 0 40 47 34 74 90

77 84 121 92 87 114 63 158 104 151 132 114 70 83 138 147 63 96 79 128 136 151 121 110 81 76
76 166 137 89 112 144 153 83 155 107 164 176 143 96 95 101 129 108 76 110 89 99 155 114 132 147
148 94 98 139 150 78 110 148 88 107 64 157 102 152 133 152 85 132 134 166 129 141 115 105 137 110
123 162 121 122 140 124 163 110 118 157 123 140 104 65 106 73 80 89 101 97 79 145 103 156 123 182
98 85 92 162 152 150 104 124 107 103 120 154 138 98 133 78 129 111 150 148 138 83 100 105 111 110
143 169 103 114 110 90 95 146 150 168 174 109 135 140 81 92 70 136 47 97 121 121 144 107 69 128
146 135 148 108 134 152 79 132 161 156 98 128 133 103 144 181 160 149 117 92 130 140 103 157 141 113
174 127 105 130 88 92 122 99 145 115 148 160 140 125 141 133 132 126 151 149 73 66 143 99 150 103
95 147 125 122 124 157 150 120 85 106 72 110 77 111 174 110 39 108 110 184 102 103 184 81 153 117
138 152 159 83 118 83 116 146 117 104 104 125 186 80 62 91 58 98 146 166 98 125 127 176 130 114
164 127 148 129 164 103 137 66 101 116 105 113 149 135 165 144 96 121 133 94 98 151 131 62 88 145
171 118 177 155 116 81 139 66 125 126 105 140 118 179 134 126 156 190 136 148 146 133 84 110 54 166
68 98 92 207 132 188 107 154 149 111 100 95 134 113 119 136 115 143 172 117 158 98 123 92 70 113
91 164 107 84 89 120 101 100 74 90 100 146 135 130 112 89 130 78 107 86 106 88 84 97 111 94
146 96 112 88 131 115 110 115 124 144 66 27 72 106 142 87 86 155 98 95 144 179 150 175 185 128
135 180 129 92 114 133 128 106 109 76 88 116 183 181 129 82 75 125 85 68 146 110 77 115 93 120
151 101 118 106 78 139 101 170 160 101 68 95 107 113 121 129 59 93 89 79 66 111 128 113 71 109
57 137 133 119 151 137 103 115 91 141 116 165 115 161 47 158 142 130 133 128 122 112 100 84 65 83
142 141 74 102 181 105 101 88 162 183 145 118 110 99 96 74 96 129 64 111 130 75 178 130 151 134
129 101 99 122 119 153 183 84 91 43 85 100 105 142 89 114 89 117 147 115 55 112 78 114 172 123
134 112 87 114 113 112 117 94 98 120 115 107 116 106 134 141 156 52 152 95 102 106 136 129 194 90
56 127 126 98 105 109 130 140 131 193 118 102 94 131 99 80 183 163 128 80 100 109 129 131 72 103
122 81 120 125 152 123 119 116 200 167 166 125 124 95 132 185 74 137 83 113 166 124 170 156 190 143
164 162 152 101 124 138 104 138 114 112 92 66 153 132 113 109 51 86 196 113 71 138 113 57 166 64
83 75 130 129 91 86 83 134 116 87 110 120 69 81 88 115 59 84 138 150 150 155 62 143 148 162
110 94 200 94 83 134 116 48 90 125 75 71 112 80 122 120 115 140 52 104 124 99 104 80 191 103

0 0 0 0 0 0 0 0 0 0 0 0 0 0 0 0 0 0 0 0 0 0 0 0 0 0
0 0 0 0 0 0 0 0 0 0 0 0 0 0 0 0 0 0 0 0 0 0 0 0 0 0
0 0 0 0 0 0 0 0 0 0 0 0 0 0 0 0 0 0 0 0 0 0 0 0 0 0
0 0 0 0 0 0 0 0 0 0 0 0 0 0 0 0 0 0 0 0 0 0 0 0 0 0
0 0 0 0 0 0 0 0 0 0 0 0 0 0 0 0 0 0 0 0 0 0 0 0 0 0
0 0 0 0 0 0 0 0 0 0 0 0 0 0 0 0 0 0 0 0 0 0 0 0 0 0
0 0 0 0 0 0 0 0 0 0 0 0 0 0 0 0 0 0 0 0 0 0 0 0 0 0
0 0 0 0 0 0 0 0 0 0 0 0 0 0 0 0 0 0 0 0 0 0 0 0 0 0
0 0 0 0 0 0 0 0 0 0 0 0 0 0 0 0 0 0 0 0 0 0 0 0 0 0
0 0 0 0 0 0 0 0 0 0 0 0 0 0 0 0 0 0 0 0 0 0 0 0 0 0
0 0 0 0 0 0 0 0 0 0 0 0 0 0 0 0 0 0 0 0 0 0 0 0 0 0
0 0 0 0 0 0 0 0 0 0 0 0 0 0 0 0 0 0 0 0 0 0 0 0 0 0
0 0 0 0 0 0 0 0 0 0 0 0 0 0 0 0 0 0 0 0 0 0 0 0 0 0
0 0 0 0 0 0 0 0 0 0 0 0 0 0 0 0 0 0 0 0 0 0 0 0 0 0
0 0 0 0 0 0 0 0 0 0 0 0 0 0 0 0 0 0 0 0 0 0 0 0 0 0
0 0 0 0 0 0 0 0 0 0 0 0 0 0 0 0 0 0 0 0 0 0 0 0 0 0
0 0 0 0 0 0 0 0 0 0 0 0 0 0 0 0 0 0 0 0 0 0 0 0 0 0
0 0 0 0 0 0 0 0 0 0 0 0 0 0 0 0 0 0 0 0 0 0 0 0 0 0
0 0 0 0 0 0 0 0 0 0 0 0 0 0 0 0 0 0 0 0 0 0 0 0 0 0
0 0 0 0 0 0 0 0 0 0 0 0 0 0 0 0 0 0 0 0 0 0 0 0 0 0
0 0 0 0 0 0 0 0 0 0 0 0 0 0 0 0 0 0 0 0 0 0 0 0 0 0
0 0 0 0 0 0 0 0 0 0 0 0 0 0 0 0 0 0 0 0 0 0 0 0 0 0
0 0 0 0 0 0 0 0 0 0 0 0 0 0 0 0 0 0 0 0 0 0 0 0 0 0
0 0 0 0 0 0 0 0 0 0 0 0 0 0 0 0 0 0 0 0 0 0 0 0 0 0
0 0 0 0 0 0 0 0 0 0 0 0 0 0 0 0 0 0 0 0 0 0 0 0 0 0
0 0 0 0 0 0 0 0 0 0 0 0 0 0 0 0 0 0 0 0 0 0 0 0 0 0

0 0 0 0 0 0 0 0 0 0 0 0 0 0 0 0 0 0 0 0 0 0 0 0 0 0
0 0 0 0 0 0 0 0 0 0 0 0 0 0 0 0 0 0 0 0 0 0 0 0 0 0
0 0 0 0 0 0 0 0 0 0 0 0 0 0 0 0 0 0 0 0 0 0 0 0 0 0
0 0 0 0 0 0 0 0 0 0 0 0 0 0 0 0 0 0 0 0 0 0 0 0 0 0
0 0 0 0 0 0 0 0 0 0 0 0 0 0 0 0 0 0 0 0 0 0 0 0 0 0
0 0 0 0 0 0 0 0 0 0 0 0 0 0 0 0 0 0 0 0 0 0 0 0 0 0
0 0 0 0 0 0 0 0 0 0 0 0 0 0 0 0 0 0 0 0 0 0 0 0 0 0
0 0 0 0 0 0 0 0 0 0 0 0 0 0 0 0 0 0 0 0 0 0 0 0 0 0
0 0 0 0 0 0 0 0 0 0 0 0 0 0 0 0 0 0 0 0 0 0 0 0 0 0
0 0 0 0 0 0 0 0 0 0 0 0 0 0 0 0 0 0 0 0 0 0 0 0 0 0
0 0 0 0 0 0 0 0 0 0 0 0 0 0 0 0 0 0 0 0 0 0 0 0 0 0
0 0 0 0 0 0 0 0 0 0 0 0 0 0 0 0 0 0 0 0 0 0 0 0 0 0
0 0 0 0 0 0 0 0 0 0 0 0 0 0 0 0 0 0 0 0 0 0 0 0 0 0
0 0 0 0 0 0 0 0 0 0 0 0 0 0 0 0 0 0 0 0 0 0 0 0 0 0
0 0 0 0 0 0 0 0 0 0 0 0 0 0 0 0 0 0 0 0 0 0 0 0 0 0
0 0 0 0 0 0 0 0 0 0 0 0 0 0 0 0 0 0 0 0 0 0 0 0 0 0
0 0 0 0 0 0 0 0 0 0 0 0 0 0 0 0 0 0 0 0 0 0 0 0 0 0
0 0 0 0 0 0 0 0 0 0 0 0 0 0 0 0 0 0 0 0 0 0 0 0 0 0
0 0 0 0 0 0 0 0 0 0 0 0 0 0 0 0 0 0 0 0 0 0 0 0 0 0
0 0 0 0 0 0 0 0 0 0 0 0 0 0 0 0 0 0 0 0 0 0 0 0 0 0
0 0 0 0 0 0 0 0 0 0 0 0 0 0 0 0 0 0 0 0 0 0 0 0 0 0
0 0 0 0 0 0 0 0 0 0 0 0 0 0 0 0 0 0 0 0 0 0 0 0 0 0
0 0 0 0 0 0 0 0 0 0 0 0 0 0 0 0 0 0 0 0 0 0 0 0 0 0
0 0 0 0 0 0 0 0 0 0 0 0 0 0 0 0 0 0 0 0 0 0 0 0 0 0
0 0 0 0 0 0 0 0 0 0 0 0 0 0 0 0 0 0 0 0 0 0 0 0 0 0
0 0 0 0 0 0 0 0 0 0 0 0 0 0 0 0 0 0 0 0 0 0 0 0 0 0

86 63 77 26 74 62 100 88 74 68 39 59 34 31 42 58 25 71 60 67 54 71 53 66 79 42
65 55 42 93 64 91 79 54 33 33 47 36 33 74 137 86 57 13 30 56 80 65 26 53 34 36
41 64 74 10 104 75 47 54 93 57 42 48 43 37 23 49 127 45 62 83 46 83 88 63 59 6
27 7 38 87 48 20 58 88 49 53 6 90 78 57 119 59 67 58 65 33 55 81 75 66 12 24
51 70 21 42 54 44 85 88 50 51 48 62 55 64 65 78 41 63 50 56 73 19 62 49 77 74
69 56 69 81 92 85 94 74 48 40 65 78 57 95 60 38 72 76 102 66 60 61 27 101 65 79
89 72 25 48 64 54 53 82 47 28 67 69 35 91 50 29 87 65 49 35 58 52 36 45 44 18
79 98 82 69 55 100 44 70 76 73 49 126 67 12 50 64 78 64 76 71 61 60 49 97 104 38
138 109 66 81 0 29 87 33 57 50 24 53 123 41 41 78 112 73 43 30 50 57 43 71 52 44
76 105 89 56 36 36 75 52 83 66 51 46 39 19 133 105 60 78 36 83 39 52 36 50 37 49
66 54 83 28 50 65 84 109 24 48 76 56 67 15 38 69 42 53 88 93 41 37 98 129 107 52
53 60 56 33 47 66 97 17 44 46 61 69 69 22 45 47 37 11 56 48 101 81 50 56 71 17
65 34 64 99 52 85 72 46 22 81 78 42 54 51 84 65 56 113 64 19 67 81 58 88 61 53
50 18 58 94 84 66 78 107 66 72 53 63 48 65 61 59 103 75 55 114 60 75 44 49 38 103
68 84 62 75 41 75 68 59 50 30 82 42 28 81 78 60 55 43 35 61 38 70 68 16 54 9
78 31 102 54 29 29 32 72 60 57 52 11 62 60 52 52 80 46 42 21 47 44 74 60 100 40
61 104 67 89 77 95 69 50 64 77 53 36 35 65 52 19 87 89 82 56 102 41 66 107 55 78
73 41 33 43 72 61 138 46 87 71 33 57 75 45 48 61 70 30 62 35 22 105 54 114 39 90
77 60 82 71 36 106 41 70 50 42 45 42 49 34 55 89 65 58 56 82 60 34 90 75 75 110
42 85 31 41 93 66 76 56 90 122 76 32 47 82 73 14 49 48 72 85 85 61 99 71 59 85
28 66 50 42 35 31 67 33 69 62 111 53 67 42 51 20 57 51 63 27 34 39 7 79 101 43
73 102 56 83 51 36 59 49 32 25 67 101 39 61 73 93 39 39 58 48 86 65 74 84 52 44
42 49 53 76 44 61 69 132 91 88 74 50 79 81 127 54 79 71 33 72 56 32 48 59 36 24
75 27 23 40 71 49 74 62 42 75 46 58 46 16 39 36 33 83 83 52 90 15 145 122 70 56
40 48 96 48 79 83 48 69 92 30 52 66 54 58 67 42 34 53 77 71 42 45 112 95 50 22
41 37 37 106 50 61 35 59 100 59 63 65 0 41 63 45 22 68 90 44 76 52 112 41 54 66

0 0 0 0 0 0 0 0 0 0 0 0 0 0 0 0 0 0 0 0 0 0 0 0 0 0
0 0 0 0 0 0 0 0 0 0 0 0 0 0 0 0 0 0 0 0 0 0 0 0 0 0
0 0 0 0 0 0 0 0 0 0 0 0 0 0 0 0 0 0 0 0 0 0 0 0 0 0
0 0 0 0 0 0 0 0 0 0 0 0 0 0 0 0 0 0 0 0 0 0 0 0 0 0
0 0 0 0 0 0 0 0 0 0 0 0 0 0 0 0 0 0 0 0 0 0 0 0 0 0
0 0 0 0 0 0 0 0 0 0 0 0 0 0 0 0 0 0 0 0 0 0 0 0 0 0
0 0 0 0 0 0 0 0 0 0 0 0 0 0 0 0 0 0 0 0 0 0 0 0 0 0
0 0 0 0 0 0 0 0 0 0 0 0 0 0 0 0 0 0 0 0 0 0 0 0 0 0
0 0 0 0 0 0 0 0 0 0 0 0 0 0 0 0 0 0 0 0 0 0 0 0 0 0
0 0 0 0 0 0 0 0 0 0 0 0 0 0 0 0 0 0 0 0 0 0 0 0 0 0
0 0 0 0 0 0 0 0 0 0 0 0 0 0 0 0 0 0 0 0 0 0 0 0 0 0
0 0 0 0 0 0 0 0 0 0 0 0 0 0 0 0 0 0 0 0 0 0 0 0 0 0
0 0 0 0 0 0 0 0 0 0 0 0 0 0 0 0 0 0 0 0 0 0 0 0 0 0
0 0 0 0 0 0 0 0 0 0 0 0 0 0 0 0 0 0 0 0 0 0 0 0 0 0
0 0 0 0 0 0 0 0 0 0 0 0 0 0 0 0 0 0 0 0 0 0 0 0 0 0
0 0 0 0 0 0 0 0 0 0 0 0 0 0 0 0 0 0 0 0 0 0 0 0 0 0
0 0 0 0 0 0 0 0 0 0 0 0 0 0 0 0 0 0 0 0 0 0 0 0 0 0
0 0 0 0 0 0 0 0 0 0 0 0 0 0 0 0 0 21 0 0 0 0 0 0 0 0
0 0 0 0 0 0 0 0 0 0 0 0 0 0 0 0 0 0 0 0 0 0 0 0 0 0
0 0 0 0 0 0 0 0 0 0 0 0 0 0 0 0 0 0 0 0 0 0 0 0 0 0
0 0 0 0 0 0 0 0 0 0 0 0 0 0 0 0 0 0 0 0 0 0 0 0 0 0
0 0 0 0 0 0 0 0 0 0 0 0 0 0 0 0 0 0 0 0 0 0 0 0 0 0
0 0 0 0 0 0 0 0 0 0 0 0 0 0 0 0 0 0 0 0 0 0 0 0 0 0
0 0 0 0 0 0 0 0 0 0 0 0 0 0 0 0 0 0 0 0 0 0 0 0 0 0
0 0 0 0 0 0 0 0 0 0 0 0 0 0 0 0 0 0 0 0 0 0 0 0 0 0
0 0 0 0 0 0 0 0 0 0 0 0 0 0 0 0 0 0 0 0 0 0 0 0 0 0

0 24 0 16 0 0 0 0 18 8 12 0 0 0 0 0 0 0 0 0 0 0 0 0 0 0
0 32 0 11 0 0 0 0 0 0 0 0 0 0 0 30 9 0 0 0 0 0 0 0 0 9
0 0 0 0 0 0 0 0 0 0 0 0 0 0 0 0 0 0 0 0 0 0 0 0 0 0
0 0 0 0 0 0 0 0 0 0 0 0 5 0 24 0 0 0 0 0 0 0 0 0 0 0
0 14 0 0 0 0 0 0 0 0 0 0 0 0 0 0 24 0 0 0 0 0 0 0 0 0
0 0 0 0 0 5 0 0 0 37 2 0 0 0 0 0 0 0 0 0 11 0 0 0 0 18
0 24 0 0 0 0 0 0 0 0 0 0 4 0 4 26 0 7 0 0 25 0 0 0 7 0
0 0 15 0 0 0 0 0 0 0 0 0 0 0 0 0 0 0 0 0 0 0 0 0 0 0
0 0 0 0 0 0 0 0 3 0 0 0 0 0 0 0 0 2 0 0 0 1 0 0 0 0
23 0 0 2 11 0 0 0 0 0 0 0 0 0 0 0 0 0 0 0 0 0 24 0 0 0
0 0 0 1 0 0 0 0 0 0 0 23 0 0 0 0 0 0 15 0 0 0 0 0 6 0
0 0 0 0 0 0 0 0 9 0 0 0 0 0 0 0 0 12 0 0 0 34 8 0 0 0
0 0 0 0 0 1 0 1 0 0 0 0 0 8 0 0 15 0 0 0 0 23 0 0 0 0
0 0 0 0 0 0 0 0 0 0 0 0 0 0 0 0 0 0 0 0 0 0 0 0 0 0
0 0 0 0 0 0 0 0 0 0 0 0 0 0 0 0 0 10 0 0 0 0 0 47 12 0
0 0 0 0 0 0 0 0 0 0 0 15 10 0 0 0 0 0 0 0 0 0 0 0 0 0
0 6 0 0 0 0 0 0 0 0 24 0 0 0 0 0 0 0 0 0 0 0 0 0 7 5
0 0 3 0 0 0 0 0 0 0 0 0 0 0 0 0 0 0 0 8 21 0 0 0 0 0
0 0 0 0 0 0 0 0 0 0 0 6 0 0 0 0 0 0 1 0 0 0 0 0 0 6
0 0 0 0 0 0 0 0 0 0 0 0 0 0 9 0 0 0 0 0 0 0 0 0 3 0
0 0 0 0 0 0 0 0 0 0 0 20 0 0 0 0 0 11 0 0 0 0 16 0 0 0
0 0 0 0 0 0 0 0 0 5 0 0 4 13 0 0 0 0 0 17 0 0 32 0 0 0
0 0 0 0 0 6 0 0 0 0 0 0 0 0 11 0 0 0 0 0 0 0 0 0 0 0
0 0 0 0 0 0 0 0 0 0 4 0 0 0 0 0 0 0 0 0 0 0 0 0 0 0
0 0 0 0 0 0 24 0 4 5 0 0 0 0 0 0 0 0 0 0 23 0 0 0 0 0
0 2 0 0 0 0 0 0 0 15 0 0 0 0 0 0 0 0 0 0 0 0 0 0 0 0

147 109 121 100 142 145 119 111 166 182 104 213 134 126 124 138 138 77 131 142 159 129 106 103 140 164
120 97 103 170 106 137 82 148 151 81 185 162 100 167 182 176 93 144 134 131 160 157 131 80 154 133
132 125 143 124 164 117 138 135 138 137 155 136 147 192 81 109 116 101 119 114 164 130 127 138 99 134
147 149 119 132 191 46 152 108 82 133 110 145 149 146 105 126 124 113 105 103 154 138 119 171 124 125
126 145 96 184 154 126 151 133 151 136 76 135 166 112 126 124 99 78 151 99 149 90 111 144 141 166
130 121 105 197 161 117 147 129 153 165 143 151 127 146 115 110 126 180 130 130 153 113 138 144 110 128
150 111 135 166 126 137 114 139 128 135 135 172 157 154 117 139 126 151 117 157 118 163 116 105 93 99
149 130 178 152 112 139 120 139 166 200 104 122 143 130 127 152 112 144 115 122 126 158 111 135 142 112
90 143 109 189 134 101 146 115 115 163 110 145 176 112 155 181 116 121 156 128 106 150 169 136 92 119
131 169 183 156 134 171 131 159 128 163 133 194 97 138 118 156 94 144 119 124 92 167 118 143 154 152
155 171 135 119 137 138 157 115 137 87 155 164 154 99 95 114 118 130 130 169 92 198 144 212 183 143
145 151 128 158 121 85 131 66 105 178 105 168 160 97 131 157 138 144 114 95 106 189 146 86 181 108
197 118 125 179 154 139 99 89 145 146 86 144 123 137 165 126 95 156 121 165 169 134 164 121 154 130
107 120 136 156 134 123 144 160 130 88 125 129 120 143 105 77 180 129 134 161 144 81 143 128 120 164
190 155 123 113 120 114 113 100 120 154 145 95 97 164 151 120 122 99 140 126 121 122 77 117 169 75
148 115 177 104 108 134 109 100 123 130 154 79 145 121 131 110 122 145 137 71 125 132 128 168 152 126
86 180 148 146 124 151 135 139 133 130 89 116 145 131 147 112 144 117 137 164 130 113 123 161 91 161
125 95 98 136 92 140 175 106 158 194 120 111 121 130 90 148 141 142 113 111 119 170 142 131 123 107
108 152 119 94 156 154 127 135 145 171 160 148 106 148 129 119 149 142 88 128 160 88 131 130 118 103
125 142 105 102 209 169 132 101 153 162 139 151 130 113 78 103 100 109 163 176 105 164 132 134 143 138
121 131 124 107 142 113 160 129 109 117 104 132 114 91 145 143 115 131 128 134 93 126 122 156 154 151
118 144 123 113 182 132 87 145 88 85 128 134 114 105 136 80 161 139 124 105 140 87 175 199 119 135
121 89 106 83 124 131 101 176 178 136 121 95 130 126 142 141 146 162 106 155 146 115 139 152 120 116
158 89 97 102 190 145 143 131 177 152 145 121 101 70 135 112 111 153 119 181 181 96 144 161 142 113
185 88 142 130 135 152 93 142 169 123 132 125 170 93 163 152 103 77 160 155 191 152 132 141 144 88
96 161 182 123 145 78 96 160 112 129 119 107 146 82 150 111 140 173 141 126 170 105 104 98 99 104

118 110 112 72 136 171 114 98 124 143 132 194 115 120 122 190 117 82 104 125 98 120 121 99 108 127
115 121 125 120 128 114 152 127 125 95 137 144 139 141 116 115 109 128 122 122 132 108 146 91 155 119
138 95 109 102 119 103 118 139 95 144 164 172 203 142 88 131 103 97 103 121 147 151 106 103 90 117
141 117 125 109 113 103 141 78 123 132 100 105 132 115 126 109 82 73 118 160 100 151 159 118 87 130
126 104 109 138 148 146 104 169 134 114 101 113 123 174 127 108 102 118 160 138 169 118 126 157 171 153
157 106 132 162 168 132 134 139 125 174 166 117 141 162 102 114 114 151 128 154 155 133 120 147 67 98
145 111 111 174 125 118 126 169 132 152 154 149 129 168 128 127 151 130 126 148 123 152 124 125 89 145
112 128 183 145 130 163 113 121 136 146 125 93 140 117 177 152 167 119 103 151 87 125 134 112 123 141
93 133 150 112 131 99 146 116 98 173 169 149 139 117 114 135 137 140 89 119 108 118 137 149 139 126
176 155 150 108 159 105 158 121 119 141 135 140 151 108 164 120 87 112 124 162 152 166 151 116 115 118
130 112 151 112 130 137 146 115 92 133 156 104 107 127 106 105 116 138 130 113 151 166 127 150 125 156
163 144 176 151 174 131 96 116 134 139 151 112 115 160 155 125 119 95 135 120 138 173 111 147 80 163
175 103 164 190 105 110 104 90 87 115 198 110 138 167 142 125 113 144 137 133 163 143 98 131 107 138
138 181 105 158 135 130 129 137 133 113 105 117 149 100 108 84 101 104 114 146 121 157 133 127 105 155
174 127 128 119 156 124 157 122 132 120 146 118 114 104 136 130 92 144 126 115 115 94 127 143 144 134
146 114 142 99 102 91 136 114 142 103 105 129 153 118 139 123 157 148 119 119 124 154 136 134 122 119
135 142 132 119 104 116 128 158 135 139 105 138 124 144 105 89 147 128 118 98 117 150 102 124 94 132
85 98 163 120 193 175 115 127 141 133 110 169 115 144 127 106 133 141 135 100 127 131 113 134 127 101
92 136 117 83 188 108 110 118 123 127 151 134 118 139 111 151 113 122 135 107 121 125 131 86 67 109
113 92 124 123 153 143 200 123 122 147 130 142 123 128 114 110 90 85 160 154 142 120 147 89 140 125
110 131 127 123 121 217 106 152 139 92 121 147 162 113 127 101 123 112 108 125 95 158 152 125 118 180
120 132 122 118 142 87 146 114 95 81 131 126 119 116 116 124 191 137 103 155 138 115 148 136 130 130
148 136 110 146 112 168 145 128 149 132 132 133 134 151 104 148 127 132 150 149 130 144 151 137 143 139
131 159 137 111 149 145 146 130 132 122 155 138 92 142 132 108 138 168 173 151 167 124 111 138 144 108
187 137 129 138 141 168 98 174 139 121 148 137 139 141 141 109 124 144 118 137 115 163 109 141 146 113
152 81 147 114 107 108 108 142 122 109 111 115 103 146 146 120 167 142 94 103 116 138 114 129 120 103

0 0 0 0 0 0 0 0 0 0 0 0 0 0 0 0 0 0 0 0 0 0 0 0 0 0
0 0 0 0 0 0 0 0 0 0 0 0 0 0 0 0 0 0 0 0 0 0 0 0 0 0
0 0 0 0 0 0 0 0 0 0 0 0 0 0 0 0 0 0 0 0 0 0 0 0 0 0
0 0 0 0 0 0 0 0 0 0 0 0 0 0 0 0 0 0 0 0 0 0 0 0 0 0
0 0 0 0 0 0 0 0 0 0 0 0 0 0 0 0 0 0 0 0 0 0 0 0 0 0
0 0 0 0 0 0 0 0 0 0 0 0 0 0 0 0 0 0 0 0 0 0 0 0 0 0
0 0 0 0 0 0 0 0 0 0 0 0 0 0 0 0 0 0 0 0 0 0 0 0 0 0
0 0 0 0 0 0 0 0 0 0 10 0 0 0 0 0 0 0 0 0 0 0 0 0 0 0
0 0 0 0 0 0 0 0 0 0 0 0 0 0 0 0 0 0 0 0 0 0 0 0 0 0
0 0 0 0 0 0 0 0 0 0 0 0 0 0 0 0 0 0 0 0 0 0 0 0 0 0
0 0 0 0 0 0 0 0 0 0 0 0 0 0 0 0 0 0 0 0 0 0 0 0 0 0
0 0 0 0 0 0 3 0 0 0 0 0 0 0 0 0 0 0 0 0 0 0 0 0 0 0
0 0 0 0 0 0 0 0 0 0 0 0 0 0 0 0 0 0 0 0 0 0 0 0 0 0
0 0 0 0 0 0 0 0 0 0 0 0 0 0 0 0 0 0 0 0 0 0 0 0 0 0
0 0 0 0 0 0 0 0 0 0 0 0 0 0 0 0 0 0 0 0 0 0 0 0 0 5
0 0 0 0 0 0 0 0 0 0 0 0 0 0 0 0 0 0 0 0 0 0 0 0 0 0
0 0 0 0 0 0 0 0 0 0 0 0 0 0 0 0 0 0 0 0 0 0 0 0 0 0
0 0 0 0 0 0 0 0 0 0 0 0 0 0 0 0 0 0 0 0 0 0 0 0 0 0
0 0 0 0 0 0 0 0 0 0 0 0 0 0 0 0 0 0 0 0 0 0 0 0 0 0
0 0 0 0 0 0 0 0 0 0 0 0 0 0 0 0 0 8 0 0 0 0 0 0 0 0
0 0 0 0 0 0 0 0 0 0 0 0 0 0 0 0 0 0 0 0 0 0 0 0 0 0
0 0 0 0 0 0 0 0 0 0 0 0 0 0 0 0 0 0 6 0 0 0 0 0 0 0
0 0 0 0 0 0 0 0 0 0 0 0 0 0 0 0 0 0 0 0 0 0 0 0 14 0
0 0 0 0 0 0 0 0 0 0 0 0 0 10 0 0 0 0 0 0 0 0 0 0 0 0
0 0 0 0 0 0 0 0 0 0 0 0 0 0 0 0 0 0 0 0 0 0 0 0 0 0
0 0 11 0 0 0 0 0 0 0 0 0 0 0 0 0 0 0 0 0 0 0 0 0 0 0

46 74 69 74 49 71 31 51 46 69 34 31 76 42 51 0 43 80 70 122 63 63 85 25 66 22
51 63 76 58 49 86 103 12 63 109 37 54 64 54 81 65 46 85 92 86 87 66 31 53 68 70
13 61 55 105 28 94 52 57 52 34 78 69 78 58 76 46 66 45 64 94 45 90 55 67 41 82
38 58 42 65 12 49 65 32 71 66 46 62 76 46 80 41 54 104 105 61 71 57 106 26 35 46
87 84 41 58 43 41 64 56 50 40 66 56 55 47 62 108 57 63 33 22 63 81 88 60 45 81
50 102 73 57 32 70 36 56 50 23 79 59 59 37 49 98 79 31 51 57 60 2 78 78 68 30
32 62 54 71 74 25 70 86 66 59 60 37 46 0 57 60 88 56 59 85 119 57 82 79 82 51
51 92 110 47 103 62 93 73 84 29 72 81 64 37 92 40 77 104 59 70 64 53 65 76 52 91
90 49 114 34 29 39 75 76 115 85 93 57 21 62 78 70 24 54 72 46 43 70 29 59 64 64
74 68 58 60 47 97 42 30 55 51 54 16 54 59 53 63 70 20 105 47 68 54 19 68 93 27
81 76 47 99 72 64 72 72 79 63 107 19 37 77 94 58 58 48 66 59 91 89 98 44 94 42
63 45 68 86 56 74 37 86 85 29 39 89 55 86 86 43 52 47 60 67 40 66 47 54 57 66
59 77 53 22 45 91 58 24 71 60 52 85 85 60 36 62 100 108 56 76 43 65 75 33 101 63
90 106 90 57 33 58 102 53 73 26 81 62 52 46 48 32 93 47 36 60 72 70 59 68 95 69
67 78 108 75 66 68 62 57 48 43 46 75 43 59 51 119 34 58 47 36 76 78 20 46 34 75
66 28 36 76 44 61 64 73 80 62 55 50 56 66 48 36 49 63 32 93 75 30 130 48 80 41
79 56 51 78 74 70 68 64 49 60 80 112 64 68 46 94 71 56 82 58 64 74 88 41 65 46
70 57 48 45 99 75 75 63 70 66 71 53 58 78 69 69 62 62 58 28 85 13 84 43 73 90
59 105 55 97 23 69 67 66 46 45 22 71 92 4 89 61 66 27 101 60 53 40 53 55 72 58
81 33 96 98 31 35 85 83 65 122 52 21 72 98 35 53 67 50 55 38 41 78 50 82 73 68
67 83 28 60 87 79 63 96 73 72 68 40 62 46 70 87 17 46 72 69 60 56 59 48 63 59
58 22 107 65 37 78 81 24 59 73 47 45 38 65 39 114 38 62 55 50 62 54 82 18 59 97
34 73 83 34 99 64 102 65 66 74 71 70 55 77 60 74 40 66 69 68 40 78 89 43 58 28
47 69 51 52 113 40 62 102 65 52 35 40 48 96 62 66 18 85 92 58 39 68 58 30 55 75
9 69 48 76 70 64 57 66 48 111 37 45 75 58 58 40 96 132 74 51 83 40 98 57 45 44
34 65 60 32 44 67 88 83 80 53 66 62 69 47 36 70 37 41 91 100 38 44 47 63 31 53

13 29 0 0 1 0 20 0 0 0 0 0 4 0 0 0 7 0 0 0 0 19 17 5 32 0
31 0 0 72 2 10 0 0 0 0 0 36 0 0 0 0 5 0 1 0 1 0 8 0 0 0
3 0 20 0 38 0 0 46 0 2 0 0 0 1 0 0 0 0 0 16 0 12 0 5 6 15
0 0 0 12 20 0 5 22 23 9 0 4 0 0 21 0 12 0 8 0 0 0 0 0 0 0
0 0 21 0 0 10 0 12 0 0 0 0 15 0 0 15 37 0 22 0 16 0 0 0 15 0
0 0 0 0 34 0 0 4 0 0 25 10 6 0 0 0 0 0 0 0 7 0 0 55 0 0
0 0 0 0 0 0 13 0 0 0 0 1 0 0 0 13 12 0 0 0 25 5 24 0 9 0
9 0 0 0 0 0 0 0 0 0 13 0 0 28 36 0 14 0 20 1 0 0 0 0 3 0
0 0 6 0 29 0 0 0 0 0 0 10 0 0 0 0 0 0 0 0 21 0 0 3 0 8
0 0 28 22 0 35 0 10 0 0 19 0 0 0 0 0 11 0 0 0 0 0 0 10 0 0
6 0 19 0 8 0 0 0 26 1 34 0 0 15 4 5 12 0 0 4 19 27 8 0 0 0
0 0 0 0 0 0 0 35 0 12 0 0 3 0 0 15 0 0 10 5 0 0 0 0 0 21
20 0 0 11 12 20 30 0 6 0 0 0 0 0 0 0 0 4 0 0 0 17 21 7 0 21
0 0 11 0 0 11 0 0 0 0 0 0 0 0 0 0 29 3 0 0 0 5 8 0 0 0
0 30 55 0 10 0 0 12 0 0 0 0 0 0 0 0 41 0 27 0 0 0 0 0 8 0
11 8 7 0 0 0 0 28 0 38 4 0 0 29 20 0 0 0 0 0 0 0 0 0 0 0
0 0 0 0 0 1 0 2 0 2 0 0 0 0 19 3 0 15 8 0 15 0 0 13 0 0
0 0 0 0 0 0 4 0 0 28 7 0 0 18 0 0 13 10 0 0 0 0 7 0 0 16
0 5 20 0 0 0 15 6 0 11 7 4 0 0 36 0 0 22 10 0 0 0 16 0 25 25
0 0 8 0 0 45 0 0 0 0 0 0 0 0 0 0 0 0 0 1 0 28 10 0 8 0
16 0 0 0 3 0 13 0 1 14 0 28 13 25 0 0 60 0 35 0 0 13 0 2 0 0
0 0 9 0 0 10 0 11 0 0 8 9 0 0 10 0 8 34 0 0 18 0 0 21 0 0
0 0 0 0 0 8 0 0 0 0 11 0 0 6 2 9 0 8 12 0 8 0 0 19 0 0
19 9 0 0 0 0 19 0 0 0 1 7 0 0 0 0 0 0 11 0 15 0 6 7 33 26
16 0 7 0 0 21 0 18 0 26 16 0 0 0 21 0 14 0 0 0 37 0 17 0 29 14
0 0 26 0 5 0 3 32 9 0 0 18 0 0 1 17 0 34 0 0 0 0 9 2 0 0

259 246 233 311 267 329 303 264 258 272 260 313 278 308 286 285 238 229 272 291 311 277 251 234 267 241
242 219 238 325 282 314 283 261 256 276 344 312 250 259 286 279 209 280 326 275 271 323 285 249 275 249
258 244 264 279 220 250 236 244 253 249 275 239 291 311 260 241 288 253 265 249 282 293 293 272 266 320
267 270 211 270 304 176 281 244 277 249 255 285 324 257 245 280 256 187 284 262 300 246 347 316 263 268
284 276 266 284 336 242 281 253 279 265 246 240 255 219 212 239 238 260 296 222 292 247 300 322 305 275
310 259 250 352 300 262 278 278 241 258 302 302 263 246 265 303 273 307 280 293 247 271 271 284 257 244
283 249 301 321 280 241 232 293 307 337 277 290 301 208 249 258 293 328 267 220 320 308 258 325 298 238
289 286 360 374 264 294 234 272 278 336 279 317 336 271 300 300 266 311 323 277 270 318 265 321 281 291
263 291 251 258 216 245 262 287 308 317 233 311 265 280 299 320 278 243 268 248 261 294 270 276 255 286
271 275 306 313 286 320 304 284 292 307 287 283 259 293 310 291 235 230 238 295 265 271 283 367 311 308
286 323 290 312 283 269 303 251 287 203 320 267 286 249 270 279 187 220 299 264 297 298 316 326 263 325
378 344 358 307 251 212 238 231 232 338 258 319 309 232 320 304 237 266 259 290 294 288 293 249 287 274
337 233 269 308 275 257 312 281 303 301 264 382 294 283 325 295 308 308 288 306 338 233 284 262 319 260
329 301 280 326 299 278 232 291 288 248 199 298 285 291 319 235 263 322 303 287 293 273 281 248 298 329
306 298 290 248 278 241 224 258 202 236 247 236 227 293 261 278 212 244 288 211 280 287 257 239 285 255
300 285 292 251 251 260 270 223 231 227 184 206 246 276 271 245 241 276 269 250 271 309 296 347 312 263
279 274 316 243 248 257 283 336 277 304 220 260 295 281 289 288 304 231 261 221 208 280 277 298 215 258
245 264 295 286 272 251 306 303 312 344 225 265 278 294 280 292 293 271 218 234 268 311 337 302 231 255
271 296 272 290 311 289 251 257 272 370 305 253 265 273 279 238 328 259 241 324 287 315 289 245 245 342
298 267 240 265 310 337 295 292 307 335 277 307 269 261 201 194 238 190 278 351 232 245 269 272 311 328
282 242 242 303 321 278 266 311 298 232 229 235 307 272 282 272 307 237 258 227 226 236 262 314 322 315
250 290 287 256 292 288 253 292 224 240 247 277 251 284 291 253 287 246 228 231 332 228 370 323 292 286
260 262 259 228 276 271 294 309 249 282 335 190 280 283 241 271 295 264 266 303 306 216 319 286 261 264
333 263 274 323 334 286 302 275 310 310 286 220 221 237 293 280 256 298 294 305 271 239 315 268 246 297
329 274 271 315 291 324 230 294 321 262 269 226 324 228 301 213 241 210 317 264 318 306 288 301 282 257
247 287 299 267 249 177 240 271 293 237 288 226 258 219 241 240 254 254 255 225 319 254 268 275 295 291

0 0 0 0 0 0 0 0 0 0 0 0 0 0 0 0 0 0 0 0 0 0 0 0 0 0
0 0 0 0 0 0 0 0 0 0 0 0 0 0 0 0 0 0 0 0 0 0 0 0 0 0
0 0 0 0 0 0 0 0 0 0 0 0 0 0 0 0 0 0 0 0 0 0 0 0 0 0
0 0 0 0 0 0 0 0 0 0 0 0 0 0 0 0 0 0 0 0 0 0 0 0 0 0
0 0 0 0 0 0 0 0 0 0 0 0 0 0 0 0 0 0 0 0 0 0 0 0 0 0
0 0 0 0 0 0 0 0 0 0 0 0 0 0 0 0 0 0 0 0 0 0 0 0 0 0
0 0 0 0 0 0 0 0 0 0 0 0 0 0 0 0 0 0 0 0 0 0 0 0 0 0
0 0 0 0 0 0 0 0 0 0 0 0 0 0 0 0 0 0 0 0 0 0 0 0 0 0
0 0 0 0 0 0 0 0 0 0 0 0 0 0 0 0 0 0 0 0 0 0 0 0 0 0
0 0 0 0 0 0 0 0 0 0 0 0 0 0 0 0 0 0 0 0 0 0 0 0 0 0
0 0 0 0 0 0 0 0 0 0 0 0 0 0 0 0 0 0 0 0 0 0 0 0 0 0
0 0 0 0 0 0 0 0 0 0 0 0 0 0 0 0 0 0 0 0 0 0 0 0 0 0
0 0 0 0 0 0 0 0 0 0 0 0 0 0 0 0 0 0 0 0 0 0 0 0 0 0
0 0 0 0 0 0 0 0 0 0 0 0 0 0 0 0 0 0 0 0 0 0 0 0 0 0
0 0 0 0 0 0 0 0 0 0 0 0 0 0 0 0 0 0 0 0 0 0 0 0 0 0
0 0 0 0 0 0 0 0 0 0 0 0 0 0 0 0 0 0 0 0 0 0 0 0 0 0
0 0 0 0 0 0 0 0 0 0 0 0 0 0 0 0 0 0 0 0 0 0 0 0 0 0
0 0 0 0 0 0 0 0 0 0 0 0 0 0 0 0 0 0 0 0 0 0 0 0 0 0
0 0 0 0 0 0 0 0 0 0 0 0 0 0 0 0 0 0 0 0 0 0 0 0 0 0
0 0 0 0 0 0 0 0 0 0 0 0 0 0 0 0 0 0 0 0 0 0 0 0 0 0
0 0 0 0 0 0 0 0 0 0 0 0 0 0 0 0 0 0 0 0 0 0 0 0 0 0
0 0 0 0 0 0 0 0 0 0 0 0 0 0 0 0 0 0 0 0 0 0 0 0 0 0
0 0 0 0 0 0 0 0 0 0 0 0 0 0 0 0 0 0 0 0 0 0 0 0 0 0
0 0 0 0 0 0 0 0 0 0 0 0 0 0 0 0 0 0 0 0 0 0 0 0 0 0
0 0 0 0 0 0 0 0 0 0 0 0 0 0 0 0 0 0 0 0 0 0 0 0 0 0
0 0 0 0 0 0 0 0 0 0 0 0 0 0 0 0 0 0 0 0 0 0 0 0 0 0

86 74 96 124 92 82 86 124 59 136 103 99 124 81 138 66 65 104 112 111 94 78 92 63 97 99
104 114 112 111 62 157 100 122 69 110 147 50 134 108 133 71 110 108 96 97 76 127 72 96 100 109
87 96 79 116 49 83 88 90 107 83 127 100 90 69 94 89 116 74 122 87 104 115 118 110 102 92
79 62 123 76 45 96 134 124 95 114 86 82 121 63 114 86 60 115 89 49 88 90 100 104 98 86
129 101 80 141 97 92 97 125 94 74 103 72 110 111 83 126 72 113 100 106 70 117 132 106 114 86
110 44 160 105 85 113 125 112 67 124 104 116 113 57 90 76 129 96 132 89 64 107 100 93 81 104
112 109 112 62 83 106 85 87 162 72 112 89 120 82 112 60 88 67 109 95 125 92 84 145 98 107
124 85 136 51 115 88 138 96 131 54 92 97 80 117 132 119 93 112 123 63 114 59 112 127 71 102
96 136 148 90 64 110 97 76 126 87 142 77 82 105 68 95 79 88 70 89 118 110 94 85 74 112
111 171 74 88 72 129 81 137 113 71 143 79 119 102 87 91 101 79 96 105 110 75 146 115 107 112
78 99 70 132 99 106 114 80 80 72 82 104 102 101 115 77 69 95 129 89 88 103 107 76 131 107
117 123 105 118 67 80 63 88 122 97 70 95 94 104 135 81 97 79 86 112 91 77 116 110 105 114
101 75 110 97 79 123 110 84 125 89 152 174 102 126 120 87 149 161 132 96 84 116 100 75 140 80
78 116 110 93 94 51 108 109 109 84 79 121 99 86 72 92 95 75 93 114 105 68 79 65 89 96
98 110 83 113 113 75 108 142 103 91 101 69 90 87 92 127 66 118 89 105 60 101 109 102 101 91
96 67 73 101 127 130 54 79 84 65 61 85 111 99 78 90 129 89 112 110 114 120 136 80 75 93
125 108 88 81 94 73 107 109 86 58 84 115 93 110 108 99 78 87 77 113 94 100 106 106 117 89
124 140 125 110 98 92 108 140 86 76 63 88 114 83 128 78 132 83 123 88 120 105 87 106 99 124
95 112 118 124 81 97 85 121 117 162 99 118 95 85 69 110 97 89 74 122 126 87 71 73 106 102
119 96 109 101 89 94 120 97 134 96 111 93 100 66 40 86 119 73 104 91 112 130 81 107 125 188
91 85 83 134 117 114 76 90 122 58 131 88 77 103 83 138 71 119 92 104 90 74 103 103 98 103
86 123 101 120 87 108 127 60 63 82 112 108 70 100 71 118 87 73 93 103 93 100 116 109 82 97
59 63 87 114 139 94 132 91 125 88 135 66 133 102 84 125 91 72 97 92 70 99 105 122 109 88
117 81 146 112 109 85 93 130 122 87 75 68 95 90 91 76 112 104 110 97 138 132 100 65 86 138
68 99 96 107 99 64 126 119 94 63 88 91 108 108 64 56 86 81 151 85 116 108 75 108 55 57
107 129 70 109 80 75 84 79 117 103 73 101 85 111 77 94 93 86 114 97 99 54 76 119 115 100

0 0 0 0 0 0 0 0 0 0 0 0 0 0 0 0 0 0 0 0 0 0 0 0 0 0
0 0 0 0 0 0 0 0 0 0 0 0 0 0 0 0 0 0 0 0 0 0 0 0 0 0
0 0 0 0 0 0 0 0 0 0 0 0 0 0 0 0 0 0 0 0 0 0 0 0 0 0
0 0 0 0 0 0 0 0 0 0 0 0 0 0 0 0 0 0 0 0 0 0 0 0 0 0
0 0 0 0 0 0 0 0 0 0 0 0 0 0 0 0 0 0 0 0 0 0 0 0 0 0
0 0 0 0 0 0 0 0 0 0 0 0 0 0 0 0 0 0 0 0 0 0 0 0 0 0
0 0 0 0 0 0 0 0 0 0 0 0 0 0 0 0 0 0 0 0 0 0 0 0 0 0
0 0 0 0 0 0 0 0 0 0 0 0 0 0 0 0 0 0 0 0 0 0 0 0 0 0
0 0 0 0 0 0 0 0 0 0 0 0 0 0 0 0 0 0 0 0 0 0 0 0 0 0
0 0 0 0 0 0 0 0 0 0 0 0 0 0 0 0 0 0 0 0 0 0 0 0 0 0
0 0 0 0 0 0 0 0 0 0 0 0 0 0 0 0 0 0 0 0 0 0 0 0 0 0
0 0 0 0 0 0 0 0 0 0 0 0 0 0 0 0 0 0 0 0 0 0 0 0 0 0
0 0 0 0 0 0 0 0 0 0 0 0 0 0 0 0 0 0 0 0 0 0 0 0 0 0
0 0 0 0 0 0 0 0 0 0 0 0 0 0 0 0 0 0 0 0 0 0 0 0 0 0
0 0 0 0 0 0 0 0 0 0 0 0 0 0 0 0 0 0 0 0 0 0 0 0 0 0
0 0 0 0 0 0 0 0 0 0 0 0 0 0 0 0 0 0 0 0 0 0 0 0 0 0
0 0 0 0 0 0 0 0 0 0 0 0 0 0 0 0 0 0 0 0 0 0 0 0 0 0
0 0 0 0 0 0 0 0 0 0 0 0 0 0 0 0 0 0 0 0 0 0 0 0 0 0
0 0 0 0 0 0 0 0 0 0 0 0 0 0 0 0 0 0 0 0 0 0 0 0 0 0
0 0 0 0 0 0 0 0 0 0 0 0 0 0 0 0 0 0 0 0 0 0 0 0 0 0
0 0 0 0 0 0 0 0 0 0 0 0 0 0 0 0 0 0 0 0 0 0 0 0 0 0
0 0 0 0 0 0 0 0 0 0 0 0 0 0 0 0 0 0 0 0 0 0 0 0 0 0
0 0 0 0 0 0 0 0 0 0 0 0 0 0 0 0 0 0 0 0 0 0 0 0 0 0
0 0 0 0 0 0 0 0 0 0 0 0 0 0 0 0 0 0 0 0 0 0 0 0 0 0
0 0 0 0 0 0 0 0 0 0 0 0 0 0 0 0 0 0 0 0 0 0 0 0 0 0
0 0 0 0 0 0 0 0 0 0 0 0 0 0 0 0 0 0 0 0 0 0 0 0 0 0

