0000000000000000000000000000000000000000000000000000000000000000 0000000000000000000000000000000000000000000000000000000000000000 0000000000000000000000000000000000000000000000000000000000000000
0000000000000000000000000000000000000000000000000000000000000000 0000000000000000000000000000000000000000000000000000000000000000 0000000000000000000000000000000000000000000000000000000000000000
0000000000000000000000000000000000000000000000000000000000000000 0000000000000000000000000000000000000000000000000000000000000000 0000000000000000000000000000000000000000000000000000000000000000
0000000000000000000000000000000000000000000000000011101110010000 0000000000000000000000000000000000000000000000000011001111101000 0000000000000000000000000000000000000000000000000011001111101000
0000000000000000000000000000000000000000000000000100010100110110 0000000000000000000000000000000000000000000000000011001111101000 0000000000000000000000000000000000000000000000000011001111101000
0000000000000000000000000000000000000000000000000100010100110110 0000000000000000000000000000000000000000000000000010110011011010 0000000000000000000000000000000000000000000000000010110011011010
0000000000000000000000000000000000000000000000000000000000000000 0000000000000000000000000000000000000000000000000000000000000000 0000000000000000000000000000000000000000000000000000000000000000
0000000000000000000000000000000000000000000000000000000000000000 0000000000000000000000000000000000000000000000000000000000000000 0000000000000000000000000000000000000000000000000000000000000000
0000000000000000000000000000000000000000000000000000000000000000 0000000000000000000000000000000000000000000000000000000000000000 0000000000000000000000000000000000000000000000000000000000000000
0000000000000000000000000000000000000000000000000000000000000000 0000000000000000000000000000000000000000000000000000000000000000 0000000000000000000000000000000000000000000000000000000000000000
0000000000000000000000000000000000000000000000000000000000000000 0000000000000000000000000000000000000000000000000000000000000000 0000000000000000000000000000000000000000000000000000000000000000
0000000000000000000000000000000000000000000000000000000000000000 0000000000000000000000000000000000000000000000000000000000000000 0000000000000000000000000000000000000000000000000000000000000000
0000000000000000000000000000000000000000000000000000000000000000 0000000000000000000000000000000000000000000000000000000000000000 0000000000000000000000000000000000000000000000000000000000000000
0000000000000000000000000000000000000000000000000000000000000000 0000000000000000000000000000000000000000000000000000000000000000 0000000000000000000000000000000000000000000000000000000000000000
0000000000000000000000000000000000000000000000000000000000000000 0000000000000000000000000000000000000000000000000000000000000000 0000000000000000000000000000000000000000000000000000000000000000
0000000000000000000000000000000000000000000000000111011110110001 0000000000000000000000000000000000000000000000000110100110101110 0000000000000000000000000000000000000000000000000110001111011011
0000000000000000000000000000000000000000000000000111011110110001 0000000000000000000000000000000000000000000000000110101010111000 0000000000000000000000000000000000000000000000000110001111011011
0000000000000000000000000000000000000000000000000111000100000111 0000000000000000000000000000000000000000000000000110101010111000 0000000000000000000000000000000000000000000000000101110000110101
0000000000000000000000000000000000000000000000001011000101000010 0000000000000000000000000000000000000000000000001010111001001001 0000000000000000000000000000000000000000000000001001110100010100
0000000000000000000000000000000000000000000000001010111101110110 0000000000000000000000000000000000000000000000001010001011000100 0000000000000000000000000000000000000000000000001010000011111110
0000000000000000000000000000000000000000000000001010111101110110 0000000000000000000000000000000000000000000000001010000011111110 0000000000000000000000000000000000000000000000001010000011111110
0000000000000000000000000000000000000000000000001010000111000001 0000000000000000000000000000000000000000000000001010000111000001 0000000000000000000000000000000000000000000000001001000000001111
0000000000000000000000000000000000000000000000001001100100101111 0000000000000000000000000000000000000000000000001000111100100001 0000000000000000000000000000000000000000000000001000111100100001
0000000000000000000000000000000000000000000000001001100100101111 0000000000000000000000000000000000000000000000001000011100110010 0000000000000000000000000000000000000000000000001000011100110010
0000000000000000000000000000000000000000000000000000000000000000 0000000000000000000000000000000000000000000000000000000000000000 0000000000000000000000000000000000000000000000000000000000000000
0000000000000000000000000000000000000000000000000000000000000000 0000000000000000000000000000000000000000000000000000000000000000 0000000000000000000000000000000000000000000000000000000000000000
0000000000000000000000000000000000000000000000000000000000000000 0000000000000000000000000000000000000000000000000000000000000000 0000000000000000000000000000000000000000000000000000000000000000
0000000000000000000000000000000000000000000000000000101000101110 0000000000000000000000000000000000000000000000000000000100111000 0000000000000000000000000000000000000000000000000000000100111000
0000000000000000000000000000000000000000000000000000101000101110 0000000000000000000000000000000000000000000000000000011000000011 0000000000000000000000000000000000000000000000000000000000000000
0000000000000000000000000000000000000000000000000000011000000011 0000000000000000000000000000000000000000000000000000011000000011 0000000000000000000000000000000000000000000000000000000000000000
0000000000000000000000000000000000000000000000000000000000000000 0000000000000000000000000000000000000000000000000000000000000000 0000000000000000000000000000000000000000000000000000000000000000
0000000000000000000000000000000000000000000000000000000000000000 0000000000000000000000000000000000000000000000000000000000000000 0000000000000000000000000000000000000000000000000000000000000000
0000000000000000000000000000000000000000000000000000000000000000 0000000000000000000000000000000000000000000000000000000000000000 0000000000000000000000000000000000000000000000000000000000000000
0000000000000000000000000000000000000000000000000000000000000000 0000000000000000000000000000000000000000000000000000000000000000 0000000000000000000000000000000000000000000000000000000000000000
0000000000000000000000000000000000000000000000000000000000000000 0000000000000000000000000000000000000000000000000000000000000000 0000000000000000000000000000000000000000000000000000000000000000
0000000000000000000000000000000000000000000000000000000000000000 0000000000000000000000000000000000000000000000000000000000000000 0000000000000000000000000000000000000000000000000000000000000000
0000000000000000000000000000000000000000000000000101101101000001 0000000000000000000000000000000000000000000000000110001101011010 0000000000000000000000000000000000000000000000000110001101011010
0000000000000000000000000000000000000000000000000101101101000001 0000000000000000000000000000000000000000000000000110001101011010 0000000000000000000000000000000000000000000000000110001101011010
0000000000000000000000000000000000000000000000000101100001011110 0000000000000000000000000000000000000000000000000101001111000000 0000000000000000000000000000000000000000000000000101001111000000
0000000000000000000000000000000000000000000000000001111001011110 0000000000000000000000000000000000000000000000000001111001011110 0000000000000000000000000000000000000000000000000001000100011000
0000000000000000000000000000000000000000000000000001111001011110 0000000000000000000000000000000000000000000000000001111001011110 0000000000000000000000000000000000000000000000000000100110010100
0000000000000000000000000000000000000000000000000001010011100011 0000000000000000000000000000000000000000000000000001010011100011 0000000000000000000000000000000000000000000000000000011000011110
0000000000000000000000000000000000000000000000000000000000000000 0000000000000000000000000000000000000000000000000000000000000000 0000000000000000000000000000000000000000000000000000000000000000
0000000000000000000000000000000000000000000000000000000000000000 0000000000000000000000000000000000000000000000000000000000000000 0000000000000000000000000000000000000000000000000000000000000000
0000000000000000000000000000000000000000000000000000000000000000 0000000000000000000000000000000000000000000000000000000000000000 0000000000000000000000000000000000000000000000000000000000000000
0000000000000000000000000000000000000000000000001001100100111000 0000000000000000000000000000000000000000000000001001010010111111 0000000000000000000000000000000000000000000000001001000001110100
0000000000000000000000000000000000000000000000001001101001101010 0000000000000000000000000000000000000000000000001001001101111101 0000000000000000000000000000000000000000000000001001000001110100
0000000000000000000000000000000000000000000000001001101001101010 0000000000000000000000000000000000000000000000001001001101111101 0000000000000000000000000000000000000000000000001000101001000100
