0 0 0
0 0 0
0 0 0

15248 11748 12666
13895 10837 13288
17718 7121 11482

0 0 0
0 0 0
0 0 0

0 0 0
0 0 0
0 0 0

0 0 0
0 0 0
0 0 0

19604 24312 24481
30641 27054 25563
28935 27320 23605

45378 44617 40212
42915 41668 39361
44918 39529 41214

39072 41409 36879
35579 36585 36641
39215 34246 34610

0 0 0
0 0 0
0 0 0

0 0 312
2606 232 0
0 1539 0

0 0 0
0 0 0
0 0 0

0 0 0
0 0 0
0 0 0

20876 22940 18767
23361 22799 25434
22622 21188 21440

5288 3621 4376
3299 7774 2452
2533 5347 1566

0 0 0
0 0 0
0 0 0

39224 38079 35646
38043 34396 36980
39530 37757 35396

