0 0 0 
0 0 0 
0 0 0 

15248 13288 13288 
17718 13288 13288 
17718 11482 11482 

0 0 0 
0 0 0 
0 0 0 

0 0 0 
0 0 0 
0 0 0 

0 0 0 
0 0 0 
0 0 0 

30641 27054 25563 
30641 27320 25563 
28935 27320 23605 

45378 44617 40212 
44918 41668 41214 
44918 41214 41214 

41409 41409 36879 
39215 36641 36641 
39215 34610 34610 

0 0 0 
0 0 0 
0 0 0 

2606 312 312 
2606 1539 0 
1539 1539 0 

0 0 0 
0 0 0 
0 0 0 

0 0 0 
0 0 0 
0 0 0 

23361 25434 25434 
23361 25434 25434 
22622 21440 21440 

7774 7774 4376 
7774 7774 2452 
5347 5347 1566 

0 0 0 
0 0 0 
0 0 0 

39224 38079 36980 
39530 37757 36980 
39530 37757 35396 

